byte offset: 0
first index: 0
index count: 9954
topology: trianglelist
format: DXGI_FORMAT_R16_UINT

0 1 2
0 2 3
4 5 6
4 6 7
5 8 2
5 2 6
2 1 9
2 9 6
1 10 11
1 11 9
12 13 9
12 9 11
13 7 6
13 6 9
14 15 13
14 13 12
15 16 7
15 7 13
17 16 15
17 15 18
14 19 18
14 18 15
14 20 21
14 21 19
20 14 12
20 12 22
20 23 24
20 24 21
23 20 22
23 22 25
26 27 17
26 17 28
17 18 29
17 29 28
19 21 30
19 30 31
32 16 17
32 17 27
32 4 7
32 7 16
10 33 34
10 34 11
22 12 11
22 11 34
22 34 35
22 35 25
34 33 36
34 36 35
37 38 39
37 39 36
40 35 36
40 36 39
40 41 25
40 25 35
33 42 37
33 37 36
42 33 10
42 10 43
43 10 1
43 1 0
44 24 23
44 23 45
25 41 45
25 45 23
44 46 47
44 47 24
30 21 24
30 24 47
48 49 50
48 50 51
52 53 54
52 54 55
56 55 54
56 54 57
49 48 58
49 58 59
60 61 62
60 62 63
51 50 63
51 63 62
54 64 65
54 65 57
64 66 67
64 67 65
60 63 65
60 65 67
63 50 57
63 57 65
68 67 66
68 66 69
70 71 72
70 72 73
61 60 74
61 74 75
76 77 78
76 78 79
80 81 82
80 82 83
81 84 85
81 85 82
86 87 88
86 88 89
90 83 89
90 89 88
90 91 80
90 80 83
86 89 92
86 92 93
89 83 82
89 82 92
85 94 92
85 92 82
94 95 93
94 93 92
85 96 97
85 97 94
98 99 97
98 97 100
100 77 76
100 76 101
98 100 101
98 101 102
99 98 103
99 103 104
105 106 103
105 103 107
108 66 64
108 64 109
54 53 109
54 109 64
108 104 69
108 69 66
110 59 58
110 58 111
88 112 113
88 113 90
52 87 86
52 86 53
108 109 93
108 93 95
109 53 86
109 86 93
32 48 51
32 51 4
48 32 27
48 27 58
61 8 5
61 5 62
4 51 62
4 62 5
114 115 116
114 116 75
58 27 26
58 26 111
117 118 119
117 119 120
121 122 123
121 123 124
125 126 127
125 127 128
129 130 131
129 131 132
133 134 135
136 137 138
139 31 30
139 30 140
141 142 143
139 144 145
146 137 147
31 139 145
31 145 148
149 150 151
149 151 152
127 126 153
127 153 154
155 156 157
158 159 160
158 160 156
161 162 163
161 163 164
153 165 166
153 166 154
125 149 152
125 152 167
132 168 169
132 169 170
171 172 173
171 174 175
176 177 178
179 180 181
182 183 181
182 181 180
91 90 113
91 113 184
185 186 28
185 28 29
187 188 111
187 111 26
140 30 47
140 47 147
189 190 118
189 118 117
191 192 193
191 193 194
194 193 195
194 195 196
188 197 110
188 110 111
198 199 159
198 159 158
161 164 200
161 200 201
201 202 59
201 59 110
203 112 88
203 88 87
203 87 52
203 52 204
204 52 55
204 55 205
56 206 205
56 205 55
207 206 59
207 59 202
208 207 202
208 202 209
210 211 212
210 212 213
212 166 165
212 165 214
202 201 200
202 200 209
215 213 216
215 216 217
218 219 165
218 165 153
186 187 26
186 26 28
220 221 222
220 222 223
221 224 225
221 225 222
224 226 227
224 227 225
227 226 228
227 228 229
205 206 207
205 207 230
230 223 204
230 204 205
223 222 203
223 203 204
222 225 112
222 112 203
225 227 113
225 113 112
227 229 184
227 184 113
231 232 122
231 122 121
233 234 134
233 134 133
235 236 237
235 237 238
239 240 124
239 124 123
135 134 241
135 241 242
119 236 235
119 235 120
149 243 244
149 244 150
149 125 128
149 128 243
150 244 245
150 245 246
150 246 247
150 247 151
196 195 248
196 248 249
250 196 249
250 249 251
232 233 133
232 133 122
122 133 135
122 135 123
239 123 135
239 135 242
252 240 239
252 239 250
253 218 153
253 153 126
165 219 254
165 254 214
254 216 214
216 254 198
216 198 217
198 158 255
198 255 217
158 156 256
158 256 255
157 257 258
157 258 259
188 260 261
188 261 197
262 260 263
262 263 264
264 263 265
264 265 266
266 265 267
266 267 268
269 270 268
269 268 267
271 261 260
271 260 262
272 273 274
272 274 275
274 276 277
274 277 275
277 276 278
277 278 279
280 163 162
280 162 281
162 261 271
162 271 281
256 156 155
155 157 259
142 144 282
49 59 206
49 206 56
49 56 57
49 57 50
115 114 283
115 283 284
116 2 8
3 115 284
3 284 285
213 212 214
213 214 216
253 286 287
253 287 218
288 219 218
288 218 287
250 251 252
178 175 174
282 289 290
163 280 291
163 291 292
164 163 292
164 292 293
200 164 293
200 293 294
209 200 294
209 294 211
217 255 295
217 295 215
296 295 255
296 255 256
155 259 297
155 297 298
259 258 299
259 299 297
213 215 300
213 300 210
215 295 301
215 301 300
295 296 302
295 302 301
296 298 303
296 303 302
303 298 297
303 297 304
304 297 299
304 299 305
208 209 211
208 211 210
306 208 210
306 210 300
220 306 300
220 300 301
221 220 301
221 301 302
224 221 302
224 302 303
226 224 303
226 303 304
228 226 304
228 304 305
307 280 281
207 208 306
207 306 230
306 220 223
306 223 230
245 244 308
245 308 309
244 243 310
244 310 308
310 243 128
310 128 291
128 127 292
128 292 291
292 127 154
292 154 293
294 293 154
294 154 166
211 294 166
211 166 212
147 47 46
147 46 146
273 145 311
273 311 274
192 191 118
192 118 190
242 241 312
241 134 236
241 236 119
134 234 237
134 237 236
313 192 314
313 314 173
248 195 315
248 315 316
315 195 193
315 193 313
313 193 192
132 170 317
132 317 129
246 130 129
246 129 247
245 309 318
245 318 182
177 176 180
177 180 179
319 320 141
273 269 148
273 148 145
148 269 267
148 267 185
186 185 267
186 267 265
186 265 263
186 263 187
187 263 260
187 260 188
321 281 271
197 261 162
197 162 161
29 31 148
29 148 185
19 31 29
19 29 18
0 322 323
0 323 43
3 285 322
3 322 0
250 239 242
250 242 312
324 169 168
324 168 325
142 320 311
320 276 274
320 274 311
273 272 270
273 270 269
167 152 326
167 326 327
152 151 328
152 328 326
253 167 327
253 327 286
151 247 329
151 329 328
247 129 317
247 317 329
246 245 182
246 182 130
182 180 131
182 131 130
330 131 180
330 180 176
331 332 324
331 324 325
332 331 333
332 333 334
168 132 131
168 131 330
333 331 335
333 335 314
331 325 336
331 336 335
325 168 330
325 330 336
337 174 171
336 330 176
336 176 174
338 339 340
338 340 341
342 343 344
342 344 345
346 270 272
346 272 347
348 252 251
348 251 349
124 350 351
124 351 121
352 353 339
352 339 338
354 352 338
354 338 355
356 357 358
356 358 355
359 360 361
264 362 363
264 363 262
268 364 365
268 365 266
366 307 321
367 368 369
277 279 370
277 370 358
341 356 355
341 355 338
371 356 341
371 341 372
373 374 375
373 375 376
377 378 379
377 379 380
124 240 381
124 381 350
341 340 382
341 382 372
383 384 342
383 342 345
385 386 387
385 387 388
251 249 389
251 389 349
390 391 392
390 392 393
389 249 248
389 248 394
395 396 384
395 384 383
397 398 399
397 399 400
401 402 378
401 378 403
362 264 266
362 266 365
231 121 351
231 351 404
364 268 270
364 270 346
405 406 407
405 407 408
240 252 348
240 348 381
369 368 309
369 309 308
409 410 411
409 411 412
410 413 414
410 414 411
415 414 413
415 413 416
417 418 419
350 418 420
350 420 351
404 351 420
404 420 421
280 307 310
280 310 291
307 369 308
307 308 310
422 392 391
422 391 423
424 175 393
424 393 392
425 409 412
425 412 426
422 394 248
422 248 316
427 428 429
427 429 430
119 118 191
119 191 241
339 353 421
339 421 420
418 417 382
418 382 340
340 339 420
340 420 418
431 432 433
431 433 434
435 436 437
435 437 438
407 439 435
407 435 408
440 441 442
440 442 443
440 443 374
440 374 373
400 444 445
400 445 397
446 447 448
446 448 449
449 450 451
449 451 446
367 446 451
367 451 452
453 369 307
454 455 437
454 437 456
372 382 457
372 457 455
371 372 455
371 455 454
346 458 441
346 441 440
346 440 373
346 373 364
381 419 418
381 418 350
414 415 348
414 348 349
349 389 411
349 411 414
389 394 412
389 412 411
426 412 394
426 394 422
415 419 381
415 381 348
416 459 419
416 419 415
460 461 459
460 459 416
183 462 463
183 463 181
368 464 318
368 318 309
177 390 393
177 393 178
427 430 465
427 465 425
466 428 467
466 467 463
466 433 429
466 429 428
463 467 179
463 179 181
365 364 373
365 373 376
362 365 376
362 376 468
363 362 468
363 468 469
359 271 262
359 262 363
460 470 345
460 345 344
403 471 472
403 472 401
473 469 468
473 468 474
345 470 475
345 475 383
395 476 465
395 465 386
477 478 479
477 479 480
360 481 482
468 376 375
468 375 474
483 461 405
483 405 408
430 429 484
430 484 387
436 435 439
436 439 485
457 486 483
457 483 438
487 488 489
487 489 490
472 471 487
472 487 490
366 361 491
492 449 448
492 448 493
449 492 494
449 494 450
495 436 485
495 485 496
406 405 344
406 344 343
387 484 497
387 497 388
484 432 498
484 498 497
201 110 197
201 197 161
469 360 359
469 359 363
469 473 481
469 481 360
499 399 398
499 398 377
366 491 447
446 367 453
446 453 447
445 444 493
445 493 448
275 357 347
275 347 272
423 427 425
423 425 426
357 275 277
357 277 358
358 370 354
358 354 355
357 356 371
357 371 347
347 371 458
347 458 346
374 471 403
374 403 375
455 457 438
455 438 437
495 488 442
495 442 456
443 487 471
443 471 374
436 495 456
436 456 437
344 405 461
344 461 460
430 387 386
430 386 465
432 484 429
432 429 433
416 413 470
416 470 460
378 377 473
378 473 474
470 413 410
470 410 475
476 409 425
476 425 465
475 410 409
475 409 476
398 397 482
398 482 481
403 378 474
403 474 375
486 459 461
486 461 483
390 177 179
390 179 467
408 435 438
408 438 483
397 445 491
397 491 482
473 377 398
473 398 481
445 448 447
445 447 491
175 178 393
434 433 466
434 466 500
501 498 432
501 432 431
459 486 417
459 417 419
486 457 382
486 382 417
424 172 171
424 171 175
278 276 320
278 320 319
256 155 298
256 298 296
84 502 96
84 96 85
143 282 503
37 504 505
37 505 38
42 506 504
42 504 37
43 323 506
43 506 42
106 105 71
106 71 70
102 107 103
102 103 98
72 283 114
72 114 73
507 508 509
507 509 510
511 199 198
511 198 254
254 219 288
254 288 511
392 422 316
392 316 424
422 423 426
314 192 190
314 190 333
172 315 313
172 313 173
424 316 315
424 315 172
333 190 189
333 189 334
391 428 427
391 427 423
391 390 467
391 467 428
335 336 174
335 174 337
173 314 335
173 335 337
167 253 126
167 126 125
157 512 513
157 513 257
73 74 68
73 68 70
500 466 463
500 463 462
488 495 496
488 496 489
488 487 443
488 443 442
458 371 454
458 454 441
441 454 456
441 456 442
241 191 194
241 194 312
464 368 367
464 367 452
312 194 196
312 196 250
140 289 139
147 136 140
452 500 462
452 462 464
494 501 431
494 431 450
451 434 500
451 500 452
318 464 462
318 462 183
450 431 434
450 434 451
182 318 183
156 160 512
156 512 157
514 515 516
514 516 517
518 519 520
518 520 521
522 523 524
522 524 525
526 527 515
526 515 514
528 529 519
528 519 518
530 531 532
530 532 533
517 516 534
517 534 535
536 537 538
536 538 539
535 534 529
535 529 528
540 541 527
540 527 526
542 543 541
542 541 540
525 524 537
525 537 536
521 520 544
521 544 545
539 538 531
539 531 530
143 142 282
503 290 138
503 282 290
178 174 176
337 171 173
282 144 289
290 289 136
142 311 144
145 144 311
139 289 144
136 138 290
147 137 136
140 136 289
141 320 142
546 547 543
546 543 542
548 549 550
548 550 551
552 553 554
552 554 555
555 554 550
555 550 556
550 554 557
550 557 551
551 557 558
551 558 559
560 558 557
560 557 561
561 557 554
561 554 553
562 560 561
562 561 563
563 561 553
563 553 564
565 566 563
565 563 564
562 563 566
562 566 567
562 567 568
562 568 569
569 570 560
569 560 562
569 568 571
569 571 572
572 573 570
572 570 569
574 575 565
574 565 576
565 575 577
565 577 566
567 578 579
567 579 568
580 576 565
580 565 564
580 564 553
580 553 552
559 558 581
559 581 582
570 581 558
570 558 560
570 573 583
570 583 581
581 583 584
581 584 582
585 584 39
585 39 38
40 39 584
40 584 583
40 583 573
40 573 41
582 584 585
582 585 586
586 587 559
586 559 582
587 548 551
587 551 559
44 45 572
44 572 571
573 572 45
573 45 41
44 571 588
44 588 46
579 588 571
579 571 568
589 590 591
589 591 592
593 594 595
593 595 596
597 598 595
597 595 594
592 599 600
592 600 589
601 602 603
601 603 604
590 603 602
590 602 591
595 598 605
595 605 606
606 605 607
606 607 608
601 607 605
601 605 602
602 605 598
602 598 591
608 607 609
608 609 610
611 612 613
611 613 614
615 601 604
615 604 616
78 617 618
78 618 79
80 619 620
80 620 81
81 620 621
81 621 84
622 623 624
622 624 625
626 624 623
626 623 619
626 619 80
626 80 91
622 627 628
622 628 623
623 628 620
623 620 619
621 620 628
621 628 629
629 628 627
629 627 630
621 629 631
621 631 632
633 634 631
633 631 635
634 636 618
634 618 617
633 637 636
633 636 634
638 633 635
638 635 639
640 641 638
640 638 642
643 644 606
643 606 608
595 606 644
595 644 596
643 608 610
643 610 639
645 646 600
645 600 599
624 626 647
624 647 648
593 596 622
593 622 625
643 630 627
643 627 644
644 627 622
644 622 596
580 552 590
580 590 589
589 600 576
589 576 580
604 603 555
604 555 556
552 555 603
552 603 590
649 650 651
649 651 616
600 646 574
600 574 576
652 653 654
652 654 655
656 657 658
656 658 659
660 661 662
660 662 663
664 665 666
664 666 667
668 669 670
671 138 137
672 673 579
672 579 578
141 143 674
672 675 676
146 677 137
578 678 675
578 675 672
679 680 681
679 681 682
662 683 684
662 684 663
685 686 687
688 687 689
688 689 690
691 692 693
691 693 694
684 683 695
684 695 696
660 697 680
660 680 679
698 699 665
698 665 700
701 702 703
701 704 705
706 707 708
709 710 711
712 711 710
712 710 713
91 184 647
91 647 626
714 577 575
714 575 715
716 574 646
716 646 717
673 677 588
673 588 579
718 652 655
718 655 719
720 721 722
720 722 723
721 724 725
721 725 722
717 646 645
717 645 726
727 688 690
727 690 728
691 729 730
691 730 692
729 645 599
729 599 731
732 625 624
732 624 648
732 733 593
732 593 625
733 734 594
733 594 593
597 594 734
597 734 735
736 731 599
736 599 735
737 738 731
737 731 736
739 740 741
739 741 742
741 743 696
741 696 695
731 738 730
731 730 729
744 745 746
744 746 740
747 684 696
747 696 748
715 575 574
715 574 716
749 750 751
749 751 752
752 751 753
752 753 754
754 753 755
754 755 756
755 229 228
755 228 756
734 757 736
734 736 735
757 734 733
757 733 750
750 733 732
750 732 751
751 732 648
751 648 753
753 648 647
753 647 755
755 647 184
755 184 229
231 656 659
231 659 232
233 668 670
233 670 234
758 238 237
758 237 759
760 658 657
760 657 761
669 762 763
669 763 670
654 653 758
654 758 759
679 682 764
679 764 765
679 765 661
679 661 660
682 766 767
682 767 764
682 681 768
682 768 766
724 769 770
724 770 725
771 772 769
771 769 724
232 659 668
232 668 233
659 658 669
659 669 668
760 762 669
760 669 658
773 771 760
773 760 761
774 663 684
774 684 747
696 743 775
696 775 748
775 743 746
746 745 727
746 727 775
727 745 776
727 776 688
688 776 777
688 777 687
686 778 779
686 779 780
717 726 781
717 781 782
783 784 785
783 785 782
784 786 787
784 787 785
786 788 789
786 789 787
790 789 788
790 788 791
792 783 782
792 782 781
793 794 795
793 795 796
795 794 797
795 797 798
797 279 278
797 278 798
799 800 694
799 694 693
694 800 792
694 792 781
777 685 687
685 778 686
674 801 676
592 597 735
592 735 599
592 591 598
592 598 597
650 802 803
650 803 651
650 649 549
549 804 802
549 802 650
740 746 743
740 743 741
774 747 805
774 805 806
807 805 747
807 747 748
771 773 772
707 705 704
801 808 809
693 810 811
693 811 799
692 812 810
692 810 693
730 813 812
730 812 692
738 742 813
738 813 730
745 744 814
745 814 776
815 777 776
815 776 814
685 816 817
685 817 778
778 817 818
778 818 779
740 739 819
740 819 744
744 819 820
744 820 814
814 820 821
814 821 815
815 821 822
815 822 816
822 823 817
822 817 816
823 305 818
823 818 817
737 739 742
737 742 738
824 819 739
824 739 737
749 820 819
749 819 824
752 821 820
752 820 749
754 822 821
754 821 752
756 823 822
756 822 754
228 305 823
228 823 756
825 826 800
736 757 824
736 824 737
824 757 750
824 750 749
767 827 828
767 828 764
764 828 829
764 829 765
829 811 661
829 661 765
661 811 810
661 810 662
810 812 683
810 683 662
813 695 683
813 683 812
742 741 695
742 695 813
677 146 46
677 46 588
796 795 830
796 830 675
723 719 655
723 655 720
762 831 763
763 654 759
763 759 670
670 759 237
670 237 234
832 702 833
832 833 723
770 834 835
770 835 725
835 832 722
835 722 725
832 723 722
836 700 665
836 665 664
766 768 664
766 664 667
767 712 837
767 837 827
708 709 711
708 711 706
319 141 838
796 675 678
796 678 790
678 714 789
678 789 790
715 787 789
715 789 714
715 716 785
715 785 787
716 717 782
716 782 785
826 839 792
726 691 694
726 694 781
577 714 678
577 678 578
567 566 577
567 577 578
548 587 840
548 840 841
549 548 841
549 841 804
771 831 762
771 762 760
842 843 699
842 699 698
674 830 838
838 830 795
838 795 798
796 790 791
796 791 793
697 844 845
697 845 680
680 845 846
680 846 681
774 806 844
774 844 697
681 846 847
681 847 768
768 847 836
768 836 664
766 667 712
766 712 767
712 667 666
712 666 711
711 666 848
711 848 706
849 843 842
849 842 850
850 851 852
850 852 849
666 665 699
666 699 848
852 833 853
852 853 849
849 853 854
849 854 843
843 854 848
843 848 699
855 701 705
854 705 706
854 706 848
856 857 858
856 858 859
860 861 862
860 862 863
864 865 793
864 793 791
866 867 772
866 772 773
657 656 868
657 868 869
352 856 859
352 859 353
354 870 856
354 856 352
871 870 872
871 872 873
839 826 874
784 783 875
784 875 876
788 786 877
788 877 878
879 874 826
880 881 882
797 872 370
797 370 279
857 856 870
857 870 871
883 884 857
883 857 871
885 886 887
885 887 888
889 890 891
889 891 892
657 869 893
657 893 761
857 884 894
857 894 858
895 861 860
895 860 896
897 898 899
897 899 900
772 867 901
772 901 769
902 903 904
902 904 905
901 906 770
901 770 769
907 895 896
907 896 908
909 910 911
909 911 912
913 914 892
913 892 915
876 877 786
876 786 784
231 404 868
231 868 656
878 864 791
878 791 788
916 917 918
916 918 919
761 893 866
761 866 773
882 828 827
882 827 920
921 922 923
921 923 924
924 923 925
924 925 926
927 928 926
927 926 925
929 930 931
869 868 932
869 932 931
404 421 932
404 932 868
799 811 829
799 829 825
825 829 828
825 828 882
933 934 905
933 905 904
935 904 903
935 903 704
936 937 922
936 922 921
933 834 770
933 770 906
938 939 940
938 940 941
654 763 720
654 720 655
859 932 421
859 421 353
931 858 894
931 894 929
858 931 932
858 932 859
942 943 944
942 944 945
946 947 948
946 948 949
918 917 946
918 946 950
951 952 953
951 953 954
951 885 888
951 888 952
910 909 955
910 955 956
957 958 959
957 959 960
958 957 961
958 961 962
880 963 961
880 961 957
881 879 825
964 965 948
964 948 966
884 966 967
884 967 894
883 964 966
883 966 884
864 951 954
864 954 968
864 878 885
864 885 951
893 869 931
893 931 930
925 867 866
925 866 927
867 925 923
867 923 901
901 923 922
901 922 906
937 933 906
937 906 922
927 866 893
927 893 930
928 927 930
928 930 969
970 928 969
970 969 971
713 710 972
713 972 973
920 827 837
920 837 974
708 707 903
708 903 902
938 936 975
938 975 939
976 972 977
976 977 941
976 941 940
976 940 944
972 710 709
972 709 977
877 886 885
877 885 878
876 978 886
876 886 877
875 979 978
875 978 876
839 875 783
839 783 792
970 862 861
970 861 980
914 913 981
914 981 982
983 984 978
983 978 979
861 895 985
861 985 980
907 900 975
907 975 986
987 988 989
987 989 990
991 874 992
978 984 887
978 887 886
993 917 916
993 916 971
939 899 994
939 994 940
949 995 950
949 950 946
967 947 993
967 993 996
997 998 999
997 999 1000
981 998 997
981 997 982
879 1001 874
1002 1003 959
1002 959 958
958 962 1004
958 1004 1002
1005 1006 995
1005 995 949
919 863 862
919 862 916
899 898 1007
899 1007 994
994 1007 1008
994 1008 945
729 691 726
729 726 645
979 875 839
979 839 991
979 991 1009
979 1009 983
1010 889 912
1010 912 911
879 881 960
957 960 881
957 881 880
955 959 1003
955 1003 956
794 793 865
794 865 873
934 937 936
934 936 938
873 872 797
873 797 794
872 870 354
872 354 370
873 865 883
873 883 871
865 864 968
865 968 883
888 887 914
888 914 982
966 948 947
966 947 967
1005 965 953
1005 953 1000
952 888 982
952 982 997
949 948 965
949 965 1005
862 970 971
862 971 916
939 975 900
939 900 899
945 944 940
945 940 994
928 970 980
928 980 926
892 984 983
892 983 889
980 985 924
980 924 926
986 975 936
986 936 921
985 986 921
985 921 924
912 1009 992
912 992 909
914 887 984
914 984 892
996 993 971
996 971 969
902 977 709
902 709 708
917 993 947
917 947 946
909 992 1001
909 1001 955
983 1009 912
983 912 889
955 1001 960
955 960 959
704 903 707
943 1011 976
943 976 944
1012 942 945
1012 945 1008
969 930 929
969 929 996
996 929 894
996 894 967
935 704 701
935 701 703
278 319 838
278 838 798
777 815 816
777 816 685
84 621 632
84 632 502
143 503 801
585 38 505
585 505 1013
586 585 1013
586 1013 1014
587 586 1014
587 1014 840
642 611 614
642 614 640
637 633 638
637 638 641
613 612 651
613 651 803
1015 1016 1017
1015 1017 1018
1019 775 727
1019 727 728
775 1019 807
775 807 748
904 935 834
904 834 933
933 937 934
833 852 719
833 719 723
703 702 832
703 832 835
935 703 835
935 835 834
852 851 718
852 718 719
905 934 938
905 938 941
905 941 977
905 977 902
853 855 705
853 705 854
702 855 853
702 853 833
697 660 663
697 663 774
686 780 1020
686 1020 1021
612 611 609
612 609 615
1011 973 972
1011 972 976
1000 999 1006
1000 1006 1005
1000 953 952
1000 952 997
968 954 964
968 964 883
954 953 965
954 965 964
763 831 721
763 721 720
974 963 880
974 880 920
831 771 724
831 724 721
673 672 809
677 673 671
963 974 973
963 973 1011
1004 962 942
1004 942 1012
961 963 1011
961 1011 943
837 713 973
837 973 974
962 961 943
962 943 942
712 713 837
687 686 1021
687 1021 689
1022 1023 1024
1022 1024 1025
1026 1027 1028
1026 1028 1029
1030 1031 1032
1030 1032 1033
1034 1022 1025
1034 1025 1035
1036 1026 1029
1036 1029 1037
1038 533 532
1038 532 1039
1023 1040 1041
1023 1041 1024
1042 1043 1044
1042 1044 1045
1040 1036 1037
1040 1037 1041
1046 1034 1035
1046 1035 1047
1048 1046 1047
1048 1047 1049
1031 1042 1045
1031 1045 1032
1027 1030 1050
1027 1050 1028
1043 1038 1039
1043 1039 1044
143 801 674
503 138 808
503 808 801
707 706 705
855 702 701
801 809 676
808 671 809
674 676 830
675 830 676
672 676 809
671 808 138
677 671 137
673 809 671
141 674 838
546 1048 1049
546 1049 547
1051 1052 1053
1054 1055 1056
1057 1058 1052
1059 1060 1061
1062 1063 1064
1065 1066 1053
1065 1053 1067
1068 1069 1070
1071 1072 1067
1073 1074 1075
1069 1076 1077
1069 1077 1070
1078 1079 1080
1081 1076 1082
1083 1084 1085
1086 1087 1088
1086 1088 1089
1086 1090 1091
1086 1091 1092
1086 1092 1093
1086 1093 1094
1086 1094 1095
1096 1097 1087
1096 1087 1098
1099 1096 1098
1099 1098 1100
1101 1099 1100
1101 1100 1102
1103 1090 1089
1103 1089 1104
1105 1106 1095
1105 1095 1107
1067 1072 1065
1053 1066 1051
1108 1109 1058
1109 1108 1110
1082 1076 1109
1069 1068 1084
1080 1079 1071
1061 1060 1084
1061 1084 1083
1056 1060 1059
1064 1055 1054
1075 1074 1063
1075 1063 1062
1076 1081 1077
1068 1085 1084
1082 1109 1110
1108 1058 1057
1053 1052 1058
1071 1067 1080
1073 1078 1074
1105 1101 1102
1105 1102 1106
1111 1079 1078
1111 1078 1073
1055 1060 1056
1063 1055 1064
1112 1113 1114
1115 1116 1117
1118 1114 1119
1120 1121 1122
1123 1124 1125
1126 1127 1113
1126 1113 1128
1129 1130 1131
1132 1127 1133
1134 1135 1136
1131 1130 1137
1131 1137 1138
1139 1140 1141
1142 1143 1138
1144 1145 1146
1147 1148 1149
1147 1150 1148
1147 1151 1152
1147 1153 1151
1147 1154 1153
1147 1155 1154
1147 1156 1155
1149 1157 1158
1149 1158 1159
1159 1158 1160
1159 1160 1161
1161 1160 1162
1161 1162 1163
1164 1165 1150
1164 1150 1152
1166 1167 1156
1166 1156 1168
1127 1126 1133
1113 1112 1128
1169 1119 1170
1170 1171 1169
1143 1170 1138
1131 1146 1129
1140 1132 1141
1121 1144 1146
1121 1146 1122
1116 1120 1122
1124 1115 1117
1135 1123 1125
1135 1125 1136
1138 1137 1142
1129 1146 1145
1143 1171 1170
1169 1118 1119
1113 1119 1114
1132 1140 1127
1134 1136 1139
1163 1162 1166
1163 1166 1168
1172 1139 1141
1172 1134 1139
1117 1116 1122
1125 1124 1117
1173 1174 1175
1173 1175 1176
1177 1178 1179
1177 1179 1180
1180 1179 1181
1180 1181 1182
1183 1184 1182
1183 1182 1181
1185 1186 1187
1185 1187 1188
1189 1190 1191
1189 1191 1192
1183 1193 1194
1183 1194 1184
1173 1195 1196
1173 1196 1174
1175 1174 1197
1198 1199 1200
1181 1179 1201
1202 1203 1190
1202 1190 1193
1203 1204 1191
1203 1191 1190
1205 1206 1207
1205 1207 1208
1197 1174 1196
1197 1196 1206
1193 1183 1202
1209 1210 1211
1209 1211 1212
1202 1213 1214
1202 1214 1203
1214 1215 1204
1214 1204 1203
1204 1215 1216
1204 1216 1217
1206 1205 1218
1206 1218 1219
1220 1221 1222
1220 1222 1223
1224 1225 1226
1224 1226 1227
1222 1228 1229
1222 1229 1223
1227 1226 1230
1227 1230 1231
1232 1233 1225
1232 1225 1224
1234 1221 1220
1234 1220 1235
1236 1237 1238
1236 1238 1231
1239 1224 1227
1240 1241 1228
1240 1228 1242
1222 1221 1243
1219 1212 1206
1244 1200 1199
1244 1199 1245
1201 1202 1183
1201 1183 1181
1201 1246 1213
1201 1213 1202
1231 1230 1247
1231 1247 1236
1228 1241 1248
1228 1248 1229
1249 1199 1197
1249 1197 1250
1197 1199 1198
1197 1198 1175
1178 1251 1201
1178 1201 1179
1251 1252 1246
1251 1246 1201
1236 1247 1253
1236 1253 1254
1254 1255 1237
1254 1237 1236
1256 1257 1241
1256 1241 1240
1241 1257 1258
1241 1258 1248
1199 1249 1259
1199 1259 1245
1204 1186 1191
1196 1207 1206
1243 1242 1228
1243 1228 1222
1231 1238 1239
1231 1239 1227
1243 1221 1234
1232 1224 1239
1248 1258 1259
1248 1259 1249
1229 1248 1249
1229 1249 1250
1223 1229 1250
1223 1250 1212
1220 1223 1212
1220 1212 1219
1235 1220 1219
1235 1219 1218
1233 1216 1215
1233 1215 1225
1225 1215 1214
1225 1214 1226
1226 1214 1213
1226 1213 1230
1230 1213 1246
1230 1246 1247
1247 1246 1252
1247 1252 1253
1260 1261 1208
1260 1208 1207
1262 1200 1244
1262 1244 1263
1200 1262 1264
1200 1264 1198
1198 1264 1176
1198 1176 1175
1195 1260 1207
1195 1207 1196
1191 1186 1185
1191 1185 1192
1187 1186 1204
1187 1204 1217
1190 1189 1194
1190 1194 1193
1265 1266 1267
1265 1267 1268
1269 1270 1271
1269 1271 1272
1270 1273 1274
1270 1274 1271
1275 1274 1273
1275 1273 1276
1277 1278 1279
1277 1279 1280
1281 1282 1283
1281 1283 1284
1275 1276 1285
1275 1285 1286
1265 1268 1287
1265 1287 1288
1267 1289 1268
1290 1291 1292
1274 1293 1271
1294 1286 1284
1294 1284 1295
1295 1284 1283
1295 1283 1296
1297 1298 1299
1297 1299 1300
1289 1300 1287
1289 1287 1268
1286 1294 1275
1301 1302 1303
1301 1303 1304
1294 1295 1305
1294 1305 1306
1305 1295 1296
1305 1296 1307
1296 1308 1309
1296 1309 1307
1300 1310 1311
1300 1311 1297
1312 1313 1314
1312 1314 1315
1316 1317 1318
1316 1318 1319
1312 1315 1320
1312 1320 1321
1317 1322 1323
1317 1323 1318
1324 1316 1319
1324 1319 1325
1326 1327 1314
1326 1314 1313
1328 1322 1329
1328 1329 1330
1331 1317 1316
1332 1333 1321
1332 1321 1334
1312 1335 1313
1310 1300 1304
1336 1337 1292
1336 1292 1291
1293 1274 1275
1293 1275 1294
1293 1294 1306
1293 1306 1338
1322 1328 1339
1322 1339 1323
1321 1320 1340
1321 1340 1334
1341 1342 1289
1341 1289 1292
1289 1267 1290
1289 1290 1292
1272 1271 1293
1272 1293 1343
1343 1293 1338
1343 1338 1344
1328 1345 1346
1328 1346 1339
1345 1328 1330
1345 1330 1347
1348 1332 1334
1348 1334 1349
1334 1340 1350
1334 1350 1349
1292 1337 1351
1292 1351 1341
1296 1283 1280
1287 1300 1299
1335 1312 1321
1335 1321 1333
1322 1317 1331
1322 1331 1329
1335 1326 1313
1324 1331 1316
1340 1341 1351
1340 1351 1350
1320 1342 1341
1320 1341 1340
1315 1304 1342
1315 1342 1320
1314 1310 1304
1314 1304 1315
1327 1311 1310
1327 1310 1314
1325 1319 1307
1325 1307 1309
1319 1318 1305
1319 1305 1307
1318 1323 1306
1318 1306 1305
1323 1339 1338
1323 1338 1306
1339 1346 1344
1339 1344 1338
1352 1299 1298
1352 1298 1353
1354 1355 1336
1354 1336 1291
1291 1290 1356
1291 1356 1354
1290 1267 1266
1290 1266 1356
1288 1287 1299
1288 1299 1352
1283 1282 1277
1283 1277 1280
1279 1308 1296
1279 1296 1280
1284 1286 1285
1284 1285 1281
1357 1358 1359
1360 1361 1358
1360 1358 1362
1363 1364 1365
1363 1365 1366
1367 1368 1369
1367 1369 1370
1371 1372 1367
1371 1367 1370
1373 1374 1375
1376 1377 1378
1379 1380 1381
1379 1381 1382
1381 1365 1383
1357 1384 1385
1386 1387 1388
1386 1388 1389
1390 1391 1392
1390 1392 1393
1366 1394 1395
1396 1397 1398
1398 1399 1400
1398 1400 1396
1401 1402 1399
1401 1399 1398
1403 1404 1405
1403 1405 1406
1373 1407 1408
1409 1410 1411
1375 1412 1413
1375 1413 1414
1415 1401 1398
1416 1417 1412
1416 1412 1375
1418 1419 1420
1420 1421 1418
1422 1423 1424
1410 1409 1425
1426 1427 1428
1429 1430 1431
1429 1431 1432
1432 1431 1433
1434 1435 1436
1434 1436 1437
1438 1439 1440
1438 1440 1441
1442 1443 1444
1445 1442 1446
1445 1446 1447
1448 1449 1450
1451 1452 1453
1380 1379 1454
1455 1456 1457
1458 1459 1460
1461 1462 1463
1461 1463 1464
1465 1466 1467
1468 1469 1470
1468 1470 1471
1399 1412 1417
1399 1417 1400
1402 1413 1412
1402 1412 1399
1472 1452 1451
1368 1470 1469
1368 1469 1369
1473 1474 1403
1473 1403 1406
1475 1405 1404
1475 1404 1476
1477 1478 1479
1456 1480 1481
1456 1481 1457
1482 1483 1484
1482 1484 1485
1486 1487 1488
1476 1489 1475
1490 1491 1492
1493 1458 1460
1493 1460 1494
1378 1434 1437
1378 1437 1376
1492 1495 1496
1492 1496 1490
1497 1498 1499
1497 1499 1500
1483 1482 1501
1375 1374 1416
1442 1444 1502
1442 1502 1446
1445 1443 1442
1503 1504 1472
1504 1452 1472
1421 1452 1504
1505 1489 1476
1397 1415 1398
1407 1373 1375
1407 1375 1414
1461 1436 1435
1461 1435 1462
1441 1440 1496
1441 1496 1495
1494 1499 1498
1494 1498 1493
1447 1446 1472
1447 1472 1451
1477 1468 1471
1477 1471 1478
1467 1481 1480
1467 1480 1465
1446 1502 1503
1446 1503 1472
1506 1361 1387
1507 1508 1509
1510 1511 1512
1510 1512 1513
1511 1514 1515
1511 1515 1512
1514 1516 1517
1514 1517 1515
1431 1430 1518
1508 1519 1520
1508 1520 1509
1518 1521 1522
1518 1522 1431
1519 1523 1524
1519 1524 1520
1521 1525 1526
1521 1526 1522
1524 1523 1527
1524 1527 1528
1526 1525 1529
1526 1529 1530
1506 1510 1513
1387 1510 1506
1531 1532 1533
1534 1535 1536
1537 1538 1539
1359 1358 1540
1358 1361 1540
1357 1359 1384
1531 1517 1516
1531 1516 1532
1528 1527 1535
1528 1535 1534
1530 1529 1538
1530 1538 1537
1541 1542 1543
1542 1541 1544
1371 1487 1372
1545 1419 1546
1420 1419 1545
1547 1545 1546
1424 1423 1548
1425 1549 1550
1551 1552 1423
1409 1411 1426
1426 1428 1429
1426 1411 1427
1429 1428 1430
1542 1544 1385
1389 1463 1386
1463 1462 1386
1361 1360 1387
1553 1554 1555
1553 1555 1556
1556 1557 1553
1558 1559 1560
1561 1562 1563
1564 1561 1563
1564 1563 1565
1566 1558 1560
1566 1560 1567
1568 1555 1554
1568 1554 1569
1570 1566 1567
1570 1567 1571
1572 1564 1565
1572 1565 1573
1574 1575 1576
1574 1576 1577
1577 1578 1574
1579 1580 1581
1582 1583 1584
1585 1582 1584
1585 1584 1586
1587 1579 1581
1587 1581 1588
1589 1575 1590
1591 1587 1588
1591 1588 1592
1593 1585 1586
1593 1586 1594
1575 1589 1595
1575 1595 1576
1395 1394 1596
1433 1439 1438
1433 1431 1439
1596 1394 1497
1366 1395 1363
1596 1497 1500
1385 1384 1542
1597 1598 1543
1486 1598 1597
1543 1598 1541
1599 1600 1601
1599 1601 1602
1603 1604 1605
1606 1607 1608
1609 1610 1611
1612 1613 1614
1612 1614 1615
1616 1617 1618
1616 1618 1619
1620 1600 1599
1620 1599 1621
1622 1616 1619
1622 1619 1623
1624 1612 1615
1624 1615 1625
1626 1627 1628
1626 1628 1629
1630 1631 1632
1630 1632 1633
1634 1635 1636
1634 1636 1637
1629 1628 1603
1629 1603 1605
1633 1632 1609
1633 1609 1611
1608 1634 1637
1608 1637 1606
1387 1360 1388
1380 1454 1393
1393 1454 1390
1381 1383 1382
1383 1365 1364
1602 1601 1627
1602 1627 1626
1630 1614 1613
1630 1613 1631
1635 1618 1617
1635 1617 1636
1638 1639 1640
1638 1640 1641
1642 1643 1644
1642 1644 1645
1646 1647 1648
1646 1648 1649
1650 1651 1652
1650 1652 1653
1654 1655 1656
1657 1658 1659
1660 1661 1662
1663 1664 1665
1661 1639 1638
1661 1638 1662
1664 1657 1659
1666 1654 1656
1641 1640 1667
1641 1667 1668
1669 1670 1671
1669 1671 1672
1673 1674 1675
1673 1675 1676
1668 1667 1643
1668 1643 1642
1672 1671 1650
1672 1650 1653
1649 1673 1676
1649 1676 1646
1488 1487 1371
1484 1392 1677
1484 1677 1485
1392 1391 1677
1486 1678 1679
1486 1679 1598
1486 1488 1678
1541 1598 1680
1680 1598 1679
1674 1659 1658
1674 1658 1675
1669 1655 1654
1669 1654 1670
1664 1659 1665
1681 1682 1683
1681 1683 1684
1685 1686 1687
1684 1688 1689
1684 1689 1681
1690 1691 1692
1690 1692 1693
1693 1694 1695
1693 1695 1690
1683 1682 1685
1683 1685 1696
1691 1689 1688
1691 1688 1692
1687 1686 1697
1687 1697 1698
1685 1687 1696
1699 1700 1701
1699 1701 1702
1703 1704 1705
1703 1705 1706
1707 1708 1709
1707 1709 1710
1711 1712 1713
1711 1713 1714
1712 1715 1713
1703 1716 1704
1714 1717 1718
1714 1718 1711
1719 1702 1701
1719 1701 1720
1699 1718 1717
1699 1717 1700
1720 1707 1710
1720 1710 1719
1706 1705 1709
1706 1709 1708
1721 1722 1723
1721 1723 1724
1725 1726 1727
1728 1729 1730
1722 1725 1727
1722 1727 1723
1731 1732 1733
1734 1735 1736
1734 1736 1737
1738 1739 1740
1738 1740 1741
1740 1742 1743
1736 1735 1732
1736 1732 1731
1742 1740 1739
1742 1744 1743
1730 1729 1721
1730 1721 1724
1645 1644 1745
1648 1647 1746
1652 1651 1747
1748 1749 1750
1751 1752 1750
1751 1750 1753
1754 1755 1756
1754 1756 1757
1758 1759 1760
1758 1760 1761
1762 1759 1758
1762 1758 1763
1764 1765 1766
1767 1768 1769
1770 1771 1772
1770 1772 1773
1772 1774 1756
1748 1775 1776
1777 1778 1779
1777 1779 1780
1781 1782 1783
1781 1783 1784
1755 1785 1786
1787 1788 1789
1788 1787 1790
1788 1790 1791
1792 1788 1791
1792 1791 1793
1794 1795 1796
1794 1796 1797
1764 1798 1799
1800 1801 1802
1765 1803 1804
1765 1804 1805
1806 1788 1792
1807 1765 1805
1807 1805 1808
1809 1810 1811
1810 1809 1812
1813 1814 1815
1802 1816 1800
1817 1818 1819
1820 1821 1822
1820 1822 1823
1821 1824 1822
1825 1826 1827
1825 1827 1828
1829 1830 1831
1829 1831 1832
1833 1834 1835
1836 1833 1837
1836 1837 1838
1839 1840 1841
1842 1843 1844
1842 1844 1845
1773 1846 1770
1847 1848 1849
1850 1851 1852
1853 1854 1855
1853 1855 1856
1857 1858 1859
1860 1861 1862
1860 1862 1863
1791 1790 1808
1791 1808 1805
1793 1791 1805
1793 1805 1804
1864 1842 1865
1761 1760 1861
1761 1861 1860
1843 1795 1794
1843 1794 1844
1866 1867 1797
1866 1797 1796
1868 1869 1870
1849 1848 1871
1849 1871 1872
1873 1874 1875
1873 1875 1876
1877 1878 1879
1867 1866 1880
1881 1882 1883
1884 1885 1851
1884 1851 1850
1768 1767 1826
1768 1826 1825
1882 1881 1886
1882 1886 1887
1888 1889 1890
1888 1890 1891
1876 1892 1873
1765 1807 1766
1893 1834 1833
1893 1833 1836
1837 1833 1835
1894 1864 1895
1895 1864 1865
1812 1895 1865
1896 1867 1880
1789 1788 1806
1799 1765 1764
1799 1803 1765
1828 1827 1853
1828 1853 1856
1832 1887 1886
1832 1886 1829
1891 1890 1885
1891 1885 1884
1838 1842 1864
1838 1864 1836
1863 1862 1868
1863 1868 1870
1872 1871 1858
1872 1858 1857
1836 1864 1894
1836 1894 1893
1897 1780 1753
1898 1899 1900
1901 1902 1903
1901 1903 1904
1904 1903 1905
1904 1905 1906
1906 1905 1907
1906 1907 1908
1822 1909 1823
1900 1899 1910
1900 1910 1911
1909 1822 1912
1909 1912 1913
1911 1910 1914
1911 1914 1915
1913 1912 1916
1913 1916 1917
1918 1915 1914
1918 1914 1919
1920 1917 1916
1920 1916 1921
1897 1902 1901
1780 1897 1901
1922 1923 1924
1925 1926 1927
1928 1929 1930
1749 1931 1750
1750 1931 1753
1748 1776 1749
1908 1907 1922
1908 1922 1924
1919 1925 1927
1919 1927 1918
1921 1928 1930
1921 1930 1920
1932 1933 1934
1934 1935 1932
1762 1763 1879
1936 1937 1811
1810 1936 1811
1938 1937 1936
1814 1939 1815
1816 1940 1941
1942 1815 1943
1800 1817 1801
1817 1820 1818
1817 1819 1801
1820 1823 1818
1934 1775 1935
1778 1777 1855
1855 1777 1856
1753 1780 1751
1944 1945 1946
1944 1946 1947
1947 1946 1948
1949 1950 1951
1952 1953 1954
1955 1956 1953
1955 1953 1952
1957 1958 1950
1957 1950 1949
1959 1960 1945
1959 1945 1944
1961 1962 1958
1961 1958 1957
1963 1964 1956
1963 1956 1955
1965 1966 1967
1965 1967 1968
1968 1967 1969
1970 1971 1972
1973 1974 1975
1976 1977 1974
1976 1974 1973
1978 1979 1971
1978 1971 1970
1980 1981 1966
1982 1983 1979
1982 1979 1978
1984 1985 1977
1984 1977 1976
1966 1965 1986
1966 1986 1980
1785 1987 1786
1824 1831 1830
1824 1830 1822
1987 1888 1786
1755 1754 1785
1987 1889 1888
1775 1934 1776
1988 1933 1989
1877 1988 1989
1933 1932 1989
1990 1991 1992
1990 1992 1993
1994 1995 1996
1997 1998 1999
2000 2001 2002
2003 2004 2005
2003 2005 2006
2007 2008 2009
2007 2009 2010
2011 2012 1990
2011 1990 1993
2013 2014 2008
2013 2008 2007
2015 2016 2004
2015 2004 2003
2017 2018 2019
2017 2019 2020
2021 2022 2023
2021 2023 2024
2025 2026 2027
2025 2027 2028
2018 1995 1994
2018 1994 2019
2022 2001 2000
2022 2000 2023
2028 2027 1998
2028 1998 1997
1780 1779 1751
1773 1782 1846
1782 1781 1846
1772 1771 1774
1774 1757 1756
1991 2017 2020
1991 2020 1992
2006 2005 2021
2006 2021 2024
2010 2009 2026
2010 2026 2025
2029 2030 2031
2029 2031 2032
2033 2034 2035
2033 2035 2036
2037 2038 2039
2037 2039 2040
2041 2042 2043
2041 2043 2044
2045 2046 2047
2048 2049 2050
2051 2052 2053
2054 2055 2056
2053 2052 2029
2053 2029 2032
2056 2049 2048
2057 2046 2045
2030 2058 2059
2030 2059 2031
2060 2061 2062
2060 2062 2063
2064 2065 2066
2064 2066 2067
2058 2035 2034
2058 2034 2059
2061 2042 2041
2061 2041 2062
2067 2066 2038
2067 2038 2037
1878 1762 1879
2068 1783 1875
2068 1875 1874
1783 2068 1784
1877 1989 2069
1877 2069 2070
1877 2070 1878
1932 2071 1989
2071 2069 1989
2050 2049 2065
2050 2065 2064
2045 2047 2060
2045 2060 2063
2056 2055 2049
2072 2073 2074
2072 2074 2075
2076 2077 2078
2073 2072 2079
2073 2079 2080
2081 2082 2083
2081 2083 2084
2084 2083 2085
2084 2085 2086
2074 2087 2076
2074 2076 2075
2080 2079 2082
2080 2082 2081
2077 2088 2089
2077 2089 2078
2076 2087 2077
2090 2091 2092
2090 2092 2093
2094 2095 2096
2094 2096 2097
2098 2099 2100
2098 2100 2101
2102 2103 2104
2102 2104 2105
2105 2104 2106
2094 2097 2107
2103 2102 2108
2103 2108 2109
2090 2093 2110
2090 2110 2111
2109 2108 2092
2109 2092 2091
2101 2100 2111
2101 2111 2110
2095 2099 2098
2095 2098 2096
2112 2113 2114
2112 2114 2115
2116 2117 2118
2119 2120 2121
2115 2114 2117
2115 2117 2116
2122 2123 2124
2125 2126 2127
2125 2127 2128
2129 2130 2131
2129 2131 2132
2131 2133 2134
2127 2122 2124
2127 2124 2128
2134 2132 2131
2134 2133 2135
2120 2113 2112
2120 2112 2121
2036 2136 2033
2039 2137 2040
2043 2138 2044
2139 2140 2141
2142 2143 2144
2142 2144 2145
2146 2147 2148
2146 2148 2149
2150 2151 2152
2150 2152 2153
2154 2155 2156
2157 2158 2159
2157 2159 2160
2161 2162 2163
2164 2165 2166
2164 2166 2167
2168 2169 2170
2168 2170 2171
2170 2169 2172
2170 2172 2173
2174 2158 2155
2174 2155 2175
2159 2158 2174
2159 2174 2176
2177 2148 2168
2177 2168 2171
2178 2140 2139
2178 2139 2179
2162 2161 2180
2162 2180 2181
2154 2182 2183
2154 2183 2184
2185 2142 2140
2185 2140 2178
2186 2143 2142
2186 2142 2185
2161 2166 2187
2161 2187 2180
2166 2165 2188
2166 2188 2187
2168 2148 2147
2153 2152 2172
2153 2172 2169
2156 2189 2182
2156 2182 2154
2157 2160 2190
2157 2190 2191
2192 2149 2148
2192 2148 2177
2155 2154 2184
2155 2184 2175
2189 2163 2162
2189 2162 2182
2182 2162 2181
2182 2181 2183
2179 2139 2149
2179 2149 2192
2141 2146 2149
2141 2149 2139
2145 2144 2151
2145 2151 2150
2191 2190 2164
2191 2164 2167
2158 2157 2156
2158 2156 2155
2157 2191 2189
2157 2189 2156
2191 2167 2163
2191 2163 2189
2167 2166 2161
2167 2161 2163
2142 2145 2141
2142 2141 2140
2145 2150 2146
2145 2146 2141
2150 2153 2147
2150 2147 2146
2153 2169 2168
2153 2168 2147
2193 2170 2173
2193 2173 2194
2195 2171 2170
2195 2170 2193
2196 2177 2171
2196 2171 2195
2197 2192 2177
2197 2177 2196
2198 2185 2178
2198 2178 2199
2179 2200 2199
2179 2199 2178
2192 2197 2200
2192 2200 2179
2185 2198 2201
2185 2201 2186
2202 2203 2204
2205 2206 2207
2205 2207 2208
2209 2210 2211
2209 2211 2212
2213 2214 2215
2213 2215 2216
2217 2218 2219
2220 2221 2222
2220 2222 2223
2224 2225 2226
2227 2228 2229
2227 2229 2230
2231 2232 2233
2231 2233 2234
2233 2235 2236
2233 2236 2234
2237 2238 2219
2237 2219 2223
2222 2239 2237
2222 2237 2223
2240 2232 2231
2240 2231 2211
2241 2242 2202
2241 2202 2204
2226 2243 2244
2226 2244 2224
2217 2245 2246
2217 2246 2247
2248 2241 2204
2248 2204 2205
2249 2248 2205
2249 2205 2208
2224 2244 2250
2224 2250 2229
2229 2250 2251
2229 2251 2230
2231 2212 2211
2214 2234 2236
2214 2236 2215
2218 2217 2247
2218 2247 2252
2220 2253 2254
2220 2254 2221
2255 2240 2211
2255 2211 2210
2219 2238 2245
2219 2245 2217
2252 2247 2226
2252 2226 2225
2247 2246 2243
2247 2243 2226
2242 2255 2210
2242 2210 2202
2203 2202 2210
2203 2210 2209
2206 2213 2216
2206 2216 2207
2253 2228 2227
2253 2227 2254
2223 2219 2218
2223 2218 2220
2220 2218 2252
2220 2252 2253
2253 2252 2225
2253 2225 2228
2228 2225 2224
2228 2224 2229
2205 2204 2203
2205 2203 2206
2206 2203 2209
2206 2209 2213
2213 2209 2212
2213 2212 2214
2214 2212 2231
2214 2231 2234
2256 2257 2235
2256 2235 2233
2258 2256 2233
2258 2233 2232
2259 2258 2232
2259 2232 2240
2260 2259 2240
2260 2240 2255
2261 2262 2241
2261 2241 2248
2242 2241 2262
2242 2262 2263
2255 2242 2263
2255 2263 2260
2248 2249 2264
2248 2264 2261
2265 2266 2267
2265 2267 2268
2269 2270 2271
2269 2271 2272
2272 2271 2273
2272 2273 2274
2275 2276 2277
2275 2277 2278
2278 2277 2279
2278 2279 2280
2281 2282 2283
2281 2283 2284
2285 2286 2287
2285 2287 2288
2288 2287 2289
2288 2289 2290
2291 2292 2293
2291 2293 2294
2294 2293 2295
2294 2295 2296
2268 2267 2270
2268 2270 2269
2284 2283 2286
2284 2286 2285
2274 2273 2276
2274 2276 2275
2290 2289 2292
2290 2292 2291
2297 2298 2299
2297 2299 2300
2301 2302 2303
2301 2303 2304
2305 2301 2304
2305 2304 2306
2307 2308 2309
2307 2309 2310
2311 2307 2310
2311 2310 2312
2313 2314 2315
2313 2315 2316
2317 2318 2319
2317 2319 2320
2321 2317 2320
2321 2320 2322
2323 2324 2325
2323 2325 2326
2327 2323 2326
2327 2326 2328
2302 2297 2300
2302 2300 2303
2318 2313 2316
2318 2316 2319
2308 2305 2306
2308 2306 2309
2324 2321 2322
2324 2322 2325
2329 2330 2331
2329 2331 2332
2333 2334 2335
2333 2335 2336
2336 2335 2337
2336 2337 2338
2339 2340 2341
2339 2341 2342
2342 2341 2343
2342 2343 2344
2345 2346 2347
2345 2347 2348
2349 2350 2351
2349 2351 2352
2353 2354 2350
2353 2350 2349
2355 2356 2357
2355 2357 2358
2359 2360 2356
2359 2356 2355
2332 2331 2334
2332 2334 2333
2352 2351 2346
2352 2346 2345
2338 2337 2340
2338 2340 2339
2358 2357 2354
2358 2354 2353
2361 2362 2363
2361 2363 2364
2365 2366 2367
2365 2367 2368
2366 2369 2370
2366 2370 2367
2371 2372 2373
2371 2373 2374
2372 2375 2376
2372 2376 2373
2377 2378 2379
2377 2379 2380
2381 2382 2383
2381 2383 2384
2382 2385 2386
2382 2386 2383
2387 2388 2389
2387 2389 2390
2388 2391 2392
2388 2392 2389
2362 2365 2368
2362 2368 2363
2378 2381 2384
2378 2384 2379
2369 2371 2374
2369 2374 2370
2385 2387 2390
2385 2390 2386
2393 2394 2395
2393 2395 2396
2397 2398 2399
2397 2399 2400
2401 2402 2398
2401 2398 2397
2403 2404 2405
2403 2405 2406
2407 2408 2404
2407 2404 2403
2409 2410 2411
2409 2411 2412
2413 2414 2415
2413 2415 2416
2417 2418 2414
2417 2414 2413
2419 2420 2421
2419 2421 2422
2423 2424 2420
2423 2420 2419
2400 2399 2394
2400 2394 2393
2416 2415 2410
2416 2410 2409
2406 2405 2402
2406 2402 2401
2422 2421 2418
2422 2418 2417
2425 2426 2427
2425 2427 2428
2429 2430 2431
2429 2431 2432
2430 2433 2434
2430 2434 2431
2435 2436 2437
2435 2437 2438
2436 2439 2440
2436 2440 2437
2441 2442 2443
2441 2443 2444
2445 2446 2447
2445 2447 2448
2449 2445 2448
2449 2448 2450
2451 2452 2453
2451 2453 2454
2455 2451 2454
2455 2454 2456
2426 2429 2432
2426 2432 2427
2446 2441 2444
2446 2444 2447
2433 2435 2438
2433 2438 2434
2452 2449 2450
2452 2450 2453
70 68 69
70 69 106
75 74 73
75 73 114
100 97 96
100 96 77
94 97 99
94 99 95
95 99 104
95 104 108
106 69 104
106 104 103
75 116 8
75 8 61
77 96 502
77 502 78
67 68 74
67 74 60
610 609 611
610 611 642
612 615 616
612 616 651
632 631 634
632 634 617
635 631 629
635 629 630
639 635 630
639 630 643
639 610 642
639 642 638
556 649 616
556 616 604
502 632 617
502 617 78
615 609 607
615 607 601
550 649 556
549 649 550
2 116 3
3 116 115
1088 1087 1097
1088 1097 2457
1104 1089 1088
1104 1088 2457
1091 1090 1103
1091 1103 2458
2459 1092 1091
2459 1091 2458
2460 1093 1092
2460 1092 2459
2461 1094 1093
2461 1093 2460
1107 1095 1094
1107 1094 2461
1098 1087 1086
1100 1098 1086
1102 1100 1086
1089 1090 1086
1095 1106 1086
1106 1102 1086
1157 1149 1148
1157 1148 2462
1148 1150 1165
1148 1165 2462
1164 1152 1151
1164 1151 2463
1151 1153 2464
1151 2464 2463
1153 1154 2465
1153 2465 2464
1154 1155 2466
1154 2466 2465
1155 1156 1167
1155 1167 2466
1149 1159 1147
1159 1161 1147
1161 1163 1147
1152 1150 1147
1168 1156 1147
1163 1168 1147
1451 1453 1474
1451 1474 1473
1842 1845 1865
453 307 366
367 369 453
366 447 453
491 361 482
366 321 361
307 281 321
360 482 361
359 361 321
321 271 359
991 992 1009
874 1001 992
881 825 882
879 960 1001
880 882 920
879 826 825
825 800 799
839 874 991
826 792 800
