byte offset: 0
first index: 22074
index count: 2280
topology: trianglelist
format: DXGI_FORMAT_R16_UINT

5379 5380 5381
5379 5381 5382
5383 5384 5385
5383 5385 5386
5387 5388 5389
5387 5389 5390
5391 5392 5393
5391 5393 5394
5395 5396 5397
5391 5394 5398
5399 5400 5401
5402 5403 5404
5402 5404 5405
5401 5406 5399
5407 5408 5409
5407 5409 5410
5411 5412 5413
5411 5413 5414
5415 5416 5417
5415 5417 5418
5419 5420 5421
5422 5383 5386
5423 5424 5425
5423 5425 5426
5427 5428 5429
5427 5429 5430
5392 5431 5393
5432 5433 5434
5432 5434 5395
5407 5435 5436
5407 5436 5408
5437 5438 5439
5437 5439 5440
5441 5442 5443
5441 5443 5444
5445 5396 5446
5445 5446 5447
5448 5449 5450
5448 5450 5451
5452 5453 5454
5452 5454 5455
5456 5457 5453
5456 5453 5452
5458 5459 5460
5461 5432 5395
5461 5395 5397
5462 5463 5464
5462 5464 5465
5407 5466 5467
5407 5467 5435
5468 5469 5466
5468 5466 5470
5471 5382 5423
5471 5423 5472
5388 5473 5474
5388 5474 5389
5475 5476 5477
5475 5477 5478
5479 5480 5481
5479 5481 5482
5483 5484 5379
5483 5379 5485
5486 5487 5488
5460 5489 5458
5490 5491 5492
5490 5492 5493
5494 5495 5496
5494 5496 5497
5498 5499 5500
5498 5500 5501
5502 5503 5504
5505 5506 5507
5505 5507 5508
5423 5426 5509
5423 5509 5472
5510 5511 5512
5510 5512 5484
5513 5514 5515
5478 5477 5388
5478 5388 5387
5516 5517 5518
5519 5520 5521
5519 5521 5522
5484 5512 5380
5484 5380 5379
5393 5523 5394
5430 5429 5524
5430 5524 5525
5526 5495 5494
5458 5527 5409
5451 5450 5528
5451 5528 5529
5530 5531 5532
5480 5533 5534
5480 5534 5535
5493 5492 5536
5493 5536 5537
5479 5538 5533
5479 5533 5480
5539 5502 5540
5539 5540 5541
5542 5543 5544
5545 5546 5547
5545 5547 5548
5549 5550 5551
5549 5551 5552
5553 5554 5555
5553 5555 5556
5557 5558 5520
5557 5520 5519
5524 5429 5559
5524 5559 5560
5431 5561 5393
5555 5562 5563
5555 5563 5556
5564 5565 5566
5567 5568 5569
5567 5569 5570
5571 5572 5573
5571 5573 5574
5570 5569 5575
5570 5575 5576
5577 5578 5579
5577 5579 5580
5572 5581 5573
5582 5556 5563
5583 5584 5585
5586 5567 5570
5586 5570 5550
5587 5588 5589
5587 5589 5590
5591 5592 5593
5594 5595 5596
5597 5426 5425
5597 5425 5598
5599 5571 5574
5599 5574 5600
5601 5602 5603
5604 5605 5514
5392 5604 5514
5606 5607 5392
5606 5392 5391
5608 5391 5398
5609 5610 5611
5612 5477 5476
5612 5476 5613
5431 5614 5561
5398 5394 5572
5615 5548 5616
5585 5459 5617
5618 5581 5572
5619 5620 5621
5619 5621 5622
5618 5394 5523
5623 5620 5619
5623 5619 5624
5393 5561 5523
5577 5580 5625
5577 5625 5626
5616 5627 5615
5530 5517 5516
5628 5515 5605
5629 5547 5546
5629 5546 5630
5631 5632 5633
5466 5469 5634
5466 5634 5467
5635 5636 5405
5635 5405 5401
5595 5637 5638
5596 5639 5594
5640 5641 5642
5640 5642 5643
5572 5394 5618
5644 5486 5488
5645 5646 5647
5645 5647 5648
5646 5649 5647
5650 5651 5652
5650 5652 5653
5653 5652 5654
5655 5656 5476
5655 5476 5475
5657 5658 5538
5657 5538 5479
5527 5659 5660
5527 5660 5627
5661 5500 5662
5660 5615 5627
5663 5633 5664
5665 5666 5667
5665 5667 5668
5632 5669 5670
5632 5670 5633
5671 5672 5673
5671 5673 5674
5631 5633 5663
5675 5676 5677
5678 5665 5668
5678 5668 5679
5672 5680 5681
5672 5681 5673
5605 5515 5514
5477 5612 5473
5477 5473 5388
5455 5454 5443
5455 5443 5390
5453 5682 5683
5453 5683 5454
5431 5514 5513
5514 5431 5392
5561 5684 5523
5618 5684 5581
5398 5572 5571
5571 5685 5398
5598 5599 5559
5424 5423 5382
5424 5382 5381
5512 5605 5604
5512 5604 5380
5424 5606 5608
5424 5608 5425
5511 5628 5605
5511 5605 5512
5607 5604 5392
5607 5606 5424
5607 5424 5381
5496 5602 5601
5496 5601 5686
5380 5604 5607
5380 5607 5381
5509 5426 5597
5509 5597 5687
5451 5452 5455
5451 5455 5448
5448 5455 5390
5448 5390 5389
5425 5608 5685
5425 5685 5598
5559 5599 5600
5559 5600 5560
5685 5608 5398
5599 5685 5571
5529 5528 5558
5529 5558 5557
5592 5590 5589
5592 5589 5688
5551 5519 5522
5551 5522 5552
5576 5557 5519
5576 5519 5551
5452 5451 5529
5452 5529 5456
5576 5575 5529
5576 5529 5557
5428 5559 5429
5598 5428 5597
5689 5577 5690
5550 5570 5576
5550 5576 5551
5691 5692 5693
5687 5597 5428
5687 5428 5427
5559 5428 5598
5694 5695 5696
5694 5696 5697
5698 5699 5700
5698 5700 5701
5414 5418 5702
5414 5702 5703
5533 5478 5704
5533 5704 5534
5705 5384 5706
5705 5706 5707
5624 5708 5709
5658 5655 5475
5658 5475 5538
5615 5710 5545
5635 5400 5711
5504 5712 5713
5714 5611 5464
5714 5464 5440
5536 5499 5498
5536 5498 5537
5538 5475 5478
5538 5478 5533
5715 5716 5439
5715 5439 5438
5443 5717 5390
5718 5719 5720
5718 5720 5721
5637 5722 5723
5637 5723 5638
5408 5436 5585
5408 5585 5617
5466 5407 5410
5466 5410 5470
5503 5712 5504
5409 5408 5617
5409 5617 5458
5724 5725 5622
5726 5725 5727
5728 5729 5730
5619 5708 5624
5731 5712 5503
5732 5733 5491
5732 5491 5490
5734 5735 5665
5734 5665 5678
5735 5736 5666
5735 5666 5665
5710 5737 5738
5710 5738 5545
5657 5479 5739
5657 5739 5740
5741 5541 5540
5741 5540 5742
5743 5481 5744
5743 5744 5745
5746 5482 5481
5746 5481 5743
5747 5748 5749
5670 5673 5681
5670 5681 5750
5669 5674 5673
5669 5673 5670
5480 5535 5744
5480 5744 5481
5409 5527 5627
5409 5627 5410
5751 5383 5422
5717 5387 5390
5708 5752 5709
5478 5387 5704
5729 5731 5730
5565 5753 5754
5565 5754 5566
5464 5611 5755
5464 5755 5465
5413 5415 5418
5413 5418 5414
5454 5683 5444
5454 5444 5443
5418 5417 5756
5418 5756 5702
5757 5758 5414
5757 5414 5703
5759 5760 5761
5762 5586 5550
5762 5550 5549
5763 5764 5765
5766 5764 5562
5766 5562 5555
5767 5768 5769
5767 5769 5770
5769 5771 5772
5773 5774 5775
5776 5777 5768
5776 5768 5767
5778 5779 5780
5778 5780 5781
5782 5783 5784
5782 5784 5785
5786 5787 5779
5786 5779 5778
5788 5789 5790
5788 5790 5787
5791 5792 5793
5791 5793 5794
5786 5795 5788
5786 5788 5787
5796 5794 5793
5796 5793 5797
5787 5790 5798
5787 5798 5779
5779 5799 5780
5800 5783 5782
5780 5693 5692
5780 5692 5801
5780 5801 5781
5784 5796 5797
5784 5797 5785
5802 5803 5804
5802 5804 5805
5806 5807 5808
5809 5810 5811
5812 5813 5814
5812 5814 5815
5816 5817 5813
5816 5813 5812
5818 5819 5817
5818 5817 5816
5820 5436 5819
5820 5819 5818
5583 5585 5821
5822 5823 5754
5822 5754 5753
5527 5489 5659
5584 5824 5825
5584 5825 5459
5459 5825 5826
5459 5826 5460
5462 5441 5444
5462 5444 5463
5417 5432 5461
5417 5461 5756
5707 5621 5620
5707 5620 5705
5438 5682 5827
5438 5827 5715
5705 5620 5623
5705 5623 5828
5683 5437 5463
5683 5463 5444
5402 5469 5468
5402 5468 5403
5469 5402 5829
5469 5829 5634
5682 5438 5437
5682 5437 5683
5416 5433 5432
5416 5432 5417
5457 5827 5682
5457 5682 5453
5830 5831 5832
5833 5556 5582
5834 5835 5689
5834 5689 5586
5697 5588 5587
5697 5587 5694
5690 5567 5586
5690 5586 5689
5836 5568 5567
5836 5567 5690
5837 5838 5839
5837 5839 5840
5690 5577 5626
5690 5626 5836
5841 5698 5701
5842 5843 5844
5845 5846 5847
5792 5791 5848
5792 5848 5849
5795 5850 5851
5795 5851 5788
5852 5853 5854
5855 5849 5848
5855 5848 5856
5847 5846 5857
5847 5853 5852
5844 5843 5858
5807 5859 5808
5860 5807 5806
5861 5859 5807
5517 5530 5532
5531 5862 5863
5862 5531 5530
5749 5864 5865
5865 5747 5749
5866 5486 5867
5867 5486 5644
5868 5869 5486
5869 5487 5486
5870 5609 5714
5642 5639 5643
5643 5639 5596
5731 5503 5539
5539 5503 5502
5489 5527 5458
5410 5627 5616
5871 5615 5660
5545 5548 5615
5871 5710 5615
5596 5595 5638
5389 5474 5449
5389 5449 5448
5442 5717 5443
5584 5459 5585
5617 5459 5458
5661 5662 5526
5773 5872 5800
5612 5483 5485
5612 5485 5473
5873 5874 5613
5558 5427 5430
5558 5430 5520
5473 5485 5471
5473 5471 5474
5449 5472 5509
5449 5509 5450
5520 5430 5525
5520 5525 5521
5450 5509 5687
5450 5687 5528
5474 5471 5472
5474 5472 5449
5528 5687 5427
5528 5427 5558
5691 5777 5776
5691 5776 5875
5485 5379 5382
5485 5382 5471
5874 5483 5613
5476 5656 5873
5476 5873 5613
5613 5483 5612
5510 5484 5483
5510 5483 5874
5685 5599 5598
5875 5692 5691
5801 5692 5875
5872 5876 5800
5501 5500 5661
5662 5877 5526
5876 5783 5800
5877 5495 5526
5676 5736 5735
5677 5735 5734
5544 5543 5733
5544 5733 5732
5676 5735 5677
5740 5739 5651
5740 5651 5650
5737 5645 5648
5737 5648 5738
5633 5670 5750
5633 5750 5664
5516 5746 5743
5516 5743 5530
5530 5743 5745
5530 5745 5862
5507 5741 5742
5507 5742 5508
5865 5629 5630
5865 5630 5747
5705 5828 5385
5705 5385 5384
5878 5815 5814
5878 5814 5879
5880 5881 5882
5880 5882 5883
5464 5463 5437
5464 5437 5440
5420 5696 5695
5420 5695 5421
5716 5759 5761
5716 5761 5439
5884 5789 5788
5884 5788 5851
5636 5829 5402
5636 5402 5405
5577 5689 5835
5577 5835 5578
5699 5885 5886
5699 5886 5700
5714 5440 5439
5714 5439 5761
5882 5833 5582
5882 5582 5883
5401 5400 5635
5714 5887 5870
5888 5846 5845
5889 5406 5890
5755 5610 5891
5446 5395 5434
5842 5844 5878
5842 5878 5879
5850 5845 5847
5850 5847 5851
5856 5892 5855
5880 5893 5881
5852 5884 5851
5852 5851 5847
5857 5853 5847
5714 5609 5611
5894 5760 5759
5580 5895 5625
5383 5751 5896
5761 5887 5714
5890 5406 5401
5761 5760 5887
5579 5895 5580
5897 5843 5842
5405 5404 5890
5405 5890 5401
5384 5383 5896
5384 5896 5706
5611 5610 5755
5396 5395 5446
5606 5391 5608
5799 5693 5780
5798 5799 5779
5810 5898 5803
5593 5592 5688
5593 5688 5899
5523 5684 5618
5900 5901 5902
5903 5904 5905
5906 5907 5908
5906 5908 5909
5910 5911 5912
5913 5914 5915
5916 5917 5918
5916 5918 5919
5920 5921 5922
5923 5924 5925
5923 5925 5926
5927 5928 5929
5927 5929 5930
5931 5932 5933
5931 5933 5934
5935 5933 5932
5935 5932 5936
5937 5907 5906
5937 5906 5938
5920 5922 5939
5920 5939 5940
5941 5942 5943
5941 5943 5944
5929 5928 5945
5929 5945 5946
5947 5948 5931
5947 5931 5949
5936 5932 5915
5936 5915 5914
5946 5945 5950
5946 5950 5951
5952 5953 5954
5955 5956 5957
5958 5912 5959
5942 5922 5960
5942 5960 5961
5962 5927 5930
5962 5930 5963
5964 5948 5947
5965 5966 5967
5965 5967 5968
5969 5970 5971
5923 5972 5973
5974 5975 5976
5974 5976 5977
5934 5933 5978
5934 5978 5979
5978 5933 5935
5978 5935 5966
5980 5962 5963
5980 5963 5981
5913 5982 5983
5913 5983 5984
5961 5960 5985
5961 5985 5986
5909 5908 5987
5909 5987 5988
5989 5953 5952
5950 5990 5991
5950 5991 5951
5979 5978 5992
5979 5992 5993
5958 5921 5994
5995 5980 5981
5995 5981 5996
5987 5916 5919
5987 5919 5988
5997 5998 5999
5997 5999 6000
5997 6001 6002
5965 5968 5923
5902 5901 6003
5926 5925 5900
5926 5900 5970
5986 5904 5903
5904 5998 5905
6000 5999 5911
6000 5911 6004
6005 5911 5910
5901 6006 6000
5901 6000 6004
5912 6007 5985
5912 5985 5959
5911 6005 6004
5959 5985 5960
5959 5960 5921
5900 5902 5970
5993 5992 5926
5993 5926 5970
5921 5960 5922
5911 5999 6007
5911 6007 5912
5994 5921 5920
6007 5999 5998
6007 5998 5904
5905 5998 6002
6008 6001 5973
6006 5925 5924
6006 5924 6001
6002 5998 5997
5903 5961 5986
5926 5992 5965
5926 5965 5923
5992 5978 5966
5992 5966 5965
5943 5961 6009
5939 5922 5942
5939 5942 5941
5973 5924 5923
5985 6007 5904
5985 5904 5986
6010 5934 5979
6010 5979 6011
5949 5931 5934
5949 5934 6010
6011 5979 5993
6011 5993 5969
5993 5970 5969
5910 5912 5958
5959 5921 5958
6009 5961 5903
5942 5961 5943
6012 5936 5914
6012 5914 6013
5935 6014 5967
5935 5967 5966
6014 5935 5936
6014 5936 6012
6013 5914 5984
5984 5914 5913
5913 5948 5964
5948 5915 5932
5948 5932 5931
5913 5915 5948
5982 6015 6016
5982 6016 5983
6015 5953 5989
6015 5989 6016
5990 6017 6018
5990 6018 5991
6017 5956 5955
6017 5955 6018
6019 6020 6015
6019 6015 5982
6020 5954 5953
6020 5953 6015
6019 5982 5913
6019 5913 5964
6000 6006 6001
6000 6001 5997
5900 5925 6006
5900 6006 5901
6005 5901 6004
5973 6001 5924
6002 6001 6008
5968 5972 5923
5918 5917 5975
5918 5975 5974
5901 6005 6003
5970 5902 5971
5976 5995 5996
5976 5996 5977
5821 5436 5820
5821 5585 5436
