byte offset: 0
first index: 0
index count: 15405
topology: trianglelist
format: DXGI_FORMAT_R16_UINT

0 1 2
0 2 3
4 1 0
4 0 5
6 7 8
9 6 8
10 11 12
13 11 10
13 10 14
15 16 17
15 17 18
19 7 6
19 6 20
6 9 21
6 21 20
3 19 20
3 20 0
20 21 5
20 5 0
15 13 14
15 14 16
22 23 24
22 24 25
26 23 27
28 29 30
28 30 31
32 33 34
32 34 29
35 36 34
37 38 39
37 39 40
41 42 34
41 34 33
35 34 42
42 41 43
42 43 44
45 46 36
45 36 35
47 48 49
47 50 48
50 47 51
50 51 52
53 54 55
53 55 56
57 58 59
57 59 60
61 60 62
61 62 63
63 62 64
63 64 65
66 67 68
66 68 69
70 71 67
70 67 72
68 67 71
73 74 71
73 71 70
75 76 71
75 71 74
77 61 63
77 63 78
78 63 65
78 65 79
80 81 82
80 82 83
84 85 81
84 81 80
86 87 88
86 88 89
90 91 92
90 92 93
94 92 95
94 95 96
93 92 94
93 94 97
31 98 99
31 99 100
69 101 102
69 102 103
104 101 69
104 69 68
68 76 104
105 106 107
105 107 108
109 110 111
109 111 112
113 109 112
113 112 114
115 116 117
115 117 118
119 120 31
119 31 30
121 122 22
121 22 123
122 121 124
122 124 125
126 127 128
126 128 129
130 128 127
130 127 131
132 130 131
132 131 133
134 135 136
134 136 137
138 121 123
138 123 139
140 141 142
140 142 143
126 144 145
126 145 127
145 146 131
145 131 127
146 147 133
146 133 131
148 149 135
148 135 134
150 151 152
150 152 153
154 155 150
154 150 153
156 151 150
156 150 157
155 158 159
160 156 157
160 157 161
158 162 163
164 165 166
164 166 167
168 169 162
168 162 170
171 164 167
171 167 172
159 163 173
174 167 166
157 159 173
159 157 150
175 176 177
175 177 178
179 180 181
179 181 182
183 184 185
183 185 186
26 187 188
26 188 189
190 191 192
190 192 187
193 194 195
193 195 196
197 196 195
197 195 198
196 199 200
196 200 193
201 199 196
201 196 197
199 202 203
199 203 200
204 202 199
204 199 201
205 206 207
205 207 208
209 208 207
209 207 210
211 212 213
211 213 214
215 216 214
215 214 213
217 218 219
217 219 220
221 222 223
221 223 224
225 226 227
225 227 228
229 230 231
229 231 232
233 234 235
233 235 236
178 177 237
178 237 238
239 240 241
242 243 244
242 244 245
243 246 247
243 247 244
248 249 250
251 252 253
251 253 254
253 255 256
253 256 254
257 258 259
257 259 260
260 259 261
260 261 262
145 144 152
145 152 151
140 263 152
140 152 144
146 145 151
264 265 266
264 266 267
268 269 270
268 270 271
272 273 274
275 276 58
275 58 57
277 278 279
280 281 282
283 284 285
283 285 286
287 288 289
287 289 290
285 291 292
285 292 286
288 287 293
288 293 294
111 295 296
111 296 112
114 297 298
114 298 115
115 298 299
115 299 116
300 301 302
300 302 303
304 305 306
304 306 307
308 309 306
308 306 310
311 301 300
309 312 307
309 307 306
313 314 315
212 316 317
212 317 213
220 219 318
220 318 319
320 321 322
323 317 316
224 319 318
224 318 221
320 322 324
311 300 277
303 325 326
303 326 300
327 328 329
330 326 325
330 325 331
278 277 326
277 300 326
257 332 333
257 333 256
334 335 336
337 338 339
337 339 340
340 339 341
340 341 342
343 344 342
343 342 341
225 242 345
225 345 346
228 231 246
228 246 243
347 233 236
347 236 250
348 349 240
348 240 251
350 348 251
350 251 254
351 178 238
351 238 352
232 231 228
232 228 227
230 353 246
230 246 231
134 137 132
134 132 133
147 148 134
147 134 133
256 255 258
256 258 257
265 268 271
265 271 266
354 355 268
354 268 265
72 67 66
72 66 53
272 274 356
357 89 88
357 88 358
291 359 360
291 360 292
312 361 362
312 362 307
363 364 301
363 301 311
69 103 365
69 365 66
170 366 367
170 367 168
368 171 172
369 344 343
350 254 256
350 256 333
354 265 264
354 264 370
371 372 373
332 257 260
332 260 374
374 260 262
374 262 375
376 377 337
378 340 342
379 380 377
381 382 383
380 379 382
380 382 381
384 385 386
384 386 366
387 170 162
387 162 388
388 158 155
154 389 155
187 192 390
187 390 188
391 392 393
391 393 394
395 396 397
395 397 398
399 395 398
399 398 400
401 402 403
401 403 404
405 406 395
405 395 399
395 406 407
395 407 396
408 406 405
408 405 409
410 411 412
410 413 411
414 407 406
414 406 408
415 416 417
415 417 418
417 419 420
417 420 418
416 415 421
416 421 422
423 424 403
423 403 402
425 426 427
425 427 428
188 429 189
390 430 188
431 432 433
431 433 421
434 399 400
434 400 435
427 426 434
427 434 436
433 437 422
433 422 421
438 428 427
37 439 191
37 191 190
194 193 440
441 397 396
396 407 441
411 403 424
411 424 412
404 403 411
404 411 413
407 414 441
442 443 444
442 444 445
281 280 446
447 448 33
447 33 32
122 449 450
122 450 451
452 453 454
241 455 456
39 100 457
39 457 40
458 459 418
458 418 420
420 419 460
420 460 439
107 106 444
107 444 443
141 126 129
141 129 461
462 463 464
463 465 464
457 195 194
457 194 459
195 457 100
195 100 198
459 440 415
459 415 418
459 194 440
316 212 466
316 466 467
22 122 451
466 212 211
466 211 468
469 98 470
471 190 187
471 187 26
440 431 421
440 421 415
100 28 31
30 29 36
472 51 47
472 47 44
473 472 44
473 44 43
53 56 474
283 475 476
122 125 449
477 86 89
477 89 478
139 123 25
23 26 189
23 189 24
276 474 56
276 56 58
123 22 25
44 47 49
44 49 42
450 448 479
450 479 451
23 451 479
59 58 56
59 56 55
480 45 35
480 35 49
263 462 153
263 153 152
169 168 174
172 167 168
172 168 367
366 386 481
366 481 367
170 387 384
368 172 367
329 328 482
25 429 483
189 429 24
46 119 30
46 30 36
66 365 54
66 54 53
138 454 484
241 240 485
486 239 241
486 241 456
487 139 488
489 490 377
489 377 380
489 491 490
183 186 492
183 492 493
179 182 494
179 494 495
24 429 25
316 467 496
497 446 280
498 499 383
499 498 500
482 501 502
344 369 378
344 378 342
502 501 503
504 505 323
504 323 506
38 447 32
38 32 39
267 507 264
489 380 381
373 372 370
373 370 264
264 507 373
502 280 329
327 329 508
282 508 329
282 329 280
509 510 511
509 511 512
513 514 515
516 517 518
519 520 521
519 521 522
523 524 525
523 525 526
523 526 527
523 527 528
528 527 529
528 529 530
530 529 531
530 531 532
533 534 535
533 535 536
537 538 539
540 541 542
540 542 543
544 545 546
544 546 547
548 549 550
548 550 551
544 552 553
544 553 545
554 555 556
557 558 559
557 559 560
561 562 563
564 565 566
567 568 569
567 569 570
571 572 562
554 556 573
574 524 523
574 523 575
576 575 577
576 577 578
579 580 581
579 581 582
578 577 579
578 579 582
583 584 585
586 587 588
589 590 591
563 572 565
565 592 593
565 593 563
551 550 594
551 594 595
543 542 560
543 560 559
596 597 598
592 599 598
592 598 593
510 600 601
510 601 511
602 584 519
602 519 522
603 574 604
603 604 605
606 585 607
606 607 608
609 520 519
609 519 610
611 612 613
611 613 614
615 616 617
590 618 619
590 619 570
567 620 621
567 621 572
622 623 624
622 624 625
585 606 626
627 628 614
587 629 630
520 631 632
520 632 521
633 631 520
633 520 609
628 627 634
628 634 635
634 627 636
637 638 639
637 639 640
640 639 534
638 641 639
535 639 641
642 643 644
645 646 647
645 647 648
545 649 650
545 650 546
651 543 559
651 559 652
653 654 655
656 657 658
659 660 661
659 661 662
663 664 665
620 619 666
620 666 667
623 668 669
623 669 667
670 668 671
670 671 672
673 670 672
673 672 674
673 675 676
673 676 670
677 678 679
677 679 680
680 681 675
680 675 673
624 623 667
624 667 666
513 682 514
683 684 685
683 685 686
687 688 609
687 609 610
689 690 691
689 691 692
693 633 694
693 694 695
696 697 698
696 698 699
700 566 701
700 701 702
697 700 702
697 702 698
703 669 704
565 704 701
705 706 707
705 707 699
576 708 709
576 709 604
708 576 578
708 578 710
578 582 711
578 711 710
604 709 712
713 714 715
713 716 717
576 604 574
576 574 575
575 523 528
575 528 577
577 528 530
577 530 579
603 651 524
603 524 574
524 651 718
524 718 525
719 720 653
646 719 721
719 646 645
719 645 720
618 588 666
618 666 619
722 705 699
722 699 698
701 723 724
701 724 702
722 698 702
722 702 724
725 726 727
728 729 730
626 731 732
723 701 704
723 704 733
690 689 734
690 734 735
736 688 687
737 736 687
484 124 121
484 121 138
452 454 138
139 25 488
22 451 23
23 479 27
26 27 471
738 739 740
738 740 741
742 743 744
742 744 745
746 747 745
746 745 744
742 748 749
742 749 743
750 751 752
750 752 753
754 755 756
754 756 757
754 758 759
754 759 760
761 759 758
761 758 762
763 764 765
766 767 762
768 769 770
768 770 771
772 773 774
768 775 776
768 776 769
775 777 778
775 778 776
778 777 779
778 779 780
781 780 779
781 779 782
783 781 782
783 782 784
785 783 784
785 784 786
787 785 786
787 786 788
789 790 791
789 791 788
787 788 791
787 791 792
776 778 793
778 794 795
778 795 793
796 795 794
796 794 797
798 796 797
798 797 799
800 801 802
800 802 793
803 800 793
803 793 795
796 804 803
796 803 795
798 805 804
798 804 796
806 802 801
806 801 807
773 808 809
773 809 774
808 810 811
808 811 809
810 812 813
810 813 811
812 814 815
812 815 813
816 817 815
816 815 814
818 819 817
818 817 816
820 789 819
820 819 818
820 821 790
820 790 789
822 823 824
822 824 825
826 827 825
826 825 824
828 829 827
828 827 826
830 831 829
830 829 828
832 833 834
832 834 835
836 832 835
836 835 837
838 839 840
838 840 841
829 842 808
829 808 827
843 844 832
843 832 836
838 841 845
838 845 846
847 848 807
847 807 849
849 807 801
849 801 850
850 801 800
850 800 851
851 800 803
851 803 852
805 853 854
805 854 804
855 856 857
858 859 856
858 856 860
861 858 860
861 860 862
863 864 865
866 867 868
866 868 869
870 871 872
870 872 873
874 875 871
874 871 870
876 877 878
879 880 881
879 881 882
880 883 884
880 884 881
885 886 887
885 887 888
885 888 889
885 889 890
891 892 890
891 890 889
893 892 891
893 891 894
893 894 895
893 895 896
826 824 897
826 897 898
828 826 898
828 898 899
830 828 899
830 899 900
835 834 901
835 901 902
903 866 874
903 874 904
867 905 906
867 906 907
908 909 910
908 910 911
912 913 914
912 914 864
915 916 917
915 917 839
839 917 918
839 918 840
903 919 920
903 920 905
904 874 870
904 870 921
922 886 923
886 924 923
924 886 885
924 885 925
926 925 885
926 885 890
927 926 890
927 890 892
928 927 892
928 892 893
924 929 930
924 930 923
925 931 929
925 929 924
926 932 931
926 931 925
927 933 932
927 932 926
928 934 933
928 933 927
928 935 936
928 936 934
937 938 939
940 941 922
940 922 923
942 940 923
942 923 930
943 944 865
941 940 945
946 908 911
946 911 947
909 948 949
909 949 910
950 951 952
950 952 953
954 955 956
954 956 957
957 956 958
957 958 959
952 951 960
952 960 961
962 963 945
964 965 966
967 968 969
967 969 970
971 972 973
971 973 968
972 971 974
975 976 977
975 977 978
947 979 978
947 978 977
864 863 980
864 980 912
981 982 912
981 912 980
983 984 985
983 985 986
987 983 986
987 986 988
810 808 842
810 842 985
989 941 963
941 989 990
941 990 922
991 992 747
991 747 746
848 770 806
922 993 887
922 887 886
994 979 947
994 947 911
995 994 911
995 911 910
996 949 906
996 906 997
997 906 905
997 905 920
998 904 921
998 921 999
902 1000 837
902 837 835
761 965 964
1001 759 761
1001 761 964
1002 760 759
1002 759 1001
1003 1004 1005
1003 1005 1006
1007 749 748
1007 748 1008
824 823 1009
824 1009 897
940 942 1010
774 768 771
774 771 772
809 775 768
809 768 774
777 775 809
777 809 811
779 777 811
779 811 813
782 779 813
782 813 815
784 782 815
784 815 817
786 784 817
786 817 819
789 788 786
789 786 819
1011 1012 1013
1014 988 1015
833 831 830
833 830 834
834 830 900
834 900 901
910 949 996
910 996 995
1016 1017 1018
977 946 947
907 1019 867
833 832 844
833 844 1020
907 906 949
907 949 948
914 943 864
948 1019 907
1019 1021 868
1019 868 867
982 1022 913
982 913 912
831 1023 842
831 842 829
842 1023 985
986 985 1023
986 1023 1020
773 825 827
773 827 808
752 756 1024
752 1024 739
751 757 756
751 756 752
767 766 764
767 764 763
772 822 773
748 742 1025
748 1025 1003
992 741 740
992 740 747
1026 1024 1027
1026 1027 1025
976 1028 974
976 974 971
1008 748 1003
1008 1003 1006
740 739 1024
740 1024 1026
1025 1027 1004
1025 1004 1003
793 802 776
769 776 802
769 802 806
806 770 769
600 587 586
600 586 601
1029 511 601
1029 601 617
190 471 38
190 38 37
124 1030 1031
124 1031 125
439 37 458
27 479 448
27 448 447
449 43 41
449 41 450
453 1032 1033
453 1033 454
450 41 33
450 33 448
1033 1034 484
1033 484 454
471 27 447
471 447 38
1034 1030 124
1034 124 484
449 473 43
449 1035 473
449 125 1035
138 139 487
138 487 452
191 1036 192
1037 1038 1039
1037 1039 346
346 345 1037
29 28 39
29 39 32
40 457 459
40 459 458
39 28 100
182 1040 494
473 1035 182
473 182 181
460 1036 191
460 191 439
439 458 420
46 45 55
46 55 54
48 60 59
48 59 480
50 62 60
50 60 48
52 64 62
52 62 50
108 111 110
108 110 105
119 365 103
119 103 120
1041 279 278
1041 278 282
103 102 470
103 470 120
59 55 45
59 45 480
46 54 365
46 365 119
508 330 331
508 331 1042
282 278 330
282 330 508
458 37 40
99 98 469
120 98 31
470 98 120
92 91 95
1043 1044 91
1043 91 1045
276 275 1046
276 1046 1047
90 93 1048
278 326 330
1049 1050 1051
1049 1051 1052
1049 1052 1053
1049 1053 1054
1055 1056 1057
1055 1057 1058
1055 1058 1059
1055 1059 1060
1061 1062 1063
1061 1063 1064
1064 1063 1065
1064 1065 1066
1063 1062 1067
1063 1067 1068
1065 1063 1068
68 71 76
87 86 1069
87 1069 1070
290 289 1071
290 1071 1072
1073 302 301
1073 301 364
304 307 362
304 362 1074
86 477 1045
86 1045 1069
478 1075 1076
478 1076 477
95 91 1044
1050 1049 74
1050 74 73
75 74 1049
75 1049 1054
1067 1062 1058
1067 1058 1057
1062 1061 1059
1062 1059 1058
78 80 83
78 83 77
79 84 80
79 80 78
114 115 118
114 118 113
112 296 297
112 297 114
206 203 202
206 202 207
1077 216 215
1077 215 1078
1079 1080 1081
1079 1081 1082
1078 215 1083
1078 1083 1084
1084 1083 1079
1084 1079 1082
1080 1079 505
213 317 1083
213 1083 215
1079 1083 323
409 405 426
409 426 425
433 432 423
433 423 402
392 435 393
426 405 399
426 399 434
402 401 437
402 437 433
1080 505 1085
505 1079 323
504 1086 1085
504 1085 505
323 1083 317
323 316 1087
435 392 434
391 1088 436
391 436 392
434 392 436
1089 1090 665
1089 1091 1092
665 1090 1093
665 1093 1094
1095 663 665
1095 665 1094
512 1094 1093
512 1093 509
1096 636 1097
1098 1095 1094
1098 1094 512
536 535 1099
536 1099 1100
624 666 588
624 588 630
612 611 606
612 606 608
618 590 615
611 628 606
625 624 630
625 630 1101
628 635 731
588 618 586
570 569 591
570 591 590
541 540 534
541 534 533
572 571 568
572 568 567
570 619 620
570 620 567
534 639 535
620 667 703
668 623 622
668 622 671
668 670 676
668 676 669
631 1102 1103
631 1103 632
693 1102 631
693 631 633
680 673 674
680 674 677
680 679 1104
680 1104 681
633 609 688
633 688 694
692 691 686
692 686 685
1102 1105 1106
1102 1106 1103
1102 693 729
1102 729 1105
684 683 1107
684 1107 1108
607 585 584
607 584 602
583 610 519
583 519 584
583 732 610
620 703 621
704 565 621
704 621 703
703 667 669
618 615 586
588 587 630
428 438 1109
629 1110 1101
629 1101 630
613 1111 614
612 1112 613
436 1088 427
1113 1109 438
600 629 587
427 1088 438
1111 627 614
636 627 1111
497 1114 446
502 503 497
640 603 605
640 605 637
640 651 603
640 540 651
651 540 543
1115 656 558
1115 558 557
593 597 561
598 597 593
561 563 593
562 572 563
721 719 653
721 653 655
558 658 652
558 652 559
653 720 1116
656 658 558
638 637 1117
1117 637 605
1117 605 712
610 732 687
687 732 737
1117 726 725
604 712 605
712 709 726
1117 712 726
628 731 626
316 496 1087
323 1087 506
498 1118 1119
626 732 583
583 585 626
606 628 626
640 534 540
535 641 1099
614 628 611
230 229 234
230 234 233
351 183 493
351 493 1120
184 183 351
184 351 352
1121 247 246
1121 246 353
353 230 233
353 233 347
1030 142 1122
1030 1122 1031
1032 465 463
1032 463 1033
463 143 1034
463 1034 1033
143 142 1030
143 1030 1034
1035 1031 1040
455 1123 456
1035 1040 182
144 126 141
144 141 140
180 179 186
180 186 185
346 1039 226
346 226 225
1124 345 242
1124 242 245
263 140 143
225 228 243
225 243 242
1122 142 141
1122 141 461
154 153 462
154 462 464
464 1125 154
462 263 143
495 492 186
495 186 179
1035 125 1031
240 239 251
239 486 252
251 239 252
240 349 485
500 498 1119
161 166 165
161 165 160
163 169 174
163 174 173
173 174 166
173 166 161
377 490 338
377 338 337
163 162 169
158 163 159
155 159 150
376 337 340
379 377 376
498 383 382
157 173 161
174 168 167
945 940 1010
941 945 963
962 945 1126
1126 945 1010
1020 1023 831
1020 831 833
1127 878 877
848 806 807
1128 859 798
1128 798 799
859 858 805
859 805 798
858 861 853
858 853 805
882 1129 1130
882 1130 879
953 955 954
953 954 950
852 803 804
852 804 854
1129 876 878
1129 878 1130
810 985 984
773 822 825
762 767 1131
745 1026 1025
745 1025 742
747 740 1026
747 1026 745
771 770 746
771 746 744
749 823 822
749 822 743
976 975 1028
746 770 848
746 848 991
749 1007 1009
749 1009 823
772 771 744
772 744 743
743 822 772
1132 1133 751
1132 751 750
757 1134 758
757 758 754
760 1135 755
760 755 754
969 968 973
1002 1136 1135
1002 1135 760
1133 1134 757
1133 757 751
739 738 753
739 753 752
755 1027 1024
755 1024 756
1136 1005 1004
1136 1004 1135
1135 1004 1027
1135 1027 755
765 764 1133
765 1133 1132
1134 766 762
1134 762 758
967 970 1137
764 766 1134
764 1134 1133
1138 1139 1140
1141 1138 1140
1018 1142 1016
1139 1143 1140
1018 1144 1145
1017 1146 1144
1017 1144 1018
837 915 1147
837 1147 836
836 1147 1148
836 1148 843
875 874 866
875 866 869
905 867 866
905 866 903
904 998 919
904 919 903
916 915 837
916 837 1000
915 839 838
915 838 1147
1147 838 846
1147 846 1148
870 873 1145
921 1146 1149
921 1149 999
982 981 1150
987 988 1014
1012 1151 1152
1012 1152 1013
988 986 1020
988 1020 1015
1022 982 1150
865 864 943
1153 992 991
1153 991 1154
1155 741 992
1155 992 1153
1155 738 741
1154 991 848
1154 848 847
1126 1156 962
25 483 488
1157 1158 1159
1157 1159 1160
1157 1160 1161
1157 1161 1162
1163 1164 1165
1163 1165 1166
1167 1168 1169
1167 1169 1170
1171 1172 1173
1171 1173 1174
1175 1176 1172
1175 1172 1171
1177 1178 1176
1177 1176 1175
1179 1180 1181
1182 1183 1184
1182 1184 1185
1183 1186 1187
1183 1187 1184
1188 1189 1190
1188 1190 1191
1192 1191 1190
1192 1193 1194
1192 1194 1195
1195 1194 1196
1195 1196 1197
1197 1196 1198
1197 1198 1199
1200 1201 1202
1200 1202 1203
1204 1205 1206
1204 1206 1207
1208 1201 1200
1208 1200 1209
1205 1210 1211
1205 1211 1206
1209 1212 1208
1211 1210 1213
1208 1212 1214
1215 1216 1217
1215 1217 1218
1216 1164 1219
1216 1219 1217
1220 1221 1222
1220 1222 1223
1222 1224 1225
1226 1227 1228
1221 1220 1229
1227 1226 1221
1227 1221 1229
1230 1231 1232
1233 1234 1235
1233 1235 1236
1237 1238 1234
1237 1234 1233
1239 1240 1241
1239 1241 1242
1243 1244 1240
1243 1240 1239
1245 1246 1244
1245 1244 1243
1247 1248 1246
1247 1246 1245
1248 1247 1249
1213 1210 1250
1202 1251 1252
1202 1252 1253
1254 1204 1207
1254 1207 1255
1253 1252 1256
1253 1256 1178
1198 1254 1255
1198 1255 1199
1242 1241 1238
1242 1238 1237
1194 1193 1257
1194 1258 1259
1194 1259 1196
1260 1261 1254
1260 1254 1198
1261 1262 1204
1261 1204 1254
1204 1262 1263
1204 1263 1205
1250 1210 1205
1250 1205 1263
1259 1260 1198
1259 1198 1196
1163 1264 1219
1163 1219 1164
1168 1265 1266
1168 1266 1169
1172 1267 1268
1172 1268 1173
1176 1269 1267
1176 1267 1172
1178 1256 1269
1178 1269 1176
1270 1271 1216
1270 1216 1215
1271 1165 1164
1271 1164 1216
1253 1272 1203
1253 1203 1202
1178 1177 1272
1178 1272 1253
1159 1273 1274
1159 1274 1275
1270 1275 1274
1270 1274 1276
1265 1277 1278
1265 1278 1266
1279 1280 1166
1279 1166 1165
1281 1282 1268
1281 1268 1267
1283 1281 1267
1283 1267 1269
1284 1285 1256
1284 1256 1252
1214 1286 1201
1214 1201 1208
1276 1287 1271
1276 1271 1270
1287 1279 1165
1287 1165 1271
1285 1283 1269
1285 1269 1256
1202 1201 1251
1288 1284 1252
1288 1252 1251
1251 1201 1286
1251 1286 1288
1159 1275 1289
1159 1289 1160
1182 1185 1290
1226 1228 1291
1226 1291 1231
1160 1289 1292
1160 1292 1161
1158 1293 1273
1158 1273 1159
1170 1169 1157
1170 1157 1162
1231 1291 1232
1169 1266 1158
1169 1158 1157
1266 1278 1293
1266 1293 1158
1294 1295 1296
1294 1296 1297
1295 1294 1180
1275 1270 1215
1275 1215 1289
1298 1297 1296
1298 1296 1290
1289 1215 1218
1289 1218 1292
1174 1173 1299
1174 1299 1300
1236 1235 1301
1236 1301 1302
1173 1268 1303
1173 1303 1299
1304 1303 1268
1304 1268 1282
1300 1299 1168
1300 1168 1167
1187 1186 1189
1187 1189 1188
1305 1302 1301
1305 1301 1306
1299 1303 1265
1299 1265 1168
1303 1304 1277
1303 1277 1265
762 1131 761
1295 1180 1179
761 1131 965
1222 1225 1223
1307 634 1308
635 634 537
635 537 539
537 634 1307
1137 1309 967
327 508 1042
282 281 1041
634 636 1096
498 382 1118
481 1310 368
368 367 481
34 36 29
154 1125 389
462 143 463
464 465 1125
388 155 389
388 162 158
170 384 366
49 48 480
35 42 49
188 430 429
565 701 566
1308 634 1096
512 511 1029
512 1029 1098
617 601 586
617 586 615
589 616 590
1192 1311 1193
1192 1190 1311
590 616 615
1089 664 1091
1296 1295 1312
1296 1312 1313
1290 1314 1182
1314 1290 1296
1314 1296 1313
1312 1295 1179
665 664 1089
1194 1257 1258
1315 1257 1316
1316 1257 1317
1317 1318 1316
1258 1257 1315
1193 1311 1257
1290 1185 1298
89 357 478
1047 474 276
283 476 284
497 280 502
329 482 502
376 340 378
1230 1232 1319
704 669 733
1320 1321 1322
1320 1322 1323
1323 1322 1324
1325 1326 1327
1325 1327 1328
1329 1330 1331
1329 1331 1332
1333 1334 1320
1333 1320 1323
1324 1333 1323
1335 1336 1337
1335 1337 1338
1339 1340 1341
1339 1341 1342
1343 1341 1340
1344 1325 1328
1344 1328 1345
1338 1337 1346
1338 1346 1347
1348 1326 1325
1348 1325 1349
1350 1351 1352
1350 1352 1353
1354 1355 1332
1354 1332 1331
1356 1349 1325
1356 1325 1344
1357 1335 1338
1357 1338 1358
1359 1360 1361
1359 1361 1362
1363 1357 1364
1363 1364 1365
1366 1367 1358
1366 1358 1368
1369 1343 1370
1362 1361 1369
1362 1369 1370
1332 1320 1334
1332 1334 1329
1339 1342 1351
1339 1351 1350
1355 1321 1320
1355 1320 1332
1363 1365 1360
1363 1360 1359
1339 1362 1370
1339 1370 1340
1353 1363 1359
1353 1359 1350
1347 1368 1358
1347 1358 1338
1350 1359 1362
1350 1362 1339
1343 1340 1370
1353 1352 1336
1353 1336 1335
1349 1331 1330
1349 1330 1348
1354 1331 1349
1354 1349 1356
1363 1353 1335
1363 1335 1357
1357 1358 1367
1357 1367 1364
1371 1372 1373
1371 1373 1374
1375 1371 1374
1375 1374 1376
1377 1378 1376
1377 1376 1374
1379 1377 1374
1379 1374 1373
1371 1375 1380
1371 1380 1381
1381 1382 1372
1381 1372 1371
1383 1384 1385
1383 1385 1386
1387 1388 1384
1387 1384 1383
1389 1390 1387
1389 1387 1383
1389 1383 1386
1389 1386 1391
1378 1377 1392
1378 1392 1393
1377 1379 1394
1377 1394 1392
1395 1396 1397
1395 1397 1398
1395 1398 1392
1395 1392 1394
1399 1393 1392
1399 1392 1398
1400 1399 1398
1400 1398 1397
1401 1402 1397
1401 1397 1396
1403 1400 1397
1403 1397 1402
1404 1403 1402
1404 1402 1405
1406 1405 1402
1406 1402 1401
1407 1408 1382
1407 1382 1381
1409 1410 1408
1409 1408 1407
1411 1409 1407
1411 1407 1412
1412 1407 1381
1412 1381 1380
1413 1414 1409
1413 1409 1411
1414 1415 1410
1414 1410 1409
1415 1414 1389
1415 1389 1391
1390 1389 1414
1390 1414 1413
1416 1417 1418
1416 1418 1419
1416 1420 1421
1416 1421 1417
1405 1406 1420
1405 1420 1416
1405 1416 1419
1405 1419 1404
1422 1423 1424
1422 1424 1425
1426 1427 1423
1426 1423 1422
1424 1423 1428
1424 1428 1429
1428 1423 1427
1428 1427 1430
1431 1432 1433
1431 1433 1434
1435 1431 1434
1435 1434 1436
1437 1438 1436
1437 1436 1434
1434 1433 1439
1434 1439 1437
1438 1440 1441
1438 1441 1436
1442 1443 1444
1442 1444 1445
1446 1447 1443
1446 1443 1442
1442 1448 1449
1442 1449 1446
1448 1442 1445
1448 1445 1450
1439 1433 1451
1439 1451 1452
1432 1453 1451
1432 1451 1433
1454 1455 1452
1454 1452 1451
1456 1457 1455
1456 1455 1454
1456 1454 1458
1456 1458 1459
1453 1458 1454
1453 1454 1451
1460 1461 1457
1460 1457 1456
1427 1426 1461
1427 1461 1460
1427 1460 1462
1427 1462 1430
1460 1456 1459
1460 1459 1462
1463 1464 1465
1463 1465 1466
1440 1463 1466
1440 1466 1441
1467 1468 1441
1467 1441 1466
1469 1467 1466
1469 1466 1465
1445 1470 1471
1445 1471 1450
1464 1471 1470
1464 1470 1465
1472 1469 1465
1472 1465 1470
1445 1444 1472
1445 1472 1470
1473 1418 1417
1473 1474 1475
1476 1417 1421
1477 1478 1425
1477 1425 1424
1429 1479 1477
1429 1477 1424
1480 1478 1477
1477 1479 1480
1436 1441 1468
1436 1468 1435
1473 1417 1474
1474 1417 1476
1475 1474 1476
277 279 1481
565 572 621
696 699 707
696 707 1482
532 531 1483
532 1483 717
581 580 716
581 716 715
706 1484 518
706 518 707
711 582 581
711 581 1485
579 530 532
579 532 580
1486 1487 1488
1486 1488 1489
1488 1487 1490
1488 1490 1491
1492 1493 1494
1492 1494 1495
1496 1497 1498
1496 1498 1499
319 1500 1494
319 1494 220
224 1496 1500
224 1500 319
136 135 1501
136 1501 1502
149 1503 1501
149 1501 135
262 261 1504
262 1504 1505
269 335 1506
269 1506 270
355 1507 269
355 269 268
262 1505 1508
262 1508 375
1056 1055 274
1056 274 273
1060 356 274
1060 274 1055
1052 1051 1509
1053 1052 1509
1510 1511 1512
1513 1510 1512
1514 1515 1516
1517 314 313
315 314 310
315 310 1518
1519 1520 1521
1519 1521 1495
1522 1520 1519
1522 1519 1499
1523 1524 1525
1523 1525 1526
1527 1528 1525
1527 1525 1524
1521 321 1529
1521 1529 1530
1522 1531 1532
1522 1532 324
82 81 1533
81 85 1533
117 116 1534
116 299 1534
679 678 515
679 515 514
1104 679 514
1104 514 682
693 695 730
693 730 729
1106 1105 728
1105 729 728
1108 1107 1535
859 1128 857
859 857 856
860 856 855
862 860 855
884 883 1536
961 960 1537
364 362 361
364 361 1073
1043 1045 477
1043 477 1076
1070 1069 90
1070 90 1048
1072 1071 360
1072 360 359
1074 362 364
1074 364 363
90 1069 1045
90 1045 91
1482 707 518
1482 518 517
581 715 714
581 714 1485
532 717 716
532 716 580
717 1483 713
715 716 713
518 1484 516
1510 94 96
1510 96 1511
97 94 1510
97 1510 1513
294 293 1515
294 1515 1514
1517 308 310
1517 310 314
1518 310 306
1518 306 305
1507 336 335
1507 335 269
1502 1501 1538
1501 1503 1538
1505 1504 1539
1506 335 334
1508 1505 1539
1489 1488 1524
1489 1524 1523
1524 1488 1491
1524 1491 1527
1530 1492 1495
1530 1495 1521
1499 1498 1531
1499 1531 1522
1500 1519 1495
1500 1495 1494
1499 1519 1500
1499 1500 1496
1520 322 321
1520 321 1521
1522 324 322
1522 322 1520
1526 1525 1540
1525 1528 1540
1529 321 320
324 1532 320
1078 219 218
1078 218 1077
222 221 1082
222 1082 1081
1084 318 219
1084 219 1078
1082 221 318
1082 318 1084
204 210 207
204 207 202
205 208 1487
205 1487 1486
208 209 1490
208 1490 1487
1493 217 220
1493 220 1494
224 223 1497
224 1497 1496
553 552 1541
553 1541 644
551 1542 1543
551 1543 548
595 1544 1542
595 1542 551
649 545 553
649 553 1545
660 1546 1547
660 1547 661
177 176 1548
236 235 248
237 177 1548
250 236 248
1120 175 178
1120 178 351
353 347 1549
353 1549 1121
347 250 249
347 249 1549
99 469 1550
791 790 1551
791 1551 1552
792 791 1552
792 1552 1553
821 1554 1551
821 1551 790
896 895 1555
896 1555 939
935 938 1556
935 1556 936
928 893 896
928 896 935
1542 556 555
1542 555 1543
1544 573 556
1544 556 1542
1545 553 644
1545 644 643
644 1541 642
1547 1546 1557
896 939 938
896 938 935
1552 1551 1558
1553 1552 1558
1551 1554 1558
939 1555 937
1556 938 937
1115 547 546
1115 546 656
598 550 549
598 549 596
599 594 550
599 550 598
648 647 659
648 659 662
656 546 650
656 650 657
841 840 1139
841 1139 1138
1141 845 841
1141 841 1138
873 872 1142
840 918 1143
840 1143 1139
921 870 1145
921 1145 1144
1144 1146 921
1018 1145 873
1018 873 1142
1149 1146 1017
1559 1560 1561
1559 1561 1562
1563 1564 1565
1563 1565 1566
1567 1568 1569
1567 1569 1570
1571 1572 1568
1571 1568 1567
1573 1574 1575
1573 1575 1576
1577 1578 1573
1577 1573 1576
1578 1577 1579
1580 1581 1582
1580 1582 1583
1584 1585 1586
1587 1588 1564
1587 1564 1563
1589 1581 1590
1589 1590 1591
1586 1585 1592
1593 1594 1595
1593 1595 1596
1594 1597 1598
1594 1598 1595
1597 1599 1600
1597 1600 1598
1601 1602 1590
1601 1590 1603
1592 1585 1604
1605 1606 1607
1608 1609 1610
1608 1610 1611
1612 1613 1614
1612 1614 1615
1616 1612 1615
1616 1615 1617
1618 1616 1617
1618 1617 1619
1620 1621 1622
1620 1622 1623
1624 1625 1626
1624 1626 1627
1628 1625 1624
1628 1624 1629
1630 1609 1631
1630 1631 1632
1633 1610 1609
1633 1609 1630
1634 1614 1610
1634 1610 1633
1630 1635 1636
1630 1636 1633
1637 1638 1639
1637 1639 1640
1638 1637 1641
1638 1641 1632
1642 1620 1623
1642 1623 1643
1644 1642 1643
1644 1643 1645
1646 1644 1645
1646 1645 1647
1648 1649 1650
1648 1650 1651
1652 1653 1649
1652 1649 1648
1654 1572 1571
1654 1571 1655
1656 1657 1658
1659 1660 1661
1610 1614 1613
1610 1613 1611
1627 1626 1622
1627 1622 1621
1615 1614 1634
1615 1634 1569
1634 1662 1570
1634 1570 1569
1569 1568 1617
1569 1617 1615
1609 1608 1663
1609 1663 1631
1635 1630 1632
1635 1632 1641
1662 1634 1633
1662 1633 1636
1664 1665 1599
1664 1599 1597
1666 1664 1597
1666 1597 1594
1667 1668 1669
1667 1669 1670
1664 1671 1672
1664 1666 1671
1673 1674 1605
1605 1607 1673
1624 1675 1676
1624 1676 1629
1677 1675 1624
1677 1624 1627
1678 1677 1627
1678 1627 1621
1679 1678 1621
1679 1621 1620
1680 1679 1620
1680 1620 1642
1681 1680 1642
1681 1642 1644
1659 1661 1682
1683 1684 1676
1683 1676 1675
1685 1683 1675
1685 1675 1677
1686 1685 1677
1686 1677 1678
1687 1686 1678
1687 1678 1679
1688 1687 1679
1688 1679 1680
1689 1688 1680
1689 1680 1681
1659 1682 1690
1586 1691 1692
1586 1692 1584
1581 1691 1603
1581 1603 1590
1693 1694 1607
1693 1607 1606
1668 1673 1607
1668 1607 1694
1670 1669 1665
1670 1665 1695
1568 1572 1619
1568 1619 1617
1572 1654 1696
1572 1696 1619
1697 1698 1699
1697 1699 1700
1701 1702 1699
1701 1699 1703
1700 1699 1702
1700 1702 1704
1705 1706 1707
1705 1707 1708
1709 1710 1711
1709 1711 1712
1713 1714 1715
1713 1715 1716
1717 1718 1719
1717 1719 1720
1705 1708 1721
1719 1722 1720
1706 1723 1724
1706 1724 1707
1725 1724 1726
1725 1726 1727
1714 1712 1711
1714 1711 1715
1698 1728 1703
1698 1703 1699
1702 1701 1727
1702 1727 1726
1707 1729 1730
1707 1730 1708
1730 1721 1708
1651 1731 1648
1732 1652 1648
1732 1648 1733
1734 1681 1644
1734 1644 1646
1681 1734 1689
1735 1736 1737
1735 1737 1738
1739 1740 1736
1739 1736 1735
1741 1742 1743
1741 1743 1744
1745 1559 1562
1745 1562 1746
1747 1741 1744
1747 1744 1748
1728 1566 1574
1728 1574 1749
1709 1750 1710
1588 1587 1751
1716 1718 1717
1716 1717 1713
1723 1752 1726
1723 1726 1724
1724 1725 1729
1724 1729 1707
1702 1726 1752
1702 1752 1704
1638 1753 1754
1638 1754 1639
1744 1743 1640
1744 1640 1639
1746 1562 1755
1746 1755 1756
1562 1561 1757
1562 1757 1755
1566 1728 1757
1566 1757 1563
1575 1574 1566
1575 1566 1565
1632 1631 1753
1632 1753 1638
1756 1755 1698
1756 1698 1697
1755 1757 1728
1755 1728 1698
1758 1759 1760
1758 1760 1761
1762 1763 1764
1762 1764 1765
1764 1763 1766
1764 1766 1767
1768 1766 1769
1768 1769 1770
1771 1772 1773
1774 1775 1776
1774 1776 1777
1778 1769 1774
1778 1774 1777
1779 1780 1781
1779 1781 1768
1782 1783 1784
1782 1784 1785
1783 1782 1786
1783 1786 1787
1788 1789 1790
1791 1790 1789
1791 1789 1787
1792 1793 1794
1792 1794 1795
1796 1797 1798
1796 1798 1799
1768 1781 1767
1768 1767 1766
1800 1764 1759
1800 1759 1758
1773 1801 1802
1773 1802 1771
1803 1804 1805
1803 1805 1806
1784 1807 1808
1784 1808 1809
1810 1784 1809
1810 1809 1811
1812 1810 1811
1812 1811 1813
1769 1778 1814
1775 1774 1763
1775 1763 1762
1774 1769 1766
1774 1766 1763
1815 1816 1817
1815 1817 1818
1801 1819 1820
1801 1820 1802
1791 1787 1786
1791 1786 1821
1807 1822 1823
1783 1822 1807
1783 1807 1784
1824 1825 1826
1824 1826 1827
1828 1829 1830
1828 1830 1771
1831 1832 1829
1831 1829 1828
1797 1793 1792
1797 1792 1798
1830 1772 1771
1833 1792 1795
1833 1795 1834
1799 1798 1835
1799 1835 1836
1792 1833 1835
1792 1835 1798
1837 1838 1839
1837 1839 1840
1841 1842 1838
1841 1838 1837
1843 1844 1845
1843 1845 1846
1847 1844 1843
1848 1849 1850
1848 1850 1851
1851 1852 1848
1853 1854 1849
1853 1849 1847
1855 1856 1857
1857 1858 1779
1857 1779 1859
1860 1861 1862
1831 1863 1864
1831 1864 1825
1808 1800 1758
1808 1758 1809
1813 1803 1806
1813 1806 1865
1866 1867 1800
1866 1800 1808
1806 1868 1865
1788 1827 1826
1822 1783 1787
1822 1787 1789
1869 1870 1871
1869 1871 1872
1871 1873 1874
1871 1874 1872
1869 1875 1876
1877 1878 1879
1877 1879 1880
1877 1880 1881
1877 1881 1873
1882 1883 1871
1882 1871 1870
1880 1884 1881
1885 1886 1887
1885 1887 1888
1889 1882 1890
1891 1892 1890
1891 1890 1876
1833 1834 1893
1833 1893 1894
1835 1895 1896
1835 1896 1836
1897 1898 1899
1842 1841 1900
1842 1900 1901
1858 1902 1780
1858 1780 1779
1903 1904 1905
1903 1905 1861
1906 1862 1861
1906 1861 1905
1768 1770 1859
1768 1859 1779
1811 1809 1758
1811 1758 1761
1882 1889 1907
1882 1907 1883
1761 1760 1804
1761 1804 1803
1908 1812 1813
1908 1813 1865
1811 1761 1803
1811 1803 1813
1873 1881 1909
1873 1909 1874
1883 1907 1878
1883 1878 1877
1883 1877 1873
1883 1873 1871
1865 1868 1908
1806 1805 1868
1884 1909 1881
1879 1884 1880
1765 1910 1817
1765 1817 1762
1816 1776 1775
1823 1866 1808
1823 1808 1807
1823 1822 1789
1823 1789 1788
1876 1890 1882
1876 1882 1870
1847 1849 1844
1848 1852 1845
1848 1845 1844
1911 1850 1849
1911 1849 1854
1845 1852 1912
1906 1913 1914
1906 1914 1862
1765 1764 1800
1765 1800 1867
1915 1916 1917
1915 1917 1918
1915 1919 1839
1915 1839 1920
1921 1922 1920
1921 1920 1923
1920 1839 1838
1920 1838 1923
1924 1918 1925
1917 1926 1918
1925 1926 1927
1888 1921 1923
1888 1923 1885
1923 1838 1842
1923 1842 1885
1842 1901 1886
1842 1886 1885
1928 1826 1825
1826 1928 1866
1826 1866 1823
1775 1762 1817
1928 1929 1867
1928 1867 1866
1930 1931 1932
1933 1934 1935
1936 1937 1938
1936 1938 1939
1940 1941 1942
1940 1942 1943
1944 1940 1943
1944 1943 1945
1931 1934 1946
1931 1946 1947
1939 1948 1949
1939 1949 1936
1950 1951 1952
1953 1954 1955
1953 1955 1950
1956 1952 1951
1956 1951 1945
1957 1958 1959
1957 1959 1960
1952 1961 1953
1956 1959 1958
1956 1958 1962
1963 1964 1965
1963 1965 1966
1967 1968 1969
1967 1969 1970
1971 1967 1970
1971 1970 1972
1973 1974 1975
1973 1975 1976
1977 1978 1976
1977 1976 1975
1979 1980 1981
1982 1983 1984
1982 1985 1983
1986 1987 1988
1954 1953 1989
1954 1989 1990
1962 1958 1991
1962 1991 1992
1993 1994 1995
1993 1995 1996
1997 1998 1999
1997 1999 2000
1995 1994 2001
1995 2001 2002
2000 2003 2004
2000 2004 1997
2005 2006 2002
2005 2002 2001
2007 2004 2003
2007 2003 2008
2009 2010 2011
2009 2011 2012
2013 2014 2015
2013 2015 2016
1999 1996 1995
1999 1995 2000
2002 2003 2000
2002 2000 1995
2006 2008 2003
2006 2003 2002
2014 2017 2010
2014 2010 2015
2006 2005 2018
2006 2018 2017
2007 2008 2014
2007 2014 2013
2008 2006 2017
2008 2017 2014
2012 2019 2020
2012 2020 2009
2021 2022 2023
2021 2023 2024
2021 2009 2020
2021 2020 2022
2025 2026 2027
2025 2027 2028
2029 2030 2031
2029 2031 2032
2033 2034 2035
2035 2036 2037
2035 2037 2038
1987 2039 2040
2041 2042 2043
2041 2043 2044
2045 2046 2047
2045 2047 2048
2049 2050 2048
2049 2048 2047
2051 2052 2042
2051 2042 2041
2053 2054 2036
2053 2036 2035
2055 2053 2035
2055 2035 2034
1987 2056 1988
2057 2058 2059
2057 2059 2060
2061 2062 2058
2061 2058 2057
2063 2064 2065
2063 2065 2066
2067 2068 2069
2061 2063 2066
2061 2066 2062
2070 2071 2072
2070 2072 2073
2073 2072 2074
2073 2074 2075
2076 2077 2064
2076 2064 2063
2078 2076 2063
2078 2063 2061
2079 2078 2061
2079 2061 2057
2080 2079 2057
2080 2057 2060
2081 2082 1980
2083 2084 2085
2083 2085 2045
2086 2083 2045
2086 2045 2048
2087 2088 2031
2080 2060 2089
2055 2034 2090
1938 2091 1939
1939 2091 1948
2031 2088 2032
2050 2049 2088
2087 2086 2048
2087 2048 2050
1947 1966 2092
1947 2092 2093
2094 1963 1966
2094 1966 1947
2033 2035 2038
1950 1955 2095
1950 2095 2096
2097 2098 2099
2097 2099 2100
2101 2028 2102
2101 2102 2084
2103 2104 2105
2027 2103 2102
2027 2102 2028
2031 2030 2086
2031 2086 2087
2088 2087 2050
2075 2106 2107
2075 2107 2108
1978 1988 2056
1978 2056 2052
2054 1973 1976
2054 1976 2051
2055 2082 2081
2055 2081 2053
1987 2040 2056
2106 2075 2074
2106 2074 2109
2110 2111 2077
2110 2077 2076
2112 2110 2076
2112 2076 2078
2079 2113 2112
2079 2112 2078
2080 2114 2113
2080 2113 2079
2089 2115 2114
2089 2114 2080
2067 2069 2108
2116 2117 1996
2116 1996 1999
1996 2117 2118
1996 2118 1993
2093 2119 1931
2093 1931 1947
1965 2118 2092
1965 2092 1966
1998 2120 2116
1998 2116 1999
2119 2121 2122
2093 2123 2121
2093 2121 2119
1941 2121 2123
1941 2123 1942
2124 1960 1942
2124 1942 2123
2092 2124 2123
2092 2123 2093
2118 2125 2124
2118 2124 2092
2125 1957 1960
2125 1960 2124
2116 2120 2126
2116 2126 2127
2117 2125 2118
2117 2116 2127
2117 2127 2125
2127 2128 1957
2127 1957 2125
2129 2130 2104
2129 2104 2131
2115 2089 2132
2115 2132 2133
2089 2134 2135
2089 2135 2132
2136 2137 1964
2136 1964 1963
2138 2081 1980
1963 2094 2139
1963 2139 2136
1970 1969 2137
1970 2137 2136
2136 2139 1972
2136 1972 1970
1973 2081 2138
1973 2138 1974
2036 2041 2044
2036 2044 2037
2054 2051 2041
2054 2041 2036
2053 2081 1973
2053 1973 2054
2051 1976 1978
2051 1978 2052
1982 1984 1968
1982 1968 1967
1967 1971 1985
1967 1985 1982
1986 1988 1978
1986 1978 1977
2042 2040 2039
2042 2039 2043
2052 2056 2040
2052 2040 2042
2140 2141 1934
2140 1934 1933
1946 1934 2141
1946 2141 2142
2025 2028 2101
2025 2101 2143
2105 2144 2103
2144 2102 2103
2144 2145 2146
2144 2146 2085
2084 2102 2144
2084 2144 2085
2147 2148 2141
2147 2141 2140
2142 2141 2148
2142 2148 2149
2143 2101 2150
2143 2150 2151
2150 2101 2084
2150 2084 2083
1937 1936 2148
1937 2148 2147
2149 2148 1936
2149 1936 1949
2151 2150 2030
2151 2030 2029
2085 2146 2046
2085 2046 2045
2030 2150 2083
2030 2083 2086
2145 2144 2105
2145 2105 2152
2153 2096 2154
2153 2154 2155
2156 2154 2096
2156 2096 2095
2157 1954 1990
2157 1990 2158
2159 2095 1955
2159 1955 2160
2161 2156 2095
2161 2095 2159
2160 1955 1954
2160 1954 2157
2098 2162 2099
1864 1928 1825
2163 1741 2164
1950 1952 1953
1771 1802 1828
1820 1818 1864
1820 1864 1863
2165 2166 2167
2165 2167 2168
2169 2170 2166
2169 2166 2165
1940 1944 2171
1940 2171 2172
2173 2174 2172
1788 1826 1823
2122 1931 2119
2175 2176 2122
2175 2122 2121
2121 1941 2174
2121 2174 2175
2175 2177 2178
2175 2178 2176
2173 2177 2175
2173 2175 2174
1790 2179 2180
1790 2180 1788
1827 1788 2180
2167 2181 2168
2182 2179 1790
2182 1790 1791
2182 2183 2179
2184 2185 2186
2176 2187 2188
2176 2188 2122
2189 2187 2176
2189 2176 2178
2190 2191 2192
2193 2185 2194
2193 2194 2192
2195 2186 2185
2195 2185 2193
2189 2196 2197
2189 2197 2187
2198 2188 2187
2198 2187 2197
2199 2200 2201
2199 2201 2202
2202 2201 2203
2202 2203 2204
2205 2206 2207
2205 2207 2208
2208 2209 2210
2208 2210 2205
2199 2202 2192
2199 2192 2191
2193 2192 2202
2193 2202 2204
2193 2204 2195
2196 2206 2205
2196 2205 2197
2205 2210 2198
2205 2198 2197
2190 2192 2211
2211 2212 2190
1932 1931 2122
2211 2192 2194
2200 2213 2214
2200 2214 2201
2203 2201 2214
2203 2214 2215
2208 2207 2216
2208 2216 2217
2208 2217 2218
2208 2218 2209
1855 1857 2219
1844 1849 1848
2220 2221 2222
2220 2222 2223
2224 1732 1733
2224 1733 2225
2226 2227 2228
1745 2229 2230
1745 2230 2231
2232 2233 2234
2233 2223 2222
2233 2222 2234
2225 1733 2235
2236 2237 2221
2236 2221 2220
2238 2239 2240
2238 2240 2241
2242 2243 1700
2242 1700 1704
1697 1700 2243
2182 2244 2183
2245 1579 1582
2245 1582 1589
2246 2247 1573
1749 1574 1573
1749 1573 2247
1578 2248 2249
2250 2242 1704
2250 1704 1752
1769 1814 1770
1770 1814 2251
2252 2253 2254
2252 2254 2255
1752 1723 2250
2256 2257 2258
2258 2257 2259
2260 2254 2261
2260 2262 2254
2262 2256 2255
2263 2260 2261
2262 2257 2256
1785 1794 1793
1785 1793 1782
1782 1793 1797
1782 1797 1786
1786 1797 1796
1786 1796 1821
1915 1920 1922
1915 1922 1916
1918 1924 1919
1918 1919 1915
1925 1918 1926
2264 2131 2104
2264 2104 2265
2130 2105 2104
2090 2082 2055
2089 2060 2134
1666 2266 2267
1666 2267 2268
2269 2270 2268
2269 2268 2271
2267 2272 2271
2267 2271 2268
2273 2274 2272
2273 2272 2267
2266 2275 2273
2266 2273 2267
2275 2266 1593
1666 1594 1593
1666 1593 2266
2275 1593 2276
2277 2278 2279
2279 2278 2280
2027 2104 2103
2027 2265 2104
2281 2182 1791
2281 1791 1821
2182 2281 2244
2282 2281 1821
2282 1821 2283
2284 2285 2281
2284 2281 2282
2286 2282 2283
2286 2283 2287
2288 2284 2282
2288 2282 2286
2289 2290 2291
2289 2291 2292
2293 2294 2295
2287 2289 2292
2287 2292 2286
2288 2294 2293
2288 2293 2296
2297 2298 2299
2297 2299 2300
2301 2300 2299
2301 2299 2302
2303 2252 2255
2303 2255 2304
2305 2304 2255
2305 2255 2256
2306 2305 2256
2306 2256 2258
2307 2308 2309
2307 2309 2310
2311 2307 2310
2311 2310 2312
2313 2314 2311
2313 2311 2312
2307 2315 2316
2307 2316 2308
2311 2317 2315
2311 2315 2307
2314 2318 2317
2314 2317 2311
2304 2310 2309
2304 2309 2303
2312 2310 2304
2312 2304 2305
2305 2306 2313
2305 2313 2312
1814 2254 2253
1775 1817 1816
1777 2261 1778
2261 1814 1778
2261 2254 1814
2263 2261 1777
2262 2255 2254
1858 1857 1856
1856 2319 1902
1856 1902 1858
1904 2320 1911
1904 1911 1905
1905 1911 1854
1905 1854 1906
1913 1906 1854
1913 1854 1853
1859 2321 2219
1859 2219 1857
2320 2322 1850
2320 1850 1911
1770 2251 2321
1770 2321 1859
1856 1855 2323
2319 1856 2323
1903 1861 1860
1862 1914 1860
1869 1876 1870
2324 2325 2326
2326 2325 2327
2324 2326 2328
2246 1573 1578
2246 1578 2249
1592 1604 1601
1592 1601 1603
1674 1673 1668
1674 1668 1667
1581 1580 1692
1581 1692 1691
1691 1586 1592
1691 1592 1603
2329 2330 1694
2329 1694 1693
1694 2330 1669
1694 1669 1668
2329 1600 1599
2329 1599 2330
2330 1599 1665
2330 1665 1669
1602 2331 1591
1602 1591 1590
1581 1589 1582
1579 2245 2248
1579 2248 1578
1579 1583 1582
1579 1577 1583
2332 1591 2331
2332 2331 2333
2334 2335 2336
1591 2332 1589
2336 2335 2337
1664 1672 1665
1665 1672 1695
2332 2333 2338
2337 2335 2339
2337 2326 2327
2326 2339 2328
2337 2339 2326
2338 2333 2340
2341 2270 2342
2341 2342 2343
2344 2345 2346
2344 2346 2347
2342 2344 2347
2342 2347 2343
2348 1851 1850
2349 2350 2351
2349 2351 2352
2351 2350 2269
2348 1850 2322
2271 2351 2269
2353 2342 2270
2353 2270 2269
2354 2346 2345
2354 2345 2355
2356 2357 2358
2356 2358 2355
2355 2358 2359
2355 2359 2354
2353 2360 2344
2353 2344 2342
2344 2360 2361
2344 2361 2345
2356 2355 2345
2356 2345 2361
2360 2362 2363
2360 2363 2361
2353 2364 2362
2353 2362 2360
2353 2269 2350
2364 2350 2349
2353 2350 2364
2365 2357 2366
2361 2363 2367
2361 2367 2356
1751 1560 2368
1751 2368 2369
2370 2371 2280
2370 2280 2278
2372 2373 2285
2372 2285 2284
2374 2375 2376
2377 2375 2374
2377 2374 2378
2379 2377 2378
2379 2378 2380
2370 2381 2379
2382 2383 2384
2382 2384 2385
2386 2387 2383
2386 2383 2382
2381 2388 2387
2381 2387 2386
2377 2379 2381
2377 2381 2386
2371 2379 2380
2371 2380 2389
2370 2379 2371
2377 2386 2382
2377 2382 2375
2376 2375 2385
2385 2375 2382
2390 2391 2392
2390 2392 2393
2388 2381 2370
2388 2370 2394
2370 2278 2277
2370 2277 2394
2296 2372 2284
2296 2284 2288
2395 2394 2277
1935 1931 1930
1935 1934 1931
2295 2294 2291
2286 2292 2294
2286 2294 2288
2291 2294 2292
2396 2244 2397
2244 2285 2397
2244 2281 2285
2397 2285 2373
2183 2244 2396
1919 2398 1840
1919 1840 1839
1816 2399 1776
2226 2228 2400
2401 2402 2403
2399 1777 1776
2399 2263 1777
2226 2400 2404
2405 2406 2407
2405 2407 1756
2406 2408 2240
2406 2240 2407
2407 1746 1756
2239 1746 2407
2239 2407 2240
2409 2241 2240
2409 2240 2408
2400 2410 2411
2412 2413 2404
2412 2404 2411
2414 2415 2406
2414 2406 2405
2415 2416 2408
2415 2408 2406
2417 2409 2408
2417 2408 2416
2228 2410 2400
2418 2419 2411
2418 2411 2410
2411 2419 2412
2420 2421 2415
2420 2415 2414
2421 2422 2416
2421 2416 2415
2423 2417 2416
2423 2416 2422
2424 2425 2419
2424 2419 2418
2419 2425 2426
2419 2426 2427
2428 2429 2421
2428 2421 2420
2421 2429 2430
2421 2430 2422
2422 2430 2431
2422 2431 2423
2432 2433 2434
2432 2434 2435
2436 2434 2433
2436 2433 2437
2438 2439 2440
2438 2440 2441
2441 2440 2442
2441 2442 2443
2443 2442 2444
2443 2444 2445
2433 2432 2446
2437 2433 2446
2440 2439 2447
2442 2440 2447
2444 2442 2447
2425 2424 2434
2425 2434 2436
2425 2436 2426
2428 2438 2441
2428 2441 2429
2429 2441 2443
2429 2443 2430
2431 2430 2443
2431 2443 2445
2434 2424 2435
1867 1929 1910
1867 1910 1765
2448 2097 2100
2448 2100 2449
2322 2450 2348
2229 2451 2452
2229 2452 2230
2235 1733 1731
1648 1731 1733
2225 2235 2453
1560 1559 2368
1742 1741 2163
1559 1745 2231
1741 1747 2164
1863 1828 1802
1819 1815 1818
1819 1818 1820
1825 1824 1832
1825 1832 1831
1863 1831 1828
1945 1951 2153
1945 2153 1944
1945 1943 1959
1945 1959 1956
1962 1961 1952
1962 1952 1956
1992 2454 1961
1992 1961 1962
1820 1863 1802
2448 2449 2170
2448 2170 2169
1944 2153 2155
1944 2155 2171
1746 2239 2229
1746 2229 1745
2455 2456 2237
2455 2237 2236
1560 1587 1561
1560 1751 1587
2239 2238 2451
2239 2451 2229
1559 2231 2368
1651 1650 2369
1651 2369 2368
1731 1651 2368
1731 2368 2231
2164 1738 1737
2164 1737 2163
1951 1950 2096
1951 2096 2153
2454 1989 1953
2454 1953 1961
2453 2235 2230
2453 2230 2452
2235 1731 2231
2235 2231 2230
1639 1754 1748
1639 1748 1744
1818 1817 1910
1943 1942 1960
1943 1960 1959
1958 1957 2128
1958 2128 1991
1940 2174 1941
2456 2455 2227
2456 2227 2226
1563 1757 1561
1563 1561 1587
1864 1818 1929
1928 1864 1929
2172 2174 1940
1929 1818 1910
2399 2402 2263
2457 2413 2458
2263 2402 2401
2412 2427 2459
2459 2458 2413
2459 2413 2412
2412 2419 2427
2400 2411 2404
2460 2327 2325
2341 2268 2270
1666 2341 1671
1666 2268 2341
2138 1980 1979
2020 2019 2461
2023 2022 2461
2022 2020 2461
2073 2069 2068
2073 2068 2070
2108 2107 2067
2075 2108 2069
2075 2069 2073
2018 2011 2010
2018 2010 2017
2016 2015 2021
2016 2021 2024
2021 2015 2010
2021 2010 2009
2064 2072 2071
2064 2071 2065
2077 2074 2072
2077 2072 2064
2109 2074 2077
2109 2077 2111
2462 2463 1656
1696 1658 1657
1696 1657 2464
1661 1660 2465
1661 2465 2466
1682 1661 2466
1682 2466 2467
2468 1690 1682
2468 1682 2467
1658 2462 1656
1887 1886 2469
1887 2469 2470
1894 1893 2471
1894 2471 1899
1896 1895 1898
1896 1898 2472
1835 1833 1894
1835 1894 1895
1901 1900 2473
1901 2473 2474
1901 2474 2469
1901 2469 1886
1894 1899 1898
1894 1898 1895
2470 2469 2475
1899 2471 1897
2472 1898 1897
2474 2473 2475
2469 2474 2475
2299 2298 2476
2302 2299 2476
2477 2392 2391
2477 2391 2478
2477 2479 2393
2477 2393 2392
2290 2297 2300
2290 2300 2291
2291 2300 2301
2291 2301 2295
2477 2478 2376
2477 2376 2385
2479 2477 2385
2479 2385 2384
2214 2213 2480
2215 2214 2480
2217 2216 2481
2218 2217 2481
2316 2315 2482
2315 2317 2482
2317 2318 2482
2358 2357 2365
2359 2358 2365
2356 2367 2366
2356 2366 2357
2462 1654 1655
2462 1655 2463
1658 1696 1654
1658 1654 2462
1619 1696 2464
1619 2464 1618
2466 2465 1628
2466 1628 1629
2467 2466 1629
2467 1629 1676
1684 2468 2467
1684 2467 1676
2483 2484 2485
2483 2485 2486
2487 2488 2489
2487 2489 2490
2491 2492 2493
2491 2493 2494
2495 2496 2497
2495 2497 2498
2485 2499 2500
2485 2500 2501
2486 2485 2501
2486 2501 2502
2503 2504 2505
2503 2505 2506
2507 2508 2509
2507 2509 2510
2511 2505 2504
2511 2504 2512
2513 2514 2508
2513 2508 2507
2513 2492 2491
2512 2496 2495
2515 2516 2510
2515 2510 2509
2517 2518 2490
2517 2490 2489
2519 2484 2506
2519 2506 2520
2511 2495 2492
2511 2492 2521
2516 2522 2520
2516 2520 2510
2487 2523 2522
2487 2522 2516
2518 2524 2525
2518 2525 2490
2526 2483 2486
2526 2486 2527
2528 2529 2530
2528 2530 2531
2502 2532 2533
2502 2533 2534
2535 2504 2503
2535 2503 2536
2537 2512 2504
2537 2504 2535
2512 2537 2496
2538 2539 2540
2538 2540 2541
2508 2542 2509
2543 2544 2545
2543 2545 2546
2539 2547 2548
2539 2548 2540
2549 2507 2510
2549 2510 2520
2521 2549 2505
2506 2505 2549
2506 2549 2520
2546 2550 2543
2543 2550 2551
2552 2542 2508
2552 2508 2514
2491 2552 2514
2484 2483 2503
2484 2503 2506
2499 2485 2553
2536 2503 2483
2536 2483 2526
2554 2528 2531
2554 2531 2555
2517 2556 2557
2517 2557 2518
2524 2518 2557
2524 2557 2558
2559 2560 2561
2521 2492 2513
2513 2507 2549
2513 2549 2521
2562 2563 2564
2565 2566 2567
2565 2567 2568
2569 2570 2571
2569 2571 2572
2563 2562 2568
2563 2568 2567
2559 2573 2574
2575 2576 2564
2575 2564 2563
2577 2562 2564
2564 2576 2554
2529 2578 2579
2529 2579 2580
2544 2543 2563
2544 2563 2567
2538 2544 2567
2538 2567 2566
2547 2539 2571
2547 2571 2570
2570 2573 2561
2570 2561 2547
2551 2581 2563
2543 2551 2563
2500 2582 2583
2500 2583 2501
2501 2583 2532
2501 2532 2502
2584 2585 2586
2527 2486 2502
2527 2502 2534
2587 2578 2529
2587 2529 2528
2588 2589 2581
2588 2581 2551
2513 2491 2514
2516 2515 2488
2516 2488 2487
2490 2525 2523
2490 2523 2487
2541 2545 2544
2541 2544 2538
2572 2571 2566
2572 2566 2565
2566 2571 2539
2566 2539 2538
2555 2577 2564
2555 2564 2554
2553 2484 2519
2587 2528 2554
2587 2554 2576
2553 2485 2484
2496 2590 2591
2492 2495 2498
2492 2498 2493
2563 2581 2575
2521 2505 2511
2592 2593 2594
2592 2594 2595
2596 2597 2598
2596 2598 2599
2600 2601 2602
2600 2602 2603
2604 2605 2606
2604 2606 2607
2594 2608 2609
2594 2609 2610
2593 2611 2608
2593 2608 2594
2612 2613 2614
2612 2614 2615
2616 2617 2618
2616 2618 2619
2620 2621 2615
2620 2615 2614
2622 2616 2619
2622 2619 2623
2622 2600 2603
2621 2620 2604
2624 2618 2617
2624 2617 2625
2626 2598 2597
2626 2597 2627
2628 2629 2613
2628 2613 2595
2620 2630 2603
2620 2603 2604
2625 2617 2629
2625 2629 2631
2596 2625 2631
2596 2631 2632
2627 2597 2633
2627 2633 2634
2635 2636 2593
2635 2593 2592
2637 2638 2639
2637 2639 2640
2611 2641 2642
2643 2644 2612
2643 2612 2615
2645 2643 2615
2645 2615 2621
2621 2607 2645
2646 2647 2648
2646 2648 2649
2619 2618 2650
2651 2652 2653
2651 2653 2654
2649 2648 2655
2649 2655 2656
2657 2629 2617
2657 2617 2616
2630 2614 2657
2613 2629 2657
2613 2657 2614
2652 2651 2658
2651 2659 2658
2660 2623 2619
2660 2619 2650
2600 2623 2660
2595 2613 2612
2595 2612 2592
2610 2661 2594
2644 2635 2592
2644 2592 2612
2662 2663 2638
2662 2638 2637
2626 2627 2664
2634 2664 2627
2665 2656 2655
2630 2622 2603
2622 2630 2657
2622 2657 2616
2666 2667 2668
2669 2670 2671
2669 2671 2672
2673 2674 2675
2673 2675 2676
2668 2671 2670
2668 2670 2666
2665 2673 2676
2677 2668 2667
2677 2667 2678
2679 2667 2666
2667 2662 2678
2640 2680 2681
2654 2671 2668
2654 2668 2651
2646 2672 2671
2646 2671 2654
2656 2676 2675
2656 2675 2649
2676 2656 2665
2659 2668 2682
2651 2668 2659
2608 2642 2609
2611 2642 2608
2680 2640 2639
2636 2641 2611
2636 2611 2593
2683 2637 2640
2683 2640 2681
2684 2659 2682
2684 2682 2685
2622 2623 2600
2625 2596 2599
2625 2599 2624
2597 2596 2632
2597 2632 2633
2647 2646 2654
2647 2654 2653
2674 2669 2672
2674 2672 2675
2672 2646 2649
2672 2649 2675
2663 2662 2667
2663 2667 2679
2661 2628 2595
2683 2678 2662
2683 2662 2637
2661 2595 2594
2607 2606 2686
2603 2602 2605
2603 2605 2604
2668 2677 2682
2630 2620 2614
2645 2607 2687
2607 2686 2687
2496 2537 2590
2496 2591 2497
2512 2495 2511
2621 2604 2607
2533 2532 2688
2533 2688 2689
2580 2579 2690
2580 2690 2586
2583 2582 2691
2583 2691 2692
2583 2692 2688
2583 2688 2532
2530 2529 2580
2530 2580 2693
2580 2586 2585
2580 2585 2693
2689 2688 2694
2586 2690 2584
2692 2691 2694
2688 2692 2694
2557 2556 2695
2558 2557 2695
2547 2561 2560
2547 2560 2548
2570 2569 2574
2570 2574 2573
2561 2573 2559
2696 2697 2698
2696 2698 2699
2700 2701 2702
2700 2702 2703
2704 2705 2706
2704 2706 2707
2708 2709 2710
2711 2698 2712
2711 2712 2713
2714 2715 2716
2717 2718 2719
2702 2699 2720
2702 2720 2703
2701 2721 2708
2722 2723 2724
2725 2726 2727
2725 2727 2728
2725 2728 2729
2725 2729 2730
2725 2730 2731
2732 2722 2724
2718 2730 2729
2733 2734 2735
2736 2737 2738
2739 2740 2741
2739 2741 2742
2740 2738 2743
2744 2741 2745
2746 2735 2747
2736 2738 2740
2736 2740 2739
2740 2748 2745
2740 2745 2741
2749 2742 2741
2750 2751 2752
2753 2734 2733
2752 2734 2753
2752 2753 2750
2733 2754 2755
2733 2755 2753
2747 2735 2756
2733 2735 2746
2757 2758 2738
2757 2738 2737
2739 2742 2759
2739 2759 2760
2761 2762 2763
2761 2763 2764
2705 2704 2765
2705 2765 2766
2767 2768 2769
2767 2769 2770
2768 2771 2769
2772 2773 2763
2764 2763 2773
2739 2760 2774
2738 2758 2775
2752 2751 2776
2777 2778 2779
2777 2779 2780
2781 2751 2750
2782 2783 2784
2782 2784 2785
2786 2787 2783
2786 2783 2782
2700 2788 2789
2700 2789 2784
2790 2791 2789
2790 2789 2788
2791 2792 2793
2794 2700 2784
2794 2784 2783
2795 2785 2784
2795 2784 2789
2793 2795 2789
2793 2789 2791
2790 2792 2791
2796 2742 2797
2798 2742 2796
2798 2796 2799
2800 2798 2799
2800 2799 2801
2802 2800 2801
2803 2800 2802
2798 2800 2803
2798 2803 2804
2797 2749 2805
2780 2806 2777
2754 2733 2746
2699 2698 2807
2808 2696 2699
2808 2699 2702
2809 2810 2712
2701 2708 2808
2701 2808 2702
2708 2765 2808
2704 2696 2808
2704 2808 2765
2704 2811 2696
2704 2707 2811
2716 2812 2714
2761 2813 2743
2761 2743 2762
2748 2743 2813
2748 2813 2814
2815 2816 2817
2778 2817 2816
2778 2816 2779
2817 2746 2818
2766 2710 2719
2766 2719 2718
2718 2819 2766
2729 2728 2819
2729 2819 2718
2820 2717 2821
2820 2821 2822
2723 2722 2820
2723 2820 2822
2734 2752 2776
2734 2776 2823
2759 2742 2798
2759 2798 2804
2783 2787 2794
2701 2700 2794
2701 2794 2721
2787 2824 2794
2749 2741 2744
2762 2743 2738
2810 2713 2712
2767 2825 2768
2771 2768 2825
2809 2712 2698
2809 2698 2697
2707 2706 2715
2707 2715 2714
2726 2725 2731
2777 2806 2826
2753 2755 2781
2753 2781 2750
2778 2746 2817
2754 2827 2826
2746 2747 2818
2718 2717 2730
2828 2820 2722
2829 2816 2815
2813 2830 2814
2831 2788 2700
2828 2730 2820
2794 2824 2721
2703 2831 2700
2737 2736 2832
2736 2739 2774
2740 2743 2748
2738 2775 2762
2815 2817 2818
2746 2778 2827
2820 2730 2717
2717 2833 2821
2746 2827 2754
2826 2827 2777
2777 2827 2778
2786 2834 2787
2834 2835 2836
2834 2836 2787
2787 2836 2824
2797 2742 2749
2828 2722 2732
2770 2769 2737
2769 2757 2737
2769 2771 2757
2737 2832 2770
2699 2807 2720
2807 2698 2711
2832 2736 2774
2707 2714 2812
2707 2812 2811
2775 2772 2763
2775 2763 2762
2824 2837 2721
2837 2709 2708
2765 2708 2710
2765 2710 2766
2837 2708 2721
2838 2839 2840
2838 2840 2841
2842 2843 2844
2842 2844 2845
2846 2847 2848
2846 2848 2849
2850 2851 2852
2853 2854 2855
2853 2855 2840
2856 2857 2858
2859 2860 2861
2844 2843 2862
2844 2862 2839
2845 2850 2863
2864 2865 2866
2867 2868 2869
2867 2870 2871
2867 2871 2868
2867 2872 2873
2867 2873 2870
2874 2865 2864
2861 2870 2873
2875 2876 2877
2878 2879 2880
2881 2882 2883
2881 2883 2884
2884 2885 2879
2886 2887 2883
2888 2889 2876
2878 2881 2884
2878 2884 2879
2884 2883 2887
2884 2887 2890
2891 2883 2882
2892 2893 2894
2895 2875 2877
2893 2892 2895
2893 2895 2877
2875 2895 2896
2875 2896 2897
2889 2898 2876
2875 2888 2876
2899 2880 2879
2899 2879 2900
2881 2901 2902
2881 2902 2882
2903 2904 2905
2903 2905 2906
2849 2907 2908
2849 2908 2846
2909 2910 2911
2909 2911 2912
2912 2911 2913
2914 2905 2915
2904 2915 2905
2881 2916 2901
2879 2917 2900
2893 2918 2894
2919 2920 2921
2919 2921 2922
2923 2892 2894
2924 2925 2926
2924 2926 2927
2928 2924 2927
2928 2927 2929
2842 2926 2930
2842 2930 2931
2932 2931 2930
2932 2930 2933
2933 2934 2935
2936 2927 2926
2936 2926 2842
2937 2930 2926
2937 2926 2925
2934 2933 2930
2934 2930 2937
2932 2933 2935
2938 2939 2882
2940 2941 2938
2940 2938 2882
2942 2943 2941
2942 2941 2940
2944 2943 2942
2945 2944 2942
2940 2946 2945
2940 2945 2942
2939 2947 2891
2920 2919 2948
2897 2888 2875
2839 2949 2840
2950 2844 2839
2950 2839 2838
2951 2855 2952
2845 2844 2950
2845 2950 2850
2850 2950 2908
2846 2908 2950
2846 2950 2838
2846 2838 2953
2846 2953 2847
2857 2856 2954
2903 2906 2885
2903 2885 2955
2890 2956 2955
2890 2955 2885
2957 2958 2959
2922 2921 2959
2922 2959 2958
2958 2960 2888
2907 2861 2860
2907 2860 2851
2861 2907 2961
2870 2861 2961
2870 2961 2871
2962 2963 2964
2962 2964 2859
2866 2963 2962
2866 2962 2864
2877 2965 2918
2877 2918 2893
2902 2946 2940
2902 2940 2882
2927 2936 2929
2845 2863 2936
2845 2936 2842
2929 2936 2966
2891 2886 2883
2906 2879 2885
2952 2855 2854
2909 2912 2967
2913 2967 2912
2951 2841 2840
2951 2840 2855
2847 2856 2858
2847 2858 2848
2869 2872 2867
2919 2968 2948
2895 2892 2923
2895 2923 2896
2922 2958 2888
2897 2968 2969
2888 2960 2889
2861 2873 2859
2970 2864 2962
2971 2957 2959
2955 2956 2972
2973 2842 2931
2970 2962 2873
2936 2863 2966
2843 2842 2973
2880 2974 2878
2878 2916 2881
2884 2890 2885
2879 2906 2917
2957 2960 2958
2888 2969 2922
2962 2859 2873
2859 2964 2975
2888 2897 2969
2968 2919 2969
2919 2922 2969
2928 2929 2976
2976 2929 2977
2976 2977 2978
2929 2966 2977
2939 2891 2882
2970 2874 2864
2910 2880 2911
2911 2880 2899
2911 2899 2913
2880 2910 2974
2839 2862 2949
2949 2853 2840
2974 2916 2878
2847 2953 2954
2847 2954 2856
2917 2906 2905
2917 2905 2914
2966 2863 2979
2979 2850 2852
2908 2907 2851
2908 2851 2850
2979 2863 2850
2980 2981 2982
2980 2982 2983
2982 2981 2984
2985 2986 2987
2988 2989 2983
2988 2983 2990
2991 2992 2993
2991 2993 2994
2991 2995 2992
2996 2989 2987
2996 2987 2997
2998 2999 2995
2998 2995 2991
3000 2998 2991
3000 2991 2994
2996 2997 3001
2996 3001 3000
2997 2986 3001
2987 2986 2997
2989 2994 2983
2994 2980 2983
2993 2980 2994
2989 2988 2985
2989 2985 2987
2989 2996 2994
2996 3000 2994
2982 2984 3002
3003 2877 2876
3003 2876 3004
2876 3005 3004
3006 3007 3008
3009 2965 2877
3009 2877 3010
3011 3012 3013
3011 3013 3014
3011 3014 3015
3016 3017 3007
3016 3007 3010
3018 3011 3015
3018 3015 3019
3020 3012 3011
3020 3011 3018
3016 3020 3021
3016 3021 3017
3017 3021 3008
3007 3017 3008
3010 2877 3012
3012 2877 3003
3013 3012 3003
3010 3007 3006
3010 3006 3009
3010 3012 3016
3016 3012 3020
2876 2898 3005
3022 3023 3024
3025 3026 3027
3025 3028 3029
3025 3029 3026
3022 3026 3030
3028 3031 3029
3032 3027 3022
3032 3022 3024
3033 3034 3035
3033 3035 3030
3036 3034 3033
3037 3036 3033
3022 3030 3035
3022 3035 3023
3033 3030 3026
3033 3026 3037
3027 3026 3022
3038 3039 3040
3025 3027 3041
3025 3041 3042
3025 3042 3028
3038 3043 3041
3028 3042 3031
3032 3039 3038
3032 3038 3027
3044 3043 3045
3044 3045 3046
3047 3044 3046
3048 3044 3047
3038 3040 3045
3038 3045 3043
3044 3048 3041
3044 3041 3043
3027 3038 3041
3049 3032 3024
3049 3050 3032
3049 3051 3050
3052 3053 3050
3050 3051 3054
3052 3050 3054
3053 3039 3032
3053 3032 3050
3055 3056 3057
3055 3057 3058
3059 3057 3056
3059 3056 3060
3060 3061 3062
3060 3062 3059
3063 3062 3061
3063 3061 3064
3058 3057 3065
3058 3065 3066
3067 3065 3057
3067 3057 3059
3067 3059 3062
3067 3062 3068
3069 3068 3062
3069 3062 3063
3070 3056 3055
3070 3055 3071
3072 3060 3056
3072 3056 3070
3060 3072 3073
3060 3073 3061
3074 3064 3061
3074 3061 3073
3073 3072 3075
3073 3075 3076
3077 3074 3073
3077 3073 3076
3071 3078 3079
3071 3079 3070
3072 3070 3079
3072 3079 3075
3080 3081 3082
3080 3082 3083
3084 3085 3083
3084 3083 3082
3085 3084 3086
3085 3086 3087
3088 3089 3087
3088 3087 3086
3081 3090 3091
3081 3091 3082
3092 3084 3082
3092 3082 3091
3092 3093 3086
3092 3086 3084
3094 3088 3086
3094 3086 3093
3095 3096 3080
3095 3080 3083
3097 3095 3083
3097 3083 3085
3085 3087 3098
3085 3098 3097
3099 3098 3087
3099 3087 3089
3098 3100 3101
3098 3101 3097
3102 3100 3098
3102 3098 3099
3096 3095 3103
3096 3103 3104
3097 3101 3103
3097 3103 3095
3105 3106 3107
3105 3107 3108
3109 3105 3108
3109 3108 3110
3110 3069 3063
3110 3063 3109
3111 3112 3106
3111 3106 3105
3113 3111 3105
3113 3105 3109
3109 3063 3064
3109 3064 3113
3114 3115 3116
3114 3116 3117
3118 3119 3115
3118 3115 3114
3119 3118 3088
3119 3088 3094
3120 3114 3117
3120 3117 3121
3122 3118 3114
3122 3114 3120
3118 3122 3089
3118 3089 3088
3111 3123 3124
3113 3064 3074
3113 3074 3125
3113 3125 3123
3074 3077 3126
3074 3126 3127
3125 3127 3128
3120 3121 3129
3122 3130 3099
3122 3099 3089
3122 3120 3131
3126 3102 3099
3126 3099 3127
3130 3131 3128
3111 3129 3112
3120 3124 3123
3130 3128 3127
3125 3128 3123
3113 3123 3111
3128 3131 3123
3122 3131 3130
3131 3120 3123
3129 3121 3132
3112 3129 3133
3127 3099 3130
3074 3127 3125
3111 3124 3129
3124 3120 3129
3090 3134 3091
3091 3135 3092
3092 3135 3093
3093 3136 3094
3134 3135 3091
3093 3135 3136
3137 3116 3115
3137 3119 3136
3136 3119 3094
3137 3115 3119
3066 3065 3138
3065 3067 3139
3067 3068 3139
3068 3069 3140
3138 3065 3139
3068 3140 3139
3141 3108 3107
3141 3140 3110
3140 3069 3110
3141 3110 3108
3142 3143 3144
3145 3146 3147
3145 3147 3148
3148 3149 3145
3150 3151 3152
3150 3152 3153
3151 3154 3155
3151 3155 3152
3156 3143 3146
3156 3146 3157
3157 3146 3145
3157 3145 3158
3158 3145 3159
3158 3159 3160
3156 3161 3150
3156 3150 3143
3151 3162 3154
3157 3163 3156
3158 3163 3157
3160 3164 3158
3156 3165 3161
3163 3166 3165
3164 3166 3163
3167 3153 3168
3169 3170 3152
3169 3152 3155
3161 3151 3150
3165 3162 3161
3170 3168 3153
3170 3153 3152
3166 3171 3165
3146 3143 3142
3146 3142 3147
3168 3172 3173
3174 3175 3176
3173 3172 3177
3175 3174 3172
3168 3170 3172
3178 3179 3173
3178 3173 3177
3172 3170 3175
3175 3169 3176
3172 3174 3177
3175 3170 3169
3165 3171 3162
3158 3164 3163
3163 3165 3156
3180 3168 3173
3180 3173 3181
3180 3167 3168
3173 3179 3181
3150 3153 3144
3143 3150 3144
3149 3182 3159
3149 3159 3145
3167 3144 3153
3161 3162 3151
3166 3164 3183
3164 3184 3183
3185 3184 3160
3185 3160 3159
3159 3182 3185
3164 3160 3184
3186 3182 3187
3182 3186 3185
3171 3166 3188
3188 3166 3189
3166 3183 3189
3190 3191 3192
3193 3194 3195
3193 3195 3196
3194 3193 3197
3198 3199 3200
3198 3200 3201
3201 3200 3202
3201 3202 3203
3204 3205 3196
3204 3196 3192
3205 3206 3193
3205 3193 3196
3206 3207 3208
3206 3208 3193
3204 3192 3198
3204 3198 3209
3201 3203 3210
3205 3204 3211
3206 3205 3211
3207 3206 3212
3204 3209 3213
3211 3213 3214
3212 3211 3214
3215 3216 3199
3217 3202 3200
3217 3200 3218
3209 3198 3201
3213 3209 3210
3218 3200 3199
3218 3199 3216
3214 3213 3219
3196 3195 3190
3196 3190 3192
3216 3220 3221
3222 3223 3224
3220 3225 3221
3224 3221 3222
3216 3221 3218
3226 3225 3220
3226 3220 3227
3221 3224 3218
3224 3223 3217
3221 3225 3222
3224 3217 3218
3213 3210 3219
3206 3211 3212
3211 3204 3213
3228 3220 3216
3228 3229 3220
3228 3216 3215
3220 3229 3227
3198 3191 3199
3192 3191 3198
3197 3208 3230
3197 3193 3208
3215 3199 3191
3209 3201 3210
3214 3231 3212
3212 3231 3232
3233 3208 3207
3233 3207 3232
3208 3233 3230
3212 3232 3207
3234 3235 3230
3230 3233 3234
3219 3236 3214
3236 3237 3214
3214 3237 3231
3238 3239 3240
3241 3242 3243
3241 3243 3244
3245 3246 3247
3248 3249 3250
3248 3250 3251
3252 3253 3254
3252 3254 3255
3245 3256 3246
3257 3258 3259
3260 3261 3262
3263 3264 3265
3266 3267 3268
3269 3270 3271
3272 3273 3274
3275 3276 3277
3278 3279 3267
3280 3281 3282
3280 3282 3283
3284 3285 3286
3238 3287 3239
3238 3240 3242
3288 3289 3290
3288 3290 3291
3292 3293 3294
3295 3287 3238
3295 3238 3241
3296 3297 3298
3296 3298 3299
3300 3270 3269
3300 3269 3301
3302 3303 3304
3305 3306 3307
3308 3302 3253
3308 3253 3309
3310 3311 3312
3313 3314 3311
3313 3311 3310
3315 3316 3317
3315 3317 3318
3319 3320 3321
3319 3321 3322
3323 3324 3325
3326 3327 3328
3326 3328 3329
3326 3330 3331
3273 3251 3332
3273 3332 3274
3333 3284 3334
3335 3283 3282
3245 3247 3336
3337 3338 3339
3337 3339 3340
3341 3342 3337
3341 3337 3340
3295 3241 3244
3295 3244 3343
3282 3281 3333
3282 3342 3335
3275 3344 3276
3345 3346 3347
3345 3347 3348
3326 3331 3327
3349 3273 3272
3350 3351 3352
3350 3352 3353
3272 3354 3349
3355 3350 3353
3355 3353 3356
3300 3301 3297
3357 3358 3359
3357 3359 3360
3358 3357 3361
3358 3361 3362
3333 3285 3284
3273 3349 3363
3349 3354 3353
3362 3356 3353
3362 3353 3354
3364 3350 3355
3364 3355 3365
3348 3347 3366
3367 3366 3347
3368 3369 3345
3368 3345 3370
3371 3372 3373
3371 3373 3364
3371 3364 3365
3371 3365 3374
3375 3376 3296
3375 3296 3299
3377 3346 3345
3377 3345 3369
3378 3330 3326
3378 3326 3288
3251 3250 3379
3251 3379 3332
3248 3251 3273
3248 3273 3363
3380 3292 3268
3380 3268 3381
3248 3378 3382
3248 3382 3249
3383 3384 3385
3238 3242 3241
3386 3268 3292
3386 3292 3387
3388 3389 3390
3391 3392 3393
3391 3394 3395
3242 3396 3243
3393 3397 3391
3391 3397 3398
3260 3399 3261
3400 3401 3402
3403 3402 3401
3403 3401 3404
3405 3406 3407
3405 3407 3408
3409 3410 3411
3412 3413 3414
3415 3416 3402
3415 3402 3403
3415 3417 3304
3415 3304 3416
3277 3403 3404
3277 3404 3418
3399 3419 3406
3399 3406 3405
3420 3421 3254
3420 3254 3422
3423 3405 3408
3424 3409 3425
3426 3410 3424
3427 3428 3429
3430 3431 3312
3430 3312 3432
3309 3253 3252
3309 3252 3433
3265 3434 3435
3436 3437 3438
3437 3420 3438
3431 3430 3439
3431 3439 3440
3420 3441 3438
3263 3442 3443
3443 3444 3445
3446 3303 3447
3302 3308 3447
3302 3447 3303
3421 3448 3255
3421 3255 3254
3253 3302 3449
3253 3449 3254
3431 3424 3425
3431 3425 3312
3440 3426 3424
3440 3424 3431
3450 3413 3412
3304 3449 3302
3281 3280 3446
3446 3447 3451
3446 3280 3303
3280 3304 3303
3280 3283 3304
3283 3335 3402
3283 3402 3416
3335 3400 3402
3337 3334 3284
3337 3284 3338
3342 3282 3334
3342 3334 3337
3342 3341 3400
3342 3400 3335
3286 3338 3284
3452 3339 3338
3240 3278 3266
3386 3240 3266
3242 3240 3386
3453 3242 3386
3453 3386 3387
3454 3455 3456
3390 3398 3457
3398 3389 3394
3391 3398 3394
3458 3396 3459
3460 3461 3458
3460 3458 3462
3463 3464 3465
3463 3465 3466
3467 3468 3469
3470 3471 3407
3460 3472 3461
3473 3474 3467
3465 3467 3474
3465 3474 3475
3247 3246 3460
3247 3460 3462
3472 3460 3246
3472 3246 3256
3247 3462 3476
3247 3476 3336
3464 3468 3467
3464 3467 3465
3465 3475 3466
3256 3245 3477
3407 3471 3408
3469 3478 3479
3408 3471 3480
3343 3244 3461
3458 3461 3244
3458 3244 3243
3243 3396 3458
3461 3472 3343
3459 3476 3462
3459 3462 3458
3478 3469 3468
3478 3481 3479
3456 3482 3454
3384 3483 3484
3384 3484 3385
3485 3453 3387
3485 3387 3486
3487 3392 3383
3392 3395 3383
3387 3292 3294
3387 3294 3486
3484 3483 3488
3293 3292 3380
3313 3489 3314
3489 3490 3491
3278 3267 3266
3490 3492 3493
3494 3491 3495
3496 3497 3498
3316 3499 3317
3500 3318 3501
3317 3497 3496
3315 3318 3500
3502 3324 3323
3503 3320 3504
3325 3324 3505
3506 3319 3322
3506 3322 3507
3508 3509 3510
3511 3512 3513
3511 3513 3514
3515 3264 3514
3264 3511 3514
3506 3516 3319
3506 3507 3510
3510 3507 3508
3290 3289 3502
3329 3328 3505
3319 3516 3504
3319 3504 3320
3515 3434 3265
3515 3265 3264
3265 3442 3263
3517 3518 3432
3517 3432 3312
3429 3519 3427
3307 3520 3305
3520 3521 3305
3522 3428 3427
3397 3393 3523
3393 3392 3487
3393 3487 3523
3391 3395 3392
3485 3486 3455
3486 3294 3456
3390 3389 3398
3398 3397 3457
3293 3482 3456
3293 3456 3294
3268 3267 3381
3358 3272 3274
3358 3274 3359
3362 3354 3272
3362 3272 3358
3362 3361 3524
3362 3524 3356
3525 3374 3526
3527 3528 3365
3527 3365 3355
3356 3524 3527
3356 3527 3355
3370 3345 3348
3370 3348 3529
3364 3373 3351
3364 3351 3350
3369 3368 3530
3372 3371 3525
3371 3374 3525
3376 3375 3531
3377 3369 3530
3526 3374 3365
3526 3365 3528
3262 3261 3450
3276 3415 3403
3276 3403 3277
3276 3344 3417
3276 3417 3415
3261 3399 3423
3277 3418 3275
3419 3399 3260
3262 3450 3412
3254 3449 3422
3383 3385 3487
3385 3484 3487
3523 3487 3484
3312 3425 3310
3363 3349 3352
3363 3352 3330
3248 3363 3330
3248 3330 3378
3489 3491 3314
3378 3288 3291
3378 3291 3382
3494 3498 3497
3494 3497 3491
3491 3490 3495
3495 3490 3493
3348 3532 3529
3533 3509 3534
3529 3532 3535
3331 3330 3352
3510 3509 3533
3320 3503 3321
3386 3266 3268
3501 3317 3496
3324 3289 3329
3288 3326 3329
3288 3329 3289
3502 3289 3324
3443 3445 3263
3317 3499 3497
3312 3311 3517
3517 3311 3536
3497 3536 3311
3497 3311 3314
3314 3491 3497
3307 3306 3433
3307 3433 3252
3520 3307 3252
3520 3252 3255
3521 3520 3255
3521 3255 3448
3441 3420 3422
3423 3399 3405
3261 3423 3450
3424 3410 3409
3428 3522 3439
3428 3439 3430
3429 3428 3430
3429 3430 3432
3518 3519 3429
3518 3429 3432
3259 3258 3537
3259 3537 3435
3265 3537 3442
3265 3435 3537
3304 3283 3416
3282 3333 3334
3349 3353 3352
3501 3318 3317
3329 3505 3324
3297 3301 3298
3486 3456 3455
3452 3338 3286
3240 3239 3278
3538 3539 3540
3541 3542 3543
3541 3543 3544
3545 3546 3547
3548 3549 3550
3548 3550 3551
3552 3553 3554
3552 3554 3555
3545 3547 3556
3557 3558 3559
3560 3561 3562
3563 3564 3565
3566 3567 3568
3569 3570 3571
3572 3573 3574
3575 3576 3577
3578 3568 3579
3580 3581 3582
3580 3582 3583
3584 3585 3586
3538 3540 3587
3538 3544 3539
3588 3589 3590
3588 3590 3591
3592 3593 3594
3595 3541 3538
3595 3538 3587
3596 3597 3598
3596 3598 3599
3600 3601 3569
3600 3569 3571
3602 3603 3604
3605 3606 3607
3608 3609 3555
3608 3555 3602
3610 3611 3612
3613 3610 3612
3613 3612 3614
3615 3616 3617
3615 3617 3618
3619 3620 3621
3619 3621 3622
3623 3624 3625
3626 3627 3628
3626 3628 3629
3626 3630 3631
3574 3573 3632
3574 3632 3549
3633 3634 3584
3635 3582 3581
3545 3636 3546
3637 3638 3639
3637 3639 3640
3641 3638 3637
3641 3637 3642
3595 3643 3542
3595 3542 3541
3582 3633 3583
3582 3635 3642
3575 3577 3644
3645 3646 3647
3645 3647 3648
3626 3629 3630
3649 3572 3574
3650 3651 3652
3650 3652 3653
3572 3649 3654
3655 3656 3651
3655 3651 3650
3600 3599 3601
3657 3658 3659
3657 3659 3660
3660 3661 3662
3660 3662 3657
3633 3584 3586
3574 3663 3649
3649 3651 3654
3661 3654 3651
3661 3651 3656
3664 3665 3655
3664 3655 3650
3646 3666 3647
3667 3647 3666
3668 3669 3645
3668 3645 3670
3671 3664 3672
3671 3672 3673
3671 3674 3665
3671 3665 3664
3675 3597 3596
3675 3596 3676
3677 3670 3645
3677 3645 3648
3678 3588 3626
3678 3626 3631
3549 3632 3679
3549 3679 3550
3548 3663 3574
3548 3574 3549
3680 3681 3567
3680 3567 3592
3548 3551 3682
3548 3682 3678
3683 3684 3685
3538 3541 3544
3686 3687 3592
3686 3592 3567
3688 3689 3690
3691 3692 3693
3691 3694 3695
3544 3543 3696
3692 3691 3697
3691 3698 3697
3560 3562 3699
3700 3701 3702
3703 3704 3702
3703 3702 3701
3705 3706 3707
3705 3707 3708
3709 3710 3711
3712 3713 3714
3715 3703 3701
3715 3701 3716
3715 3716 3603
3715 3603 3717
3576 3718 3704
3576 3704 3703
3699 3705 3708
3699 3708 3719
3720 3721 3554
3720 3554 3722
3723 3706 3705
3724 3725 3709
3726 3724 3711
3727 3728 3729
3730 3731 3611
3730 3611 3732
3609 3733 3552
3609 3552 3555
3564 3734 3735
3736 3737 3738
3738 3737 3720
3732 3739 3740
3732 3740 3730
3720 3737 3741
3563 3742 3743
3742 3744 3745
3746 3747 3604
3602 3604 3747
3602 3747 3608
3722 3554 3553
3722 3553 3748
3555 3554 3749
3555 3749 3602
3732 3611 3725
3732 3725 3724
3739 3732 3724
3739 3724 3726
3750 3712 3714
3603 3602 3749
3583 3746 3580
3746 3751 3747
3746 3604 3580
3580 3604 3603
3580 3603 3581
3581 3716 3701
3581 3701 3635
3635 3701 3700
3637 3640 3584
3637 3584 3634
3642 3637 3634
3642 3634 3582
3642 3635 3700
3642 3700 3641
3585 3584 3640
3752 3640 3639
3539 3566 3578
3686 3566 3539
3544 3686 3539
3753 3687 3686
3753 3686 3544
3754 3755 3756
3689 3757 3698
3698 3695 3690
3691 3695 3698
3758 3759 3696
3760 3761 3758
3760 3758 3762
3763 3764 3765
3763 3765 3766
3767 3768 3769
3770 3707 3771
3760 3762 3772
3773 3767 3774
3765 3775 3774
3765 3774 3767
3546 3761 3760
3546 3760 3547
3772 3556 3547
3772 3547 3760
3546 3636 3776
3546 3776 3761
3766 3765 3767
3766 3767 3769
3765 3764 3775
3556 3777 3545
3707 3706 3771
3768 3778 3779
3706 3780 3771
3643 3762 3542
3758 3543 3542
3758 3542 3762
3543 3758 3696
3762 3643 3772
3759 3758 3761
3759 3761 3776
3779 3769 3768
3779 3778 3781
3755 3754 3782
3685 3684 3783
3685 3783 3784
3785 3786 3687
3785 3687 3753
3787 3683 3693
3693 3683 3694
3687 3786 3593
3687 3593 3592
3783 3788 3784
3594 3680 3592
3613 3614 3789
3789 3790 3791
3578 3566 3568
3791 3792 3793
3794 3795 3790
3796 3797 3798
3618 3617 3799
3800 3801 3616
3617 3796 3798
3615 3800 3616
3802 3623 3625
3803 3804 3622
3624 3805 3625
3806 3807 3620
3806 3620 3619
3808 3809 3810
3811 3812 3813
3811 3814 3812
3815 3814 3565
3565 3814 3811
3806 3619 3816
3806 3809 3807
3809 3808 3807
3590 3802 3591
3627 3805 3628
3619 3622 3804
3619 3804 3816
3815 3565 3564
3815 3564 3735
3564 3563 3743
3817 3611 3731
3817 3731 3818
3728 3727 3819
3606 3605 3820
3820 3605 3821
3822 3727 3729
3697 3823 3692
3692 3787 3693
3692 3823 3787
3691 3693 3694
3785 3756 3786
3786 3755 3593
3689 3698 3690
3698 3757 3697
3594 3593 3755
3594 3755 3782
3567 3681 3568
3660 3659 3573
3660 3573 3572
3661 3660 3572
3661 3572 3654
3661 3656 3824
3661 3824 3662
3825 3826 3674
3827 3655 3665
3827 3665 3828
3656 3655 3827
3656 3827 3824
3669 3829 3646
3669 3646 3645
3664 3650 3653
3664 3653 3672
3670 3830 3668
3673 3825 3671
3671 3825 3674
3676 3831 3675
3677 3830 3670
3826 3828 3665
3826 3665 3674
3561 3750 3562
3577 3576 3703
3577 3703 3715
3577 3715 3717
3577 3717 3644
3562 3723 3699
3576 3575 3718
3719 3560 3699
3561 3712 3750
3554 3721 3749
3683 3787 3684
3684 3787 3783
3823 3783 3787
3611 3610 3725
3663 3631 3652
3663 3652 3649
3548 3678 3631
3548 3631 3663
3789 3614 3790
3678 3682 3589
3678 3589 3588
3794 3790 3798
3794 3798 3797
3790 3795 3791
3795 3792 3791
3646 3829 3832
3833 3834 3810
3829 3835 3832
3630 3652 3631
3809 3833 3810
3622 3621 3803
3686 3567 3566
3801 3796 3617
3625 3627 3591
3588 3591 3627
3588 3627 3626
3802 3625 3591
3742 3563 3744
3617 3798 3799
3611 3817 3612
3817 3836 3612
3798 3614 3612
3798 3612 3836
3614 3798 3790
3606 3552 3733
3606 3733 3607
3820 3553 3552
3820 3552 3606
3821 3748 3553
3821 3553 3820
3741 3721 3720
3723 3705 3699
3562 3750 3723
3724 3709 3711
3729 3730 3740
3729 3740 3822
3728 3731 3730
3728 3730 3729
3818 3731 3728
3818 3728 3819
3558 3734 3837
3558 3837 3559
3564 3743 3837
3564 3837 3734
3603 3716 3581
3582 3634 3633
3649 3652 3651
3801 3617 3616
3627 3625 3805
3599 3598 3601
3786 3756 3755
3752 3585 3640
3539 3578 3540
