byte offset: 0
first index: 0
index count: 5838
topology: trianglelist
format: DXGI_FORMAT_R16_UINT

0 1 2
0 2 3
4 5 6
7 8 9
10 11 12
10 12 13
0 3 14
0 14 15
16 17 18
19 20 6
19 6 5
21 22 23
18 24 25
18 25 26
27 28 29
27 29 30
31 32 33
31 33 34
35 36 37
38 39 40
41 42 43
44 45 46
47 48 49
50 51 52
50 52 53
54 55 52
54 52 51
56 57 46
56 46 45
31 58 59
31 59 32
50 60 61
50 61 51
62 63 64
62 64 65
66 44 41
66 41 67
68 43 38
42 41 44
69 70 71
72 73 48
56 45 74
75 22 21
75 21 76
77 7 78
44 66 45
79 80 81
82 83 84
82 84 85
86 87 88
49 57 47
73 89 90
73 91 89
92 93 94
92 94 95
5 4 96
5 96 97
5 98 19
99 10 13
99 13 100
101 102 103
101 103 104
105 106 107
17 108 6
17 6 24
6 20 25
6 25 24
105 107 93
105 93 92
102 7 77
102 77 103
99 109 110
99 110 111
18 76 16
18 26 75
112 113 88
55 114 115
55 115 52
52 115 53
116 90 89
116 89 117
116 118 49
116 49 90
119 57 49
119 49 118
119 120 46
119 46 57
46 120 42
121 122 123
121 123 37
124 125 68
124 68 40
67 41 68
67 68 125
126 127 128
126 128 129
130 10 99
130 99 111
131 132 130
131 130 107
127 126 133
134 123 135
134 135 136
137 138 72
137 72 139
140 141 142
140 142 143
69 67 70
144 145 146
93 107 130
93 130 111
147 144 148
84 83 129
84 129 128
149 150 151
149 151 71
79 152 151
79 151 150
10 130 132
10 132 11
106 153 131
154 91 143
154 143 142
133 126 155
136 156 157
136 157 134
105 158 159
105 159 106
105 92 160
105 160 158
95 161 160
95 160 92
74 34 162
67 69 66
45 66 69
144 132 131
144 131 145
131 153 145
83 82 163
83 163 164
165 166 167
102 168 8
102 8 7
168 169 8
169 159 16
159 158 108
159 108 17
158 160 4
158 4 108
160 161 96
160 96 4
48 170 72
171 62 65
171 65 172
173 174 175
173 175 176
32 172 65
32 65 33
173 172 32
173 32 59
59 177 174
59 174 173
64 47 56
64 56 162
168 102 101
168 101 178
159 169 153
159 153 106
169 168 178
169 178 153
149 71 179
149 179 180
59 58 181
59 181 177
58 81 182
58 182 181
71 151 34
71 34 74
151 152 31
151 31 34
152 81 58
152 58 31
100 183 109
100 109 99
110 94 93
110 93 111
79 81 152
180 179 164
180 164 163
136 184 185
136 185 156
87 184 136
87 136 135
87 86 184
86 186 187
86 187 188
87 135 189
87 189 190
133 155 191
35 37 192
193 137 139
70 67 125
70 125 194
194 179 70
74 45 69
113 112 195
196 197 55
196 55 54
198 196 54
198 54 199
197 195 114
197 114 55
50 154 142
50 53 154
37 123 134
37 134 192
35 124 40
35 40 36
106 131 107
145 153 178
101 104 28
101 28 27
178 200 145
144 146 201
27 178 101
71 70 179
69 71 74
36 39 121
36 121 37
44 46 42
41 43 68
68 38 40
202 195 112
202 112 203
204 120 119
204 119 205
206 43 42
206 42 207
208 118 116
208 116 209
210 203 112
210 112 190
211 115 114
211 114 212
115 211 213
214 210 190
214 190 189
215 38 43
215 43 206
209 116 117
209 117 216
205 119 118
205 118 208
207 42 120
207 120 204
121 217 218
212 114 195
212 195 202
215 217 39
215 39 38
39 217 121
219 220 221
222 223 224
222 224 225
221 220 226
221 226 227
228 229 230
228 230 231
232 228 233
232 233 234
228 231 235
228 235 233
227 226 236
227 236 229
236 230 229
222 225 219
222 219 221
232 222 221
232 221 227
232 234 223
232 223 222
232 227 229
232 229 228
237 238 233
223 234 239
223 239 240
224 223 240
224 240 241
239 234 233
239 233 238
235 237 233
202 203 219
205 238 237
205 237 204
207 235 231
207 231 206
209 240 239
209 239 208
203 210 220
212 225 224
212 224 211
211 224 241
211 241 216
226 220 210
226 210 214
206 231 230
206 230 215
241 240 209
241 209 216
208 239 238
208 238 205
237 235 207
237 207 204
236 218 217
202 219 225
202 225 212
217 215 230
217 230 236
203 220 219
88 190 112
122 189 135
122 135 123
214 189 122
214 122 218
236 226 214
236 214 218
121 218 122
40 39 36
113 195 197
242 213 117
213 216 117
213 211 216
213 242 53
242 154 53
242 117 89
53 115 213
133 243 244
245 246 247
245 247 248
249 148 250
199 54 51
199 51 61
88 87 190
126 251 252
126 129 251
129 164 253
251 129 253
146 145 200
191 254 192
191 255 254
255 256 35
252 125 124
252 251 125
251 194 125
251 253 194
253 179 194
253 164 179
124 256 252
35 256 124
256 126 252
157 257 258
12 15 14
147 11 132
147 132 144
259 60 50
186 86 260
186 260 261
113 262 260
113 260 88
261 260 262
261 262 263
113 197 196
113 196 262
185 184 86
185 86 188
86 88 260
147 148 0
147 0 15
15 12 11
30 264 265
30 265 146
144 201 148
266 264 267
266 267 268
265 264 266
265 266 269
201 146 265
201 265 269
201 269 250
0 148 1
1 148 249
250 148 201
15 11 147
128 127 270
128 270 271
127 133 244
127 244 270
84 128 271
84 271 272
200 27 30
200 30 146
200 178 27
30 29 267
30 267 264
272 273 85
272 85 84
129 83 164
274 20 19
274 19 275
276 26 25
276 25 277
277 25 20
277 20 274
278 279 26
278 26 276
280 281 282
281 280 279
281 279 278
182 283 181
137 284 285
286 287 288
286 288 285
262 196 198
262 198 263
275 19 289
275 289 290
291 292 293
291 293 294
295 296 297
295 297 298
298 297 292
298 292 291
299 300 296
299 296 295
301 302 303
301 303 304
305 306 307
305 307 308
308 307 302
308 302 301
304 303 309
304 309 310
311 312 306
311 306 305
313 314 315
313 315 316
316 315 312
316 312 311
294 293 314
294 314 313
317 318 319
317 319 320
320 319 300
320 300 299
321 322 318
321 318 317
191 243 133
191 155 255
155 256 255
155 126 256
192 254 35
254 255 35
191 248 243
157 258 134
191 192 258
191 258 245
245 248 191
134 258 192
246 245 258
246 258 257
139 170 63
47 170 48
64 162 33
64 33 65
62 171 323
62 323 193
137 193 284
324 325 326
324 326 327
176 175 325
176 325 324
172 173 176
172 176 171
171 176 324
171 324 323
284 323 327
47 57 56
139 63 193
193 63 62
170 47 64
170 64 63
327 326 328
327 328 286
285 284 286
286 284 327
284 193 323
327 323 324
81 80 182
23 280 282
162 34 33
74 162 56
49 48 90
166 165 329
138 329 165
138 165 140
140 143 138
143 72 138
143 73 72
143 91 73
89 91 242
242 91 154
167 141 140
73 90 48
285 288 166
285 166 329
138 137 285
138 285 329
330 141 167
259 142 141
259 141 330
331 332 333
331 333 334
335 336 337
338 339 340
338 340 341
342 343 344
342 344 345
331 346 347
331 347 332
348 349 350
348 350 351
352 353 337
354 339 355
354 355 356
349 357 358
349 358 350
359 360 361
359 361 362
363 364 365
363 365 366
367 368 369
370 371 372
373 374 375
376 377 378
379 380 381
382 383 384
382 384 385
386 385 384
386 384 387
388 378 377
388 377 389
363 366 390
363 390 391
61 60 382
61 382 385
392 393 394
392 394 395
396 397 373
396 373 376
398 370 374
375 376 373
399 400 401
388 402 378
339 354 403
339 403 340
404 355 339
404 339 338
376 378 396
405 406 407
405 407 408
409 410 411
380 379 389
412 413 381
412 381 414
415 95 94
415 94 416
335 97 96
353 417 98
353 98 337
418 419 343
418 343 342
420 421 422
420 422 423
424 425 426
351 350 352
352 350 358
352 358 427
424 415 416
424 416 425
423 422 404
423 404 338
418 428 110
418 110 109
349 348 341
349 341 340
349 340 403
349 403 357
429 410 430
387 384 431
387 431 432
384 383 431
433 434 412
433 412 414
433 414 380
433 380 435
436 435 380
436 380 389
436 389 377
436 377 437
377 375 437
438 368 439
438 439 440
441 371 398
441 398 442
397 442 398
397 398 373
443 444 445
443 445 446
447 428 418
447 418 342
448 425 447
448 447 449
446 450 443
451 452 453
451 453 439
454 455 456
454 456 457
399 401 397
458 459 460
416 428 447
416 447 425
461 462 458
407 445 444
407 444 408
463 400 464
463 464 465
466 465 464
342 345 449
342 449 447
426 448 467
468 456 455
468 455 469
450 470 443
452 451 471
452 471 472
424 426 473
424 473 474
424 474 475
424 475 415
95 415 475
95 475 161
402 476 364
397 396 399
378 399 396
458 460 448
458 448 449
448 460 467
408 477 478
408 478 405
479 167 166
423 338 341
423 341 480
480 341 348
480 348 481
481 348 351
481 351 473
473 351 336
474 336 335
475 335 96
475 96 161
381 482 483
484 485 393
484 393 392
486 487 488
486 488 489
366 365 393
366 393 485
486 390 366
486 366 485
390 486 489
390 489 490
388 379 491
480 492 420
480 420 423
473 426 467
473 467 481
481 467 492
481 492 480
463 493 494
463 494 400
390 490 495
390 495 391
495 496 497
495 497 391
400 402 364
400 364 464
464 364 363
464 363 466
466 363 391
466 391 497
419 418 109
419 109 183
110 428 416
110 416 94
493 478 477
493 477 494
452 472 498
452 498 499
411 453 452
411 452 499
411 499 409
409 500 187
409 187 186
411 501 502
411 502 453
450 503 470
367 504 368
505 506 507
401 508 442
401 442 397
508 401 494
402 399 378
430 509 429
510 386 387
510 387 511
198 199 386
198 386 510
511 387 432
511 432 509
382 456 468
382 468 383
368 504 451
368 451 439
367 369 371
367 371 441
426 425 448
460 492 467
420 359 362
420 362 421
492 460 512
458 513 459
359 420 492
400 494 401
399 402 400
369 368 438
369 438 372
376 375 377
373 398 374
398 371 370
514 515 429
514 429 509
516 517 436
516 436 437
518 519 375
518 375 374
520 521 433
520 433 435
522 501 429
522 429 515
523 524 432
523 432 431
431 525 523
526 502 501
526 501 522
527 518 374
527 374 370
521 528 434
521 434 433
517 520 435
517 435 436
519 516 437
519 437 375
438 529 530
524 514 509
524 509 432
527 370 372
527 372 530
372 438 530
531 532 533
534 535 536
534 536 537
532 538 539
532 539 533
540 541 542
540 542 543
544 545 546
544 546 540
540 546 547
540 547 541
538 543 548
538 548 539
548 543 542
534 532 531
534 531 535
544 538 532
544 532 534
544 534 537
544 537 545
544 540 543
544 543 538
549 546 550
537 551 552
537 552 545
536 553 551
536 551 537
552 550 546
552 546 545
547 546 549
514 531 515
517 516 549
517 549 550
519 518 541
519 541 547
521 520 552
521 552 551
515 533 522
524 523 536
524 536 535
523 528 553
523 553 536
539 526 522
539 522 533
518 527 542
518 542 541
553 528 521
553 521 551
520 517 550
520 550 552
549 516 519
549 519 547
548 530 529
514 524 535
514 535 531
530 542 527
530 548 542
515 531 533
410 429 501
440 439 453
440 453 502
526 529 440
526 440 502
548 529 526
548 526 539
438 440 529
371 369 372
430 511 509
554 434 525
525 434 528
525 528 523
525 383 554
554 383 468
554 412 434
383 525 431
450 555 556
557 558 559
557 559 560
561 562 462
199 61 385
199 385 386
410 501 411
443 563 564
443 564 444
444 565 477
564 565 444
459 512 460
503 504 566
503 566 567
567 367 568
563 441 442
563 442 564
564 442 508
564 508 565
565 508 494
565 494 477
441 563 568
367 441 568
568 563 443
471 569 570
344 347 346
461 458 449
461 449 345
259 382 60
186 261 571
186 571 409
430 410 571
430 571 572
261 263 572
261 572 571
430 572 510
430 510 511
498 500 409
498 409 499
409 571 410
461 346 331
461 331 462
346 345 344
360 459 573
360 573 574
458 462 513
575 576 577
575 577 574
573 578 575
573 575 574
513 573 459
513 562 578
513 578 573
331 334 462
334 561 462
562 513 462
346 461 345
445 579 580
445 580 446
446 580 555
446 555 450
407 581 579
407 579 445
512 459 360
512 360 359
512 359 492
360 574 577
360 577 361
581 407 406
581 406 582
444 477 408
583 584 585
583 585 427
586 587 358
586 358 357
587 583 427
587 427 358
588 586 357
588 357 403
589 590 354
589 354 356
590 588 403
590 403 354
591 592 593
288 287 594
288 594 592
572 263 198
572 198 510
584 290 289
584 289 585
595 596 597
595 597 598
599 600 601
599 601 602
600 595 598
600 598 601
603 599 602
603 602 604
605 606 607
605 607 608
609 610 611
609 611 612
610 605 608
610 608 611
606 310 309
606 309 607
613 609 612
613 612 614
615 616 617
615 617 618
616 613 614
616 614 617
596 615 618
596 618 597
619 620 621
619 621 622
620 603 604
620 604 621
321 623 624
321 624 322
503 450 556
503 567 470
470 567 568
470 568 443
504 367 566
566 367 567
503 556 558
471 451 569
503 557 569
503 569 504
557 503 558
451 504 569
560 570 569
560 569 557
482 625 483
379 381 483
365 476 394
505 507 626
505 626 627
487 505 627
487 627 488
485 484 487
485 487 486
505 487 484
379 388 389
505 484 392
505 392 506
491 379 483
491 483 628
507 594 629
507 629 626
476 365 364
402 388 476
380 414 381
454 479 630
630 591 482
630 482 631
631 482 381
631 381 413
554 468 469
167 479 454
592 479 166
592 166 288
330 167 457
457 456 259
457 259 330
456 382 259
632 629 594
632 594 287
286 328 632
286 632 287
395 633 506
506 392 395
507 506 633
507 633 593
625 482 591
625 591 593
592 594 507
592 507 593
593 633 625
483 625 628
365 394 393
476 491 394
395 394 491
395 491 628
628 633 395
388 491 476
628 625 633
21 23 78
16 76 8
8 169 16
78 7 9
78 9 21
76 21 9
76 9 8
279 280 22
279 22 75
18 75 76
23 22 280
282 281 634
75 26 279
337 336 352
473 336 474
19 98 417
19 417 289
585 289 417
585 417 353
585 353 352
585 352 427
351 352 336
5 97 98
97 335 337
16 159 17
18 17 24
474 335 475
97 337 98
455 454 630
455 630 631
413 469 455
413 455 631
412 554 469
412 469 413
630 479 592
630 592 591
167 454 457
167 140 165
259 50 142
72 170 139
4 6 108
635 636 637
635 637 638
639 640 641
639 641 642
635 643 644
635 644 636
643 645 646
643 646 644
647 648 649
647 649 650
651 652 653
651 653 654
655 656 657
658 659 652
658 652 651
660 661 662
660 662 663
662 661 664
665 664 666
665 666 667
668 669 635
668 635 638
670 668 638
670 638 639
669 671 643
669 643 635
671 672 645
671 645 643
672 673 649
672 649 645
674 650 675
653 676 677
653 677 678
679 680 659
679 659 681
680 682 652
680 652 659
678 677 683
678 683 684
666 684 685
686 667 687
688 637 636
688 636 689
690 641 691
690 691 692
693 646 648
693 648 694
695 644 646
695 646 693
689 636 644
689 644 695
674 696 647
697 698 699
697 699 700
701 702 703
701 703 704
705 706 707
705 707 708
709 640 637
709 637 688
710 711 702
710 702 701
712 713 711
712 711 710
714 715 716
714 716 717
700 699 718
700 718 719
720 721 722
720 722 723
724 725 717
724 717 716
726 710 701
726 701 715
727 712 710
727 710 726
715 701 704
715 704 716
724 705 708
724 708 722
715 714 728
715 728 726
726 728 729
726 729 727
727 729 730
727 730 718
731 719 732
638 637 640
638 640 639
639 642 733
639 733 670
705 704 703
705 703 706
691 641 640
691 640 709
722 721 725
722 725 724
716 704 705
716 705 724
734 733 642
734 642 735
690 735 642
690 642 641
736 737 708
736 708 707
737 723 722
737 722 708
645 649 648
645 648 646
712 699 698
712 698 713
727 718 699
727 699 712
655 681 659
655 659 658
681 657 738
681 738 679
654 653 678
654 678 660
652 682 676
652 676 653
687 685 739
687 739 740
741 677 676
741 676 742
743 682 680
743 680 744
745 683 677
745 677 741
739 685 683
739 683 745
746 747 748
746 748 749
750 751 752
750 752 753
744 680 679
744 679 754
755 756 747
755 747 746
757 758 759
757 759 760
760 759 761
760 761 762
763 764 765
753 752 756
753 756 755
754 679 738
754 738 766
742 676 682
742 682 743
749 748 758
749 758 757
767 768 769
767 769 770
763 771 772
773 767 753
773 753 755
774 773 755
774 755 746
775 774 746
775 746 749
775 749 757
775 757 776
776 757 760
776 760 777
777 760 762
777 762 778
750 753 767
750 767 770
773 779 768
773 768 767
774 780 779
774 779 773
775 781 780
775 780 774
782 781 775
782 775 776
783 782 776
783 776 777
784 783 777
784 777 778
763 772 764
656 655 785
658 786 785
658 785 655
651 787 786
651 786 658
654 788 787
654 787 651
663 788 654
663 654 660
655 657 681
664 661 666
660 678 684
660 684 661
666 661 684
685 684 683
665 667 686
687 667 666
687 666 685
687 740 686
765 764 762
765 762 761
771 784 778
771 778 772
764 772 778
764 778 762
647 650 674
675 650 649
675 649 673
647 696 694
647 694 648
697 700 731
700 719 731
732 719 718
732 718 730
789 790 791
789 791 792
793 794 795
793 795 796
797 798 799
797 799 800
801 800 799
801 799 802
803 804 805
803 805 806
807 808 809
807 809 810
811 812 813
811 813 814
815 816 812
815 812 811
804 817 818
804 818 805
815 819 820
815 820 816
821 822 791
821 791 790
821 823 824
821 824 822
825 793 796
825 796 826
789 792 827
789 827 828
829 807 810
829 810 830
829 830 831
829 831 832
833 803 806
833 806 834
819 835 836
819 836 820
797 833 834
797 834 798
823 837 838
823 838 824
814 813 839
814 839 840
825 826 809
825 809 808
837 801 802
837 802 838
817 841 842
817 842 818
828 827 795
828 795 794
832 831 836
832 836 835
843 844 845
843 845 846
847 848 849
847 849 850
850 851 852
850 852 847
853 854 855
856 857 852
856 852 851
858 859 860
858 860 861
862 857 863
864 865 866
867 868 869
867 869 870
871 872 873
871 873 874
875 868 867
875 867 876
875 876 877
875 877 878
879 880 881
879 881 882
883 884 882
883 882 881
883 843 846
883 846 884
885 870 869
885 869 886
887 885 886
887 886 888
845 889 890
845 890 888
844 891 892
870 893 894
870 894 867
894 895 876
896 897 898
896 898 899
900 901 902
900 902 853
870 885 903
870 903 893
904 903 885
904 885 887
871 905 872
901 906 902
907 908 909
907 909 910
911 853 855
912 913 914
915 894 893
915 893 916
917 895 894
917 894 915
918 919 895
918 895 917
920 921 922
923 924 925
926 916 927
928 929 930
931 932 933
934 935 936
937 938 939
878 877 874
878 874 873
880 879 940
880 940 941
895 919 877
906 887 888
906 888 890
905 897 942
905 942 943
874 919 944
874 944 871
852 857 945
852 945 943
844 892 889
946 892 947
876 895 877
877 919 874
894 876 867
862 863 948
862 948 949
866 872 945
866 945 950
950 862 949
950 949 951
952 953 954
917 915 955
918 917 956
957 958 946
957 946 959
889 958 960
889 960 890
961 942 897
961 897 896
962 898 897
962 897 905
871 944 962
871 962 905
872 905 943
853 911 900
963 909 964
964 909 908
859 858 965
859 965 966
855 965 858
855 858 910
909 911 855
909 855 910
909 963 911
935 934 967
957 959 966
957 966 965
946 958 892
890 960 902
890 902 906
856 968 863
856 863 857
863 969 948
968 969 863
950 945 862
945 857 862
943 945 872
866 865 873
864 866 950
864 950 951
888 886 846
888 846 845
882 884 869
882 869 868
879 882 868
879 868 875
879 875 878
879 878 940
873 865 940
873 940 878
886 869 884
886 884 846
866 873 872
970 971 972
906 901 904
911 963 900
853 902 960
853 960 854
973 947 892
973 892 891
942 961 848
942 848 847
852 943 942
852 942 847
907 910 858
907 858 861
855 957 965
855 854 957
960 958 957
960 957 854
906 904 887
892 958 889
844 889 845
944 921 913
944 913 962
919 918 921
919 921 944
962 913 924
962 924 898
916 893 903
916 903 974
903 904 930
903 930 974
904 901 933
904 933 930
963 964 975
963 975 935
938 899 898
938 898 924
900 963 935
900 935 970
901 900 970
901 970 933
917 955 976
955 915 977
952 954 978
954 953 979
927 974 980
927 916 974
974 929 980
930 929 974
930 932 928
933 932 930
933 972 931
970 972 933
970 967 971
935 967 970
939 924 923
939 938 924
936 975 981
936 935 975
925 913 912
914 921 920
922 918 982
922 921 918
956 917 976
918 956 982
983 984 865
983 865 864
951 985 983
951 983 864
986 985 951
986 951 949
948 987 986
948 986 949
988 989 987
988 987 948
941 940 865
941 865 984
988 948 969
914 913 921
925 924 913
990 991 992
990 992 993
994 995 996
994 996 997
998 999 1000
998 1000 1001
1002 1003 1004
1002 1004 1005
1006 1007 1008
1006 1008 1009
1010 1011 1012
1010 1012 1013
1014 1015 1016
1014 1016 1017
1018 1019 1020
1018 1020 1021
1022 1023 1024
1022 1024 1025
1026 1027 1028
1026 1028 1029
1030 1031 1032
1030 1032 1033
1034 1035 1036
1034 1036 1037
1038 1039 1040
1038 1040 1041
1006 1009 1000
1006 1000 999
998 1001 996
998 996 995
994 997 1020
994 1020 1019
1023 1018 1021
1023 1021 1024
1022 1025 1027
1022 1027 1026
1003 1029 1028
1003 1028 1004
1002 1005 1032
1002 1032 1031
1042 1043 1036
1042 1036 1035
1030 1033 1040
1030 1040 1039
1034 1037 1015
1034 1015 1014
991 1017 1016
991 1016 992
990 993 1012
990 1012 1011
1010 1013 1008
1010 1008 1007
1044 1045 1046
1044 1046 1047
1048 1049 1050
1048 1050 1051
1052 1053 1054
1052 1054 1055
1056 1057 1054
1056 1054 1053
1058 1059 1060
1058 1060 1061
1062 1063 1064
1062 1064 1065
1066 1067 1068
1066 1068 1069
1070 1066 1069
1070 1069 1071
1061 1060 1072
1061 1072 1073
1070 1071 1074
1070 1074 1075
1076 1047 1046
1076 1046 1077
1076 1077 1078
1076 1078 1079
1080 1081 1049
1080 1049 1048
1044 1082 1083
1044 1083 1045
1084 1085 1063
1084 1063 1062
1084 1086 1087
1084 1087 1085
1088 1089 1059
1088 1059 1058
1075 1074 1090
1075 1090 1091
1052 1055 1089
1052 1089 1088
1079 1078 1092
1079 1092 1093
1067 1094 1095
1067 1095 1068
1080 1065 1064
1080 1064 1081
1093 1092 1057
1093 1057 1056
1073 1072 1096
1073 1096 1097
1082 1051 1050
1082 1050 1083
1086 1091 1090
1086 1090 1087
1098 1099 1100
1098 1100 1101
1102 1103 1104
1102 1104 1105
1103 1102 1106
1103 1106 1107
1108 1109 1110
1111 1107 1106
1111 1106 1112
1113 1114 1115
1113 1115 1116
1117 1118 1112
1119 1120 1121
1122 1123 1124
1122 1124 1125
1126 1127 1128
1126 1128 1129
1130 1131 1122
1130 1122 1125
1130 1132 1133
1130 1133 1131
1134 1135 1136
1134 1136 1137
1138 1136 1135
1138 1135 1139
1138 1139 1099
1138 1099 1098
1140 1141 1124
1140 1124 1123
1142 1143 1141
1142 1141 1140
1100 1143 1144
1100 1144 1145
1101 1146 1147
1123 1122 1148
1123 1148 1149
1148 1131 1150
1151 1152 1153
1151 1153 1154
1155 1108 1156
1155 1156 1157
1123 1149 1158
1123 1158 1140
1159 1142 1140
1159 1140 1158
1126 1129 1160
1157 1156 1161
1162 1163 1164
1162 1164 1165
1166 1109 1108
1167 1168 1169
1170 1171 1149
1170 1149 1148
1172 1170 1148
1172 1148 1150
1173 1172 1150
1173 1150 1174
1175 1176 1177
1178 1179 1180
1181 1182 1171
1183 1184 1185
1186 1187 1188
1189 1190 1191
1192 1193 1194
1132 1128 1127
1132 1127 1133
1137 1195 1196
1137 1196 1134
1150 1133 1174
1161 1144 1143
1161 1143 1142
1160 1197 1198
1160 1198 1154
1127 1126 1199
1127 1199 1174
1106 1197 1200
1106 1200 1112
1101 1145 1146
1201 1202 1146
1131 1133 1150
1133 1127 1174
1148 1122 1131
1117 1203 1204
1117 1204 1118
1120 1205 1200
1120 1200 1129
1205 1206 1203
1205 1203 1117
1170 1207 1171
1172 1208 1170
1173 1209 1172
1210 1211 1201
1210 1201 1212
1145 1144 1213
1145 1213 1212
1214 1151 1154
1214 1154 1198
1215 1160 1154
1215 1154 1153
1126 1160 1215
1126 1215 1199
1129 1197 1160
1108 1155 1166
1216 1217 1164
1217 1165 1164
1116 1218 1219
1116 1219 1113
1109 1163 1113
1109 1113 1219
1164 1163 1109
1164 1109 1166
1164 1166 1216
1191 1220 1189
1210 1219 1218
1210 1218 1211
1201 1146 1212
1144 1161 1156
1144 1156 1213
1111 1112 1118
1111 1118 1221
1118 1204 1222
1221 1118 1222
1205 1117 1200
1200 1117 1112
1197 1129 1200
1120 1128 1121
1119 1206 1205
1119 1205 1120
1143 1100 1099
1143 1099 1141
1135 1125 1124
1135 1124 1139
1134 1130 1125
1134 1125 1135
1134 1196 1132
1134 1132 1130
1128 1132 1196
1128 1196 1121
1141 1099 1139
1141 1139 1124
1120 1129 1128
1223 1224 1225
1161 1159 1157
1166 1155 1216
1108 1110 1213
1108 1213 1156
1226 1147 1146
1226 1146 1202
1198 1102 1105
1198 1105 1214
1106 1102 1198
1106 1198 1197
1162 1114 1113
1162 1113 1163
1109 1219 1210
1109 1210 1110
1213 1110 1210
1213 1210 1212
1161 1142 1159
1146 1145 1212
1101 1100 1145
1199 1215 1169
1199 1169 1177
1174 1199 1177
1174 1177 1173
1215 1153 1180
1215 1180 1169
1171 1227 1158
1171 1158 1149
1158 1227 1184
1158 1184 1159
1159 1184 1187
1159 1187 1157
1216 1191 1228
1216 1228 1217
1194 1180 1153
1194 1153 1152
1155 1223 1191
1155 1191 1216
1157 1187 1223
1157 1223 1155
1172 1229 1208
1208 1230 1170
1170 1230 1207
1207 1181 1171
1182 1231 1227
1182 1227 1171
1227 1231 1185
1184 1227 1185
1184 1183 1188
1187 1184 1188
1187 1186 1224
1223 1187 1224
1223 1225 1220
1191 1223 1220
1193 1178 1180
1193 1180 1194
1190 1232 1228
1190 1228 1191
1179 1167 1169
1168 1175 1177
1176 1233 1173
1176 1173 1177
1209 1229 1172
1173 1233 1209
1234 1119 1121
1234 1121 1235
1206 1119 1234
1206 1234 1236
1237 1203 1206
1237 1206 1236
1204 1203 1237
1204 1237 1238
1239 1204 1238
1239 1238 1240
1195 1235 1121
1195 1121 1196
1239 1222 1204
1168 1177 1169
1179 1169 1180
1241 1242 1243
1241 1243 1244
1245 1246 1247
1245 1247 1248
1249 1250 1251
1249 1251 1252
1253 1254 1255
1253 1255 1256
1257 1258 1259
1257 1259 1260
1261 1262 1263
1261 1263 1264
1265 1266 1267
1265 1267 1268
1269 1270 1271
1269 1271 1272
1273 1274 1275
1273 1275 1276
1277 1278 1279
1277 1279 1280
1281 1282 1283
1281 1283 1284
1285 1286 1287
1285 1287 1288
1289 1290 1291
1289 1291 1292
1257 1252 1251
1257 1251 1258
1249 1248 1247
1249 1247 1250
1245 1272 1271
1245 1271 1246
1276 1275 1270
1276 1270 1269
1273 1277 1280
1273 1280 1274
1256 1255 1279
1256 1279 1278
1253 1284 1283
1253 1283 1254
1293 1288 1287
1293 1287 1294
1281 1292 1291
1281 1291 1282
1285 1265 1268
1285 1268 1286
1244 1243 1267
1244 1267 1266
1241 1264 1263
1241 1263 1242
1261 1260 1259
1261 1259 1295
