byte offset: 0
first index: 0
index count: 7560
topology: trianglelist
format: DXGI_FORMAT_R16_UINT

0 1 2
0 2 3
4 5 1
4 1 0
6 7 8
6 8 9
7 3 2
7 2 8
10 11 12
10 12 13
11 14 15
11 15 12
16 17 18
16 18 19
17 10 13
17 13 18
20 21 22
20 22 23
21 24 25
21 25 22
26 27 28
26 28 29
27 20 23
27 23 28
30 31 32
30 32 33
34 35 36
34 36 37
38 39 31
38 31 30
40 34 37
40 37 41
42 43 44
42 44 45
46 47 48
46 48 49
43 33 32
43 32 44
49 48 36
49 36 35
50 51 52
52 51 53
54 51 50
55 56 57
58 56 55
57 56 59
60 61 62
60 62 63
64 60 63
64 63 65
66 67 68
66 68 69
62 61 67
62 67 66
70 71 72
70 72 73
74 75 71
74 71 70
76 77 78
76 78 79
73 72 77
73 77 76
80 81 82
80 82 83
84 85 81
84 81 80
86 87 88
86 88 89
83 82 87
83 87 86
90 91 92
90 92 93
94 95 96
94 96 97
98 90 93
98 93 99
97 96 100
97 100 101
102 103 104
102 104 105
106 107 108
106 108 109
92 91 103
92 103 102
107 95 94
107 94 108
110 111 112
111 113 112
114 110 112
115 116 117
118 115 117
116 119 117
120 121 122
120 122 123
124 125 126
124 126 127
128 129 130
128 130 131
132 133 134
132 134 135
136 137 138
136 138 139
140 141 142
140 142 143
144 145 146
144 146 147
148 149 150
148 150 151
152 153 154
152 154 155
156 157 158
156 158 159
160 161 162
160 162 163
164 165 166
164 166 167
168 169 170
168 170 171
172 173 174
175 176 177
175 177 178
179 173 180
172 181 182
172 183 181
184 173 179
172 174 183
174 173 184
185 186 187
185 187 188
189 190 191
192 193 194
192 194 195
196 197 191
189 198 199
189 199 200
201 196 191
189 200 190
190 201 191
202 203 204
202 204 205
203 206 207
203 207 204
208 209 210
208 210 211
210 202 205
210 205 211
212 213 214
212 214 215
209 208 213
209 213 212
216 217 218
216 218 219
220 216 219
220 219 221
222 220 221
222 221 223
224 222 223
224 223 225
226 224 225
226 225 227
217 226 227
217 227 218
218 227 219
219 227 221
221 227 223
223 227 225
228 229 230
228 230 231
231 230 232
231 232 233
233 232 234
233 234 235
235 234 236
235 236 237
237 236 238
237 238 239
239 238 229
239 229 228
228 231 239
231 233 239
233 235 239
235 237 239
240 241 242
240 242 243
244 245 241
244 241 240
246 247 248
246 248 249
243 242 246
243 246 249
250 251 252
250 252 253
251 248 247
251 247 252
254 255 256
254 256 257
257 256 258
257 258 259
259 258 260
259 260 261
261 260 262
261 262 263
263 262 264
263 264 265
265 264 255
265 255 254
254 257 265
257 259 265
259 261 265
261 263 265
266 267 268
266 268 269
270 266 269
270 269 271
272 270 271
272 271 273
274 272 273
274 273 275
276 274 275
276 275 277
267 276 277
267 277 268
268 277 269
269 277 271
271 277 273
273 277 275
278 279 280
278 280 281
282 283 284
282 284 285
286 287 288
286 288 289
286 289 290
286 290 291
292 293 294
292 294 295
296 297 298
296 298 299
300 301 302
300 302 303
304 305 302
304 302 301
306 307 308
306 308 309
310 311 312
310 312 313
307 314 315
307 315 308
316 317 318
316 318 319
319 318 320
319 320 321
322 323 324
322 324 325
322 326 327
322 327 323
328 329 330
328 330 331
332 333 334
332 334 335
331 330 336
331 336 337
338 339 340
338 340 341
339 342 343
339 343 340
344 345 346
344 346 347
348 346 345
348 345 349
347 346 350
350 346 351
352 353 354
352 354 355
356 357 358
356 358 359
359 358 360
359 360 361
348 360 358
357 362 358
352 363 364
352 364 353
365 366 358
362 365 358
346 366 351
358 366 346
367 368 369
367 369 370
369 368 371
369 371 372
373 367 370
373 370 374
372 371 375
372 375 376
373 374 377
373 377 378
367 373 371
367 371 368
373 378 375
373 375 371
370 369 372
370 372 374
374 372 376
374 376 377
379 380 381
379 381 382
383 380 379
383 379 384
382 381 385
382 385 386
387 383 384
387 384 388
389 386 385
389 385 390
381 380 383
381 383 385
385 383 387
385 387 390
382 386 384
382 384 379
386 389 388
386 388 384
391 392 393
391 393 394
395 396 394
395 394 393
392 397 393
397 398 393
399 400 401
399 401 402
403 404 405
403 405 406
404 407 408
404 408 405
395 393 405
406 405 409
410 411 401
410 401 400
412 405 413
409 405 412
393 398 413
405 393 413
395 405 408
348 358 346
414 415 416
414 416 417
414 418 419
414 419 415
420 421 422
420 422 423
424 425 421
424 421 420
426 427 425
426 425 424
428 429 427
428 427 426
430 431 429
430 429 428
417 416 431
417 431 430
432 433 434
434 433 435
435 433 436
436 433 437
437 433 438
439 433 432
440 441 442
440 442 443
442 441 444
442 444 445
446 447 448
446 448 449
447 450 451
447 451 448
450 452 453
450 453 451
452 454 455
452 455 453
454 456 457
454 457 455
456 440 443
456 443 457
458 459 460
459 461 460
461 462 460
462 463 460
463 464 460
465 458 460
466 467 468
466 468 469
467 470 471
467 471 468
472 473 474
472 474 475
473 476 477
473 477 474
476 478 479
476 479 477
478 480 481
478 481 479
480 482 483
480 483 481
482 466 469
482 469 483
484 485 486
485 487 486
487 488 486
488 489 486
489 490 486
491 484 486
492 493 494
492 494 495
496 497 493
496 493 492
498 499 500
498 500 501
502 503 499
502 499 498
504 505 503
504 503 502
506 507 505
506 505 504
508 509 507
508 507 506
495 494 509
495 509 508
510 511 512
512 511 513
513 511 514
514 511 515
515 511 516
517 511 510
518 519 520
521 519 518
522 521 523
524 525 522
526 527 528
526 528 529
530 518 531
530 531 532
533 523 530
533 530 532
525 524 534
520 519 535
524 522 523
530 536 518
523 536 530
518 536 521
536 523 521
537 538 539
540 537 539
541 542 540
543 541 544
545 546 547
545 547 548
549 550 551
549 551 537
552 553 554
552 554 555
544 556 543
538 557 539
543 542 541
549 537 558
542 549 558
537 540 558
558 540 542
559 532 531
559 531 560
561 533 532
561 532 559
562 534 533
562 533 561
563 551 550
563 550 564
565 566 556
565 556 567
568 531 518
568 518 520
537 551 569
537 569 538
566 550 549
566 549 542
533 534 524
533 524 523
543 556 566
543 566 542
568 520 535
538 569 557
570 571 572
570 572 573
572 574 575
572 575 573
572 571 576
572 576 577
578 574 572
578 572 577
576 579 580
576 580 577
580 581 578
580 578 577
580 579 582
580 582 583
584 581 580
584 580 583
585 586 587
588 589 590
588 590 591
589 592 593
589 593 590
592 594 595
592 595 593
594 596 597
594 597 595
598 599 600
587 586 601
585 587 602
600 603 604
600 599 603
605 606 607
605 607 608
605 608 609
605 609 610
605 611 612
605 612 606
605 610 613
605 613 611
614 615 612
614 612 611
614 611 613
614 613 616
614 617 618
614 618 615
614 616 619
614 619 617
620 621 622
623 624 625
623 625 626
627 628 624
627 624 623
629 630 628
629 628 627
631 632 630
631 630 629
633 634 635
621 636 622
620 637 621
634 638 639
634 639 635
640 641 642
640 642 643
644 645 646
644 646 647
642 648 649
642 649 643
650 651 652
650 652 653
654 655 656
657 658 659
654 660 661
654 656 660
662 658 663
659 658 662
664 665 666
664 666 667
668 669 670
668 670 671
672 673 664
672 664 667
674 675 676
674 676 677
678 679 680
681 682 683
678 684 685
678 685 679
686 687 683
682 686 683
688 689 690
688 690 691
692 693 694
692 694 695
696 697 698
696 698 699
700 701 702
700 702 703
704 705 706
704 706 707
708 709 710
708 710 711
712 713 714
712 714 715
716 717 718
716 718 719
720 721 722
720 722 723
724 725 726
724 726 727
728 729 730
728 730 731
729 732 733
729 733 730
734 735 733
734 733 732
736 737 735
736 735 734
738 739 740
741 739 738
742 739 741
743 744 745
743 745 746
747 748 744
747 744 743
749 748 747
749 747 750
751 749 750
751 750 752
753 754 755
756 753 755
757 756 755
758 759 760
758 760 761
759 762 763
759 763 760
762 764 765
762 765 763
764 766 767
764 767 765
768 769 770
768 770 771
772 773 771
772 771 770
774 775 773
774 773 772
776 777 775
776 775 774
778 779 780
778 780 781
782 783 784
782 784 785
786 787 788
786 788 789
790 791 792
790 792 793
794 795 796
794 796 797
798 797 796
798 796 799
800 801 802
800 802 803
804 805 806
804 806 807
808 800 803
808 803 809
810 811 812
810 812 813
811 804 807
811 807 812
814 808 809
814 809 815
816 817 818
816 818 819
820 816 819
820 819 821
784 778 781
784 781 785
822 820 821
822 821 823
788 787 824
788 824 825
826 792 791
826 791 827
828 825 824
828 824 829
830 826 827
830 827 831
832 833 834
832 834 835
836 832 835
836 835 837
838 834 833
838 833 839
840 795 794
840 794 841
842 843 844
842 844 845
846 847 848
846 848 849
850 851 852
850 852 853
854 855 850
854 850 853
856 857 855
856 855 854
858 859 860
858 860 861
862 863 858
862 858 861
864 865 863
864 863 862
866 867 868
866 868 869
870 871 867
870 867 866
872 873 869
872 869 868
874 875 876
874 876 877
878 879 875
878 875 874
880 881 877
880 877 876
882 883 884
882 884 885
884 886 887
884 887 885
886 888 889
886 889 887
890 891 892
890 892 893
892 894 895
892 895 893
894 896 897
894 897 895
898 899 900
898 900 901
899 902 903
899 903 900
901 904 905
901 905 898
906 907 908
906 908 909
907 910 911
907 911 908
909 912 913
909 913 906
914 915 916
914 916 917
915 918 919
915 919 916
914 917 920
921 922 923
921 923 924
925 921 924
925 924 926
922 927 928
922 928 923
929 930 931
929 931 932
933 934 935
933 935 936
937 933 936
937 936 938
934 939 940
934 940 935
941 930 942
941 942 943
936 935 922
936 922 921
936 921 925
936 925 938
935 940 927
935 927 922
930 929 942
914 920 944
920 917 945
946 947 948
946 948 949
950 951 947
950 947 946
948 952 949
953 954 955
953 955 956
956 955 957
956 957 958
959 960 954
959 954 953
961 962 963
961 963 964
965 966 967
965 967 968
968 967 969
968 969 970
971 972 966
971 966 965
973 974 975
973 975 962
954 965 968
954 968 955
968 970 957
968 957 955
960 971 965
960 965 954
962 975 963
948 976 952
952 977 949
978 979 980
978 980 981
982 983 984
982 984 985
979 982 985
979 985 980
983 986 987
983 987 984
988 989 990
988 990 991
992 993 994
992 994 995
996 993 992
996 992 997
994 998 999
994 999 995
1000 1001 999
1000 999 998
1002 1003 1004
1002 1004 1005
1006 1007 1008
1006 1008 1009
1010 1011 1012
1010 1012 1013
1010 1013 1007
1010 1007 1006
1011 1014 1015
1011 1015 1012
1016 1017 1018
1016 1018 1019
1020 1021 1022
1020 1022 1023
1022 1016 1019
1022 1019 1023
1024 1025 1021
1024 1021 1020
1026 1027 1028
1026 1028 1029
1030 1026 1029
1030 1029 1031
1032 1030 1031
1032 1031 1033
1034 1035 1036
1036 1035 1037
1038 1039 1040
1038 1040 1041
1041 1040 1042
1041 1042 1043
1043 1042 1044
1043 1044 1045
1046 1047 1048
1047 1049 1048
1050 1051 1052
1050 1052 1053
1054 1050 1053
1054 1053 1055
1056 1054 1055
1056 1055 1057
1058 1059 1060
1060 1059 1061
1062 1063 1064
1062 1064 1065
1065 1064 1066
1065 1066 1067
1067 1066 1068
1067 1068 1069
1070 1071 1072
1071 1073 1072
1074 1075 1076
1074 1076 1077
1078 1079 1080
1078 1080 1081
1082 1078 1081
1082 1081 1083
1082 1083 1084
1082 1084 1085
1086 1087 1088
1086 1088 1089
1090 1091 1092
1090 1092 1093
1094 1095 1096
1094 1096 1097
1098 1099 1100
1098 1100 1101
1102 1103 1104
1102 1104 1105
1105 1104 1092
1105 1092 1091
1106 1107 1108
1106 1108 1109
1110 1111 1112
1110 1112 1113
1112 1111 1107
1112 1107 1106
1114 1115 1116
1114 1116 1117
1118 1119 1120
1118 1120 1121
1121 1120 1115
1121 1115 1114
1122 1123 1124
1122 1124 1125
1126 1127 1128
1126 1128 1129
1123 1129 1128
1123 1128 1124
1130 1131 1132
1130 1132 1133
1134 1135 1136
1134 1136 1137
1131 1134 1137
1131 1137 1132
1138 1139 1140
1138 1140 1141
1142 1143 1139
1142 1139 1138
1142 1144 1145
1142 1145 1143
1144 1146 1147
1144 1147 1145
1148 1149 1150
1151 1149 1148
1152 1149 1151
1153 1154 1155
1153 1155 1156
1157 1153 1156
1157 1156 1158
1159 1160 1157
1159 1157 1158
1161 1162 1160
1161 1160 1159
1163 1164 1165
1166 1163 1165
1167 1166 1165
1168 1169 1170
1168 1170 1171
1172 1168 1171
1172 1171 1173
1174 1172 1173
1174 1173 1175
1176 1171 1170
1176 1170 1177
1178 1173 1171
1178 1171 1176
1179 1175 1173
1179 1173 1178
1180 1181 1182
1181 1183 1182
1184 1185 1186
1184 1186 1187
1188 1184 1187
1188 1187 1189
1190 1188 1189
1190 1189 1191
1192 1193 1194
1195 1192 1194
1196 1185 1184
1196 1184 1197
1197 1184 1188
1197 1188 1198
1198 1188 1190
1198 1190 1199
1200 1201 1202
1200 1202 1203
1204 1200 1203
1204 1203 1205
1206 1204 1205
1206 1205 1207
1208 1209 1210
1208 1210 1211
1211 1210 1212
1211 1212 1213
1213 1212 1214
1213 1214 1215
1208 1211 1216
1208 1216 1217
1211 1213 1218
1211 1218 1216
1213 1215 1219
1213 1219 1218
1220 1221 1222
1222 1221 1223
1224 1225 1226
1224 1226 1227
1227 1226 1228
1227 1228 1229
1229 1228 1230
1229 1230 1231
1232 1233 1234
1235 1233 1232
1226 1225 1236
1226 1236 1237
1228 1226 1237
1228 1237 1238
1230 1228 1238
1230 1238 1239
1240 1241 1242
1240 1242 1243
1243 1242 1244
1243 1244 1245
1245 1244 1246
1245 1246 1247
1248 1249 1250
1248 1250 1251
1251 1250 1252
1251 1252 1253
1253 1252 1254
1253 1254 1255
1255 1254 1256
1255 1256 1257
1258 1248 1251
1258 1251 1259
1259 1251 1253
1259 1253 1260
1260 1253 1255
1260 1255 1261
1262 1261 1255
1262 1255 1257
1263 1264 1265
1266 1264 1267
1265 1264 1266
1268 1269 1270
1268 1270 1271
1272 1268 1271
1272 1271 1273
1274 1272 1273
1274 1273 1275
1276 1274 1275
1276 1275 1277
1278 1279 1271
1278 1271 1270
1279 1280 1273
1279 1273 1271
1280 1281 1275
1280 1275 1273
1275 1281 1282
1275 1282 1277
1283 1284 1285
1286 1287 1285
1284 1286 1285
1288 1289 1290
1288 1290 1291
1289 1292 1293
1289 1293 1290
1293 1292 1294
1293 1294 1295
1295 1294 1296
1295 1296 1297
1298 1299 1300
1301 1302 1291
1301 1291 1290
1303 1301 1290
1303 1290 1293
1304 1303 1293
1304 1293 1295
1305 1304 1295
1305 1295 1297
1300 1299 1306
1298 1300 1307
1308 1309 1310
1308 1310 1311
1311 1310 1312
1311 1312 1313
1314 1313 1312
1314 1312 1315
1316 1314 1315
1316 1315 1317
1318 1319 1320
1309 1321 1322
1309 1322 1310
1310 1322 1323
1310 1323 1312
1312 1323 1324
1312 1324 1315
1315 1324 1325
1315 1325 1317
1319 1326 1320
1318 1327 1319
1328 1329 1330
1328 1330 1331
1328 1331 1332
1328 1332 1333
1334 1335 1336
1334 1336 1337
1338 1339 1340
1338 1340 1341
1342 1343 1344
1345 1346 1341
1345 1341 1340
1345 1331 1330
1345 1330 1346
1347 1348 1349
1347 1349 1350
1351 1352 1353
1349 1354 1355
1349 1355 1350
1353 1352 1356
1344 1343 1357
1357 1343 1358
1359 1360 1361
1359 1361 1362
1363 1360 1359
1363 1359 1364
1365 1366 1367
1365 1367 1368
1369 1370 1371
1369 1371 1372
1373 1374 1375
1372 1376 1377
1372 1377 1369
1377 1376 1361
1377 1361 1360
1378 1379 1380
1378 1380 1381
1382 1383 1384
1380 1385 1386
1380 1379 1385
1383 1387 1384
1374 1388 1375
1388 1389 1375
1390 1391 1392
1390 1392 1393
1394 1390 1393
1394 1393 1395
1396 1397 1398
1396 1398 1399
1400 1401 1399
1400 1399 1398
1402 1403 1404
1402 1404 1405
1406 1407 1408
1406 1408 1409
1410 1411 1412
1410 1412 1413
1411 1404 1403
1411 1403 1412
1405 1408 1407
1405 1407 1402
1414 1410 1413
1414 1413 1415
1416 1417 1418
1419 1420 1421
1419 1421 1422
1416 1418 1423
1418 1424 1425
1423 1418 1426
1418 1417 1424
1427 1428 1429
1427 1429 1430
1431 1432 1433
1431 1433 1434
1435 1436 1437
1435 1437 1438
1439 1440 1441
1439 1441 1442
1443 1444 1445
1443 1445 1446
1447 1448 1449
1447 1449 1450
1451 1452 1453
1451 1453 1454
1455 1456 1457
1455 1457 1458
1457 1459 1458
1460 1457 1456
1460 1456 1461
1456 1455 1462
1463 1464 1465
1463 1465 1466
1463 1466 1467
1464 1463 1468
1464 1468 1469
1464 1470 1465
1471 1472 1473
1471 1473 1474
1475 1476 1477
1475 1477 1478
1479 1480 1481
1479 1481 1482
1483 1484 1485
1483 1485 1486
1487 1488 1489
1487 1489 1490
1491 1492 1493
1491 1493 1494
1495 1496 1497
1495 1497 1498
1499 1500 1501
1499 1501 1502
1503 1504 1505
1503 1505 1506
1507 1508 1509
1507 1509 1510
1511 1512 1513
1511 1513 1514
1515 1516 1517
1515 1517 1518
1519 1520 1521
1519 1521 1522
1472 1471 1523
1524 1525 1526
1524 1526 1527
1528 1529 1530
1528 1530 1531
1532 1533 1534
1532 1534 1535
1536 1537 1538
1536 1538 1539
1540 1541 1542
1540 1542 1543
1544 1545 1546
1544 1546 1547
1548 1549 1550
1548 1550 1551
1552 1553 1554
1552 1554 1555
1556 1557 1558
1559 1560 1561
1559 1561 1562
1563 1564 1565
1566 1567 1568
1566 1568 1569
1570 1571 1572
1570 1572 1559
1560 1559 1572
1560 1572 1573
1574 1575 1576
1574 1576 1577
1574 1578 1579
1574 1579 1580
1581 1566 1569
1581 1569 1557
1582 1583 1584
1582 1584 1585
1586 1587 1588
1586 1588 1589
1590 1591 1592
1590 1592 1593
1594 1595 1596
1594 1597 1598
1594 1598 1595
1558 1557 1588
1599 1569 1600
1588 1557 1589
1589 1557 1592
1593 1592 1557
1593 1557 1569
1585 1569 1582
1593 1569 1585
1582 1569 1599
1556 1558 1601
1602 1603 1604
1605 1606 1607
1605 1607 1608
1609 1610 1611
1612 1606 1613
1612 1613 1614
1611 1610 1615
1611 1615 1616
1617 1618 1619
1617 1619 1620
1621 1622 1623
1621 1623 1624
1625 1624 1626
1625 1626 1627
1628 1607 1606
1628 1606 1612
1629 1604 1630
1629 1630 1631
1632 1633 1634
1632 1634 1635
1636 1637 1638
1636 1638 1639
1640 1641 1642
1640 1642 1643
1644 1645 1646
1618 1617 1647
1618 1647 1648
1603 1638 1604
1649 1650 1630
1638 1637 1604
1637 1642 1604
1604 1642 1641
1604 1641 1630
1635 1634 1630
1641 1635 1630
1634 1649 1630
1602 1651 1603
1652 1653 1654
1652 1654 1655
1656 1652 1655
1656 1655 1657
1658 1659 1660
1658 1660 1661
1661 1660 1662
1661 1662 1663
1664 1665 1666
1664 1666 1667
1665 1664 1668
1665 1668 1669
1670 1671 1672
1670 1672 1673
1674 1673 1672
1674 1672 1675
1666 1674 1675
1666 1675 1667
1667 1676 1677
1667 1677 1664
1664 1677 1678
1664 1678 1668
1679 1672 1671
1679 1671 1680
1675 1672 1679
1675 1679 1681
1676 1667 1675
1676 1675 1681
1682 1677 1676
1682 1676 1683
1677 1682 1684
1677 1684 1678
1680 1685 1686
1680 1686 1679
1681 1679 1686
1681 1686 1687
1676 1681 1687
1676 1687 1683
1688 1682 1683
1688 1683 1689
1684 1682 1688
1684 1688 1690
1686 1685 1691
1686 1691 1692
1686 1692 1693
1686 1693 1687
1687 1693 1689
1687 1689 1683
1694 1688 1689
1694 1689 1695
1690 1688 1694
1690 1694 1696
1692 1691 1697
1692 1697 1698
1699 1693 1692
1699 1692 1698
1693 1699 1695
1693 1695 1689
1695 1700 1701
1695 1701 1694
1694 1701 1702
1694 1702 1696
1703 1698 1697
1703 1697 1704
1699 1698 1703
1699 1703 1705
1700 1695 1699
1700 1699 1705
1700 1706 1707
1700 1707 1701
1701 1707 1708
1701 1708 1702
1709 1703 1704
1709 1704 1710
1705 1703 1709
1705 1709 1711
1700 1705 1711
1700 1711 1706
1706 1712 1713
1706 1713 1707
1707 1713 1714
1707 1714 1708
1715 1709 1710
1715 1710 1716
1711 1709 1715
1711 1715 1717
1706 1711 1717
1706 1717 1712
1718 1713 1712
1718 1712 1719
1714 1713 1718
1714 1718 1720
1721 1715 1716
1721 1716 1722
1715 1721 1723
1715 1723 1717
1717 1723 1719
1717 1719 1712
1719 1724 1725
1719 1725 1718
1718 1725 1726
1718 1726 1720
1721 1722 1727
1721 1727 1728
1723 1721 1728
1723 1728 1729
1724 1719 1723
1724 1723 1729
1724 1730 1731
1724 1731 1725
1725 1731 1732
1725 1732 1726
1728 1727 1733
1728 1733 1734
1729 1728 1734
1729 1734 1735
1730 1724 1729
1730 1729 1735
1731 1730 1736
1731 1736 1737
1732 1731 1737
1732 1737 1738
1733 1739 1740
1733 1740 1734
1734 1740 1741
1734 1741 1735
1735 1741 1736
1735 1736 1730
1742 1737 1736
1742 1736 1743
1738 1737 1742
1738 1742 1744
1745 1740 1739
1745 1739 1746
1740 1745 1747
1740 1747 1741
1741 1747 1743
1741 1743 1736
1743 1748 1749
1743 1749 1742
1750 1744 1742
1750 1742 1749
1745 1746 1751
1745 1751 1752
1753 1747 1745
1753 1745 1752
1748 1743 1747
1748 1747 1753
1748 1754 1755
1748 1755 1749
1749 1755 1756
1749 1756 1750
1752 1751 1757
1752 1757 1758
1753 1752 1758
1753 1758 1759
1753 1759 1754
1753 1754 1748
1754 1760 1761
1754 1761 1755
1755 1761 1762
1755 1762 1756
1758 1757 1763
1758 1763 1764
1759 1758 1764
1759 1764 1765
1759 1765 1760
1759 1760 1754
1761 1760 1766
1761 1766 1767
1762 1761 1767
1762 1767 1768
1763 1769 1770
1763 1770 1764
1764 1770 1771
1764 1771 1765
1766 1760 1765
1766 1765 1771
1766 1772 1773
1766 1773 1767
1768 1767 1773
1768 1773 1774
1770 1769 1775
1770 1775 1776
1777 1771 1770
1777 1770 1776
1771 1777 1772
1771 1772 1766
1772 1778 1779
1772 1779 1773
1780 1774 1773
1780 1773 1779
1776 1775 1781
1776 1781 1782
1777 1776 1782
1777 1782 1783
1777 1783 1778
1777 1778 1772
1779 1778 1784
1779 1784 1785
1780 1779 1785
1780 1785 1786
1781 1787 1788
1781 1788 1782
1782 1788 1789
1782 1789 1783
1784 1778 1783
1784 1783 1789
1785 1784 1790
1785 1790 1791
1786 1785 1791
1786 1791 1792
1787 1793 1794
1787 1794 1788
1788 1794 1795
1788 1795 1789
1790 1784 1789
1790 1789 1795
1790 1796 1797
1790 1797 1791
1792 1791 1797
1792 1797 1798
1794 1793 1799
1794 1799 1800
1801 1795 1794
1801 1794 1800
1795 1801 1796
1795 1796 1790
1796 1802 1803
1796 1803 1797
1798 1797 1803
1798 1803 1804
1800 1799 1805
1800 1805 1806
1807 1801 1800
1807 1800 1806
1801 1807 1802
1801 1802 1796
1803 1802 1808
1803 1808 1809
1803 1809 1810
1803 1810 1804
1805 1811 1812
1805 1812 1806
1806 1812 1813
1806 1813 1807
1802 1807 1813
1802 1813 1808
1814 1815 1816
1817 1815 1814
1818 1815 1817
1819 1820 1821
1821 1820 1822
1822 1820 1823
1824 1825 1826
1827 1828 1829
1827 1829 1830
1831 1832 1833
1831 1833 1834
1835 1836 1837
1835 1837 1838
1839 1840 1841
1839 1841 1842
1843 1844 1845
1846 1844 1847
1848 1844 1849
1834 1833 1830
1834 1830 1829
1831 1837 1836
1831 1836 1832
1845 1844 1848
1847 1844 1843
1850 1828 1827
1850 1827 1851
1840 1835 1838
1840 1838 1841
1852 1844 1846
1849 1844 1853
1854 1855 1856
1824 1855 1857
1858 1859 1860
1861 1862 1863
1864 1826 1865
1866 1867 1868
1869 1870 1871
1872 1873 1874
1872 1874 1875
1876 1877 1878
1876 1878 1879
1880 1881 1882
1880 1882 1883
1884 1885 1886
1884 1886 1887
1888 1889 1890
1891 1892 1890
1893 1894 1890
1879 1878 1874
1879 1874 1873
1877 1876 1882
1877 1882 1881
1889 1893 1890
1892 1888 1890
1895 1896 1872
1895 1872 1875
1886 1885 1880
1886 1880 1883
1897 1891 1890
1894 1898 1890
1899 1900 1901
1869 1902 1901
1903 1904 1905
1906 1907 1908
1909 1910 1870
1911 1912 1913
1914 1915 1916
1917 1918 1919
1920 1921 1922
1923 1924 1925
1926 1927 1928
1929 1927 1926
1928 1927 1930
1916 1915 1918
1919 1918 1921
1922 1921 1924
1925 1924 1931
1916 1918 1917
1919 1921 1920
1922 1924 1923
1925 1931 1932
1933 1934 1935
1936 1937 1938
1939 1940 1941
1942 1943 1944
1945 1946 1947
1948 1945 1947
1946 1949 1947
1934 1938 1935
1937 1941 1938
1940 1944 1941
1943 1950 1944
1934 1936 1938
1937 1939 1941
1940 1942 1944
1943 1951 1950
1952 1953 1954
1952 1954 1955
1953 1956 1957
1953 1957 1954
1956 1958 1959
1956 1959 1957
1958 1960 1961
1958 1961 1959
1960 1962 1963
1960 1963 1961
1962 1964 1965
1962 1965 1963
1966 1967 1968
1966 1968 1969
1967 1952 1955
1967 1955 1968
1970 1971 1972
1972 1971 1973
1973 1971 1974
1974 1971 1975
1975 1971 1976
1977 1971 1970
1978 1979 1980
1978 1980 1981
1982 1983 1984
1982 1984 1985
1979 1978 1986
1979 1986 1983
1987 1988 1989
1987 1989 1990
1991 1992 1987
1991 1987 1990
1993 1994 1995
1993 1995 1996
1997 1998 1999
1997 1999 2000
2001 2002 1992
2001 1992 1991
2003 2004 2005
2003 2005 2006
2007 2008 2009
2007 2009 2010
2011 2012 2009
2011 2009 2008
2013 2014 2015
2013 2015 2016
2017 2018 2015
2017 2015 2014
1984 1983 2019
1983 1986 2019
2000 1994 1993
2000 1993 1997
1980 2020 2021
1980 2021 1981
2022 1982 1985
2022 1985 2023
2001 2024 2025
2001 2025 2002
2024 2026 2027
2024 2027 2025
2028 2029 2030
2028 2030 2031
2029 1999 1998
2029 1998 2030
2023 2032 2021
2003 2006 2033
2003 2033 2034
2021 2020 2022
2021 2022 2023
1981 2021 2035
2036 2037 2038
2036 2038 2039
2040 2041 2042
2040 2042 2043
2044 2040 2045
2044 2045 2046
2047 2046 2045
2047 2045 2036
2040 2044 2041
2047 2036 2039
2048 2049 2038
2048 2038 2037
2042 2050 2048
2042 2048 2043
2051 2049 2048
2051 2048 2050
2052 2053 2054
2052 2054 2055
2053 2056 2057
2053 2057 2054
2056 2058 2059
2056 2059 2057
2058 2060 2061
2058 2061 2059
2060 2062 2063
2060 2063 2061
2062 2064 2065
2062 2065 2063
2066 2067 2068
2066 2068 2069
2067 2052 2055
2067 2055 2068
2070 2071 2072
2072 2071 2073
2073 2071 2074
2074 2071 2075
2075 2071 2076
2077 2071 2070
2078 2079 2080
2080 2081 2082
2080 2079 2081
2080 2082 2083
2078 2080 2084
2080 2083 2085
2086 2087 2088
2086 2088 2089
2090 2086 2089
2090 2089 2091
2091 2092 2093
2091 2093 2090
2094 2095 2093
2094 2093 2092
2096 2097 2095
2096 2095 2094
2098 2099 2097
2098 2097 2096
2100 2101 2102
2100 2102 2103
2101 2088 2087
2101 2087 2102
2104 2105 2106
2106 2105 2107
2107 2105 2108
2108 2105 2109
2109 2105 2110
2111 2105 2104
2112 2113 2114
2114 2115 2116
2114 2117 2118
2114 2116 2117
2114 2113 2115
2112 2114 2119
2120 2121 2122
2120 2122 2123
2124 2122 2121
2124 2121 2125
2126 2127 2128
2126 2128 2129
2130 2131 2132
2130 2132 2133
2134 2135 2136
2134 2136 2137
2138 2139 2140
2138 2140 2141
2142 2143 2144
2142 2144 2145
2123 2146 2147
2123 2147 2120
2126 2148 2149
2126 2149 2127
2148 2150 2151
2148 2151 2149
2152 2153 2154
2152 2154 2155
2153 2133 2132
2153 2132 2154
2125 2156 2147
2134 2137 2157
2134 2157 2158
2147 2146 2124
2147 2124 2125
2120 2147 2159
2160 2161 2162
2160 2162 2163
2161 2164 2165
2161 2165 2162
2166 2164 2167
2166 2167 2168
2169 2168 2167
2169 2167 2160
2164 2166 2165
2169 2160 2163
2170 2171 2172
2170 2172 2173
2174 2175 2176
2174 2176 2177
2171 2170 2176
2171 2176 2175
2178 2179 2180
2178 2180 2181
2182 2183 2184
2182 2184 2185
2184 2186 2187
2184 2187 2185
2188 2189 2179
2188 2179 2178
2190 2191 2192
2190 2192 2193
2194 2195 2196
2194 2196 2197
2198 2199 2196
2198 2196 2195
2200 2201 2202
2200 2202 2203
2204 2205 2202
2204 2202 2201
2172 2206 2207
2172 2207 2173
2208 2174 2177
2208 2177 2209
2188 2210 2211
2188 2211 2189
2210 2212 2213
2210 2213 2211
2214 2215 2216
2214 2216 2217
2215 2187 2186
2215 2186 2216
2209 2218 2207
2190 2193 2219
2190 2219 2220
2207 2206 2208
2207 2208 2209
2173 2207 2221
2222 2223 2224
2222 2224 2225
2226 2227 2228
2226 2228 2229
2230 2226 2231
2230 2231 2232
2233 2232 2231
2233 2231 2222
2226 2230 2227
2233 2222 2225
2234 2235 2224
2234 2224 2223
2228 2235 2234
2228 2234 2229
2236 2237 2238
2236 2238 2239
2239 2238 2240
2239 2240 2241
2241 2240 2242
2241 2242 2243
2243 2242 2244
2243 2244 2245
2245 2244 2246
2245 2246 2247
2247 2246 2248
2247 2248 2249
2250 2251 2252
2250 2252 2253
2253 2252 2237
2253 2237 2236
2254 2255 2256
2255 2257 2256
2257 2258 2256
2258 2259 2256
2259 2260 2256
2261 2254 2256
2262 2263 2264
2262 2264 2265
2266 2267 2268
2266 2268 2269
2265 2269 2270
2265 2270 2262
2271 2272 2273
2271 2273 2274
2275 2272 2271
2275 2271 2276
2277 2278 2279
2277 2279 2280
2281 2282 2283
2281 2283 2284
2285 2275 2276
2285 2276 2286
2287 2288 2289
2287 2289 2290
2291 2292 2293
2291 2293 2294
2295 2294 2293
2295 2293 2296
2297 2298 2299
2297 2299 2300
2301 2300 2299
2301 2299 2302
2268 2303 2269
2269 2303 2270
2282 2281 2277
2282 2277 2280
2264 2263 2304
2264 2304 2305
2306 2307 2267
2306 2267 2266
2285 2286 2308
2285 2308 2309
2309 2308 2310
2309 2310 2311
2312 2313 2314
2312 2314 2315
2315 2314 2284
2315 2284 2283
2307 2304 2316
2289 2317 2318
2289 2318 2290
2304 2307 2306
2304 2306 2305
2263 2319 2304
2320 2321 2322
2320 2322 2323
2324 2325 2326
2324 2326 2327
2328 2324 2329
2328 2329 2330
2328 2330 2331
2328 2331 2322
2324 2327 2329
2331 2323 2322
2332 2321 2320
2332 2320 2333
2332 2334 2326
2332 2326 2325
2335 2332 2333
2335 2334 2332
2336 2337 2338
2336 2338 2339
2339 2338 2340
2339 2340 2341
2341 2340 2342
2341 2342 2343
2343 2342 2344
2343 2344 2345
2345 2344 2346
2345 2346 2347
2347 2346 2348
2347 2348 2349
2350 2351 2352
2350 2352 2353
2353 2352 2337
2353 2337 2336
2354 2355 2356
2355 2357 2356
2357 2358 2356
2358 2359 2356
2359 2360 2356
2361 2354 2356
2362 2363 2364
2363 2365 2366
2363 2366 2364
2363 2367 2365
2362 2368 2363
2363 2369 2367
2370 2371 2372
2370 2372 2373
2374 2375 2371
2374 2371 2370
2375 2374 2376
2375 2376 2377
2378 2377 2376
2378 2376 2379
2380 2378 2379
2380 2379 2381
2382 2380 2381
2382 2381 2383
2384 2385 2386
2384 2386 2387
2387 2386 2373
2387 2373 2372
2388 2389 2390
2389 2391 2390
2391 2392 2390
2392 2393 2390
2393 2394 2390
2395 2388 2390
2396 2397 2398
2397 2399 2400
2397 2401 2402
2397 2402 2399
2397 2400 2398
2396 2403 2397
2404 2405 2406
2404 2406 2407
2408 2409 2407
2408 2407 2406
2410 2411 2412
2410 2412 2413
2414 2415 2416
2414 2416 2417
2418 2419 2420
2418 2420 2421
2422 2423 2424
2422 2424 2425
2426 2427 2428
2426 2428 2429
2405 2404 2430
2405 2430 2431
2412 2411 2432
2412 2432 2433
2433 2432 2434
2433 2434 2435
2436 2437 2438
2436 2438 2439
2439 2438 2414
2439 2414 2417
2409 2430 2440
2420 2441 2442
2420 2442 2421
2430 2409 2408
2430 2408 2431
2404 2443 2430
2444 2445 2446
2444 2446 2447
2448 2449 2447
2448 2447 2446
2450 2449 2451
2450 2451 2452
2450 2452 2453
2450 2453 2444
2449 2448 2451
2453 2445 2444
2454 2455 2456
2454 2456 2457
2458 2459 2460
2458 2460 2461
2457 2461 2460
2457 2460 2454
2462 2463 2464
2462 2464 2465
2466 2467 2468
2466 2468 2469
2466 2469 2470
2466 2470 2471
2472 2464 2463
2472 2463 2473
2474 2475 2476
2474 2476 2477
2478 2479 2480
2478 2480 2481
2482 2481 2480
2482 2480 2483
2484 2485 2486
2484 2486 2487
2488 2487 2486
2488 2486 2489
2456 2455 2490
2456 2490 2491
2492 2493 2459
2492 2459 2458
2472 2473 2494
2472 2494 2495
2495 2494 2496
2495 2496 2497
2498 2499 2500
2498 2500 2501
2501 2500 2471
2501 2471 2470
2493 2490 2502
2476 2503 2504
2476 2504 2477
2490 2493 2492
2490 2492 2491
2455 2505 2490
2506 2507 2508
2506 2508 2509
2510 2511 2512
2510 2512 2513
2514 2510 2515
2514 2515 2516
2514 2516 2517
2514 2517 2508
2510 2513 2515
2517 2509 2508
2518 2507 2506
2518 2506 2519
2512 2511 2518
2512 2518 2519
2520 2521 2522
2520 2522 2523
2524 2525 2522
2524 2522 2521
2526 2527 2525
2526 2525 2524
2528 2529 2527
2528 2527 2526
2530 2531 2529
2530 2529 2528
2532 2533 2534
2532 2534 2535
2536 2537 2533
2536 2533 2532
2538 2539 2537
2538 2537 2536
2540 2541 2539
2540 2539 2538
2542 2543 2541
2542 2541 2540
2544 2545 2543
2544 2543 2542
2546 2547 2545
2546 2545 2544
2548 2549 2547
2548 2547 2546
2550 2551 2549
2550 2549 2548
2552 2553 2551
2552 2551 2550
2554 2555 2553
2554 2553 2552
2556 2557 2555
2556 2555 2554
2558 2559 2557
2558 2557 2556
2560 2561 2559
2560 2559 2558
2562 2563 2561
2562 2561 2560
2564 2565 2563
2564 2563 2562
2566 2567 2565
2566 2565 2564
2568 2569 2567
2568 2567 2566
2570 2571 2569
2570 2569 2568
2572 2573 2571
2572 2571 2570
2574 2575 2573
2574 2573 2572
2520 2523 2575
2520 2575 2574
2530 2576 2577
2530 2577 2531
2578 2579 2580
2581 2579 2582
2582 2579 2583
2583 2579 2584
2584 2579 2585
2585 2579 2586
2586 2579 2587
2587 2579 2588
2588 2579 2589
2589 2579 2590
2590 2579 2591
2591 2579 2592
2592 2579 2593
2594 2579 2595
2596 2579 2597
2598 2579 2599
2599 2579 2600
2600 2579 2601
2601 2579 2602
2602 2579 2603
2604 2579 2605
2605 2579 2606
2606 2579 2607
2607 2579 2608
2608 2579 2609
2610 2579 2611
2612 2613 2614
2615 2616 2614
2616 2617 2614
2617 2618 2614
2618 2619 2614
2620 2621 2614
2622 2623 2614
2624 2625 2614
2626 2627 2614
2628 2629 2614
2629 2630 2614
2630 2631 2614
2631 2632 2614
2633 2634 2614
2635 2636 2614
2636 2637 2614
2637 2638 2614
2638 2639 2614
2639 2640 2614
2640 2641 2614
2642 2643 2614
2643 2644 2614
2644 2645 2614
2645 2646 2614
2646 2647 2614
2647 2648 2614
2649 2650 2651
2649 2651 2652
2653 2650 2649
2653 2649 2654
2651 2655 2652
2656 2657 2658
2656 2658 2659
2659 2658 2660
2659 2660 2661
2662 2663 2657
2662 2657 2656
2664 2665 2666
2664 2666 2667
2668 2669 2670
2668 2670 2671
2672 2673 2674
2672 2674 2675
2674 2673 2676
2674 2676 2677
2678 2672 2675
2678 2675 2679
2680 2681 2682
2680 2682 2669
2657 2675 2674
2657 2674 2658
2674 2677 2660
2674 2660 2658
2663 2679 2675
2663 2675 2657
2669 2682 2670
2651 2683 2655
2655 2684 2652
2685 2686 2687
2685 2687 2688
2687 2686 2689
2687 2689 2690
2685 2688 2691
2692 2693 2694
2692 2694 2695
2696 2692 2695
2696 2695 2697
2693 2698 2699
2693 2699 2694
2700 2701 2702
2700 2702 2703
2704 2705 2706
2704 2706 2707
2708 2709 2710
2708 2710 2711
2712 2711 2710
2712 2710 2713
2714 2715 2709
2714 2709 2708
2716 2705 2717
2716 2717 2718
2710 2709 2693
2710 2693 2692
2710 2692 2696
2710 2696 2713
2709 2715 2698
2709 2698 2693
2705 2704 2717
2685 2691 2719
2691 2688 2720
2721 2722 2723
2721 2723 2724
2725 2726 2727
2725 2727 2728
2729 2726 2730
2729 2730 2731
2732 2733 2734
2732 2734 2735
2736 2732 2735
2736 2735 2737
2738 2739 2740
2738 2740 2741
2742 2743 2744
2742 2744 1577
2742 2745 2746
2742 2746 1562
1625 2747 2748
1625 2748 2749
1605 2747 2750
1605 2750 2751
2725 2752 2753
2725 2753 2754
2755 2756 2757
2755 2757 2758
2759 2756 2755
2759 2755 2760
2761 2762 2763
2761 2763 2764
1580 2752 2765
1580 2765 2766
2767 2768 2769
2767 2769 2770
2729 2771 2772
2729 2772 2773
1568 2771 2774
1568 2774 2775
2776 2777 2778
2776 2778 2779
2780 2776 2779
2780 2779 2781
2739 1528 1531
2739 1531 2740
1562 1561 2743
1562 2743 2742
1577 1576 2745
1577 2745 2742
2752 1580 1579
2752 1579 2753
2747 1605 1608
2747 1608 2748
2756 1612 1614
2756 1614 2757
2747 1625 1627
2747 1627 2750
1628 1612 2756
1628 2756 2759
2782 2738 2741
2782 2741 2783
1577 2744 1578
1577 1578 1574
1562 2746 1570
1562 1570 1559
1624 1625 2749
1624 2749 1621
1606 1605 2751
1606 2751 1613
2783 2761 2764
2783 2764 2782
1574 1580 2766
1574 2766 1575
1529 1536 1539
1529 1539 1530
1564 1572 1571
1564 1571 2784
1573 1572 1564
1573 1564 1563
1623 2785 1626
1623 1626 1624
1611 1623 1622
1611 1622 1609
2762 2721 2724
2762 2724 2763
2752 2725 2728
2752 2728 2765
2726 2725 2754
2726 2754 2730
2732 2755 2758
2732 2758 2733
2760 2755 2732
2760 2732 2736
2771 2729 2731
2771 2731 2774
2735 2734 2777
2735 2777 2776
2737 2735 2776
2737 2776 2780
2722 2767 2770
2722 2770 2723
2726 2729 2773
2726 2773 2727
2768 1527 1526
2768 1526 2769
2771 1568 1567
2771 1567 2772
1569 1568 2775
1569 2775 1600
2779 2778 1631
2779 1631 1630
2781 2779 1630
2781 1630 1650
1537 1532 1535
1537 1535 1538
2786 2787 2788
2788 2787 2789
2788 2789 2790
1620 2791 1617
1533 1474 1473
1533 1473 1534
2790 1598 1597
2790 1597 2788
1648 1647 1644
1648 1644 1646
1564 2784 2792
1564 2792 1565
1611 1616 2785
1611 2785 1623
1563 1565 2787
1563 2787 2786
2787 1565 2792
2787 2792 2789
1615 1610 1620
1615 1620 1619
1620 1610 1609
1620 1609 2791
2793 2794 2795
2793 2795 2796
2797 2798 2799
2797 2799 2800
2801 2802 2803
2801 2803 2804
2805 2806 2795
2805 2795 2807
2808 2809 2806
2808 2806 2805
2810 2811 2809
2810 2809 2808
2812 2798 2803
2812 2803 2813
2814 2802 2815
2814 2815 2816
2817 2818 2819
2817 2819 2796
2820 2821 2818
2820 2818 2817
2822 2823 2821
2822 2821 2820
2797 2824 2825
2797 2825 2804
2801 2826 2827
2801 2827 2828
2829 2830 2819
2829 2819 560
563 2824 2831
563 2831 2832
565 2826 2825
565 2825 564
2833 2834 2835
2833 2835 2807
2812 2836 2837
2812 2837 2838
2814 2839 2840
2814 2840 2813
2841 2842 2835
2841 2835 529
2843 2844 2842
2843 2842 2841
2845 2846 2844
2845 2844 2843
545 2836 2840
545 2840 555
552 2839 2847
552 2847 2848
2818 559 560
2818 560 2819
2821 561 559
2821 559 2818
2823 562 561
2823 561 2821
2824 563 564
2824 564 2825
2826 565 567
2826 567 2827
568 2829 560
568 560 531
551 563 2832
551 2832 569
566 565 564
566 564 550
2830 2793 2796
2830 2796 2819
2824 2797 2800
2824 2800 2831
2826 2801 2804
2826 2804 2825
2806 2817 2796
2806 2796 2795
2809 2820 2817
2809 2817 2806
2811 2822 2820
2811 2820 2809
2798 2797 2804
2798 2804 2803
2802 2801 2828
2802 2828 2815
2842 2805 2807
2842 2807 2835
2844 2808 2805
2844 2805 2842
2846 2810 2808
2846 2808 2844
2836 2812 2813
2836 2813 2840
2839 2814 2816
2839 2816 2847
2794 2833 2807
2794 2807 2795
2798 2812 2838
2798 2838 2799
2802 2814 2813
2802 2813 2803
2834 526 529
2834 529 2835
2836 545 548
2836 548 2837
2839 552 555
2839 555 2840
2849 2841 529
2849 529 528
2850 2843 2841
2850 2841 2849
2851 2845 2843
2851 2843 2850
546 545 555
546 555 554
553 552 2848
553 2848 2852
