byte offset: 0
first index: 0
index count: 7254
topology: trianglelist
format: DXGI_FORMAT_R16_UINT

0 1 2
0 2 3
1 4 5
1 5 2
5 4 6
5 6 7
8 9 10
8 10 11
8 12 9
6 13 14
6 14 7
14 13 12
14 12 15
16 17 11
16 11 10
15 12 8
18 0 3
18 3 19
20 21 22
20 22 23
21 20 24
21 24 25
24 26 27
24 27 25
28 29 30
28 30 31
28 31 32
27 26 33
27 33 34
33 35 32
33 32 34
29 36 37
29 37 30
35 28 32
23 22 18
23 18 19
38 39 40
38 40 41
42 43 44
42 44 45
42 45 46
42 46 47
48 49 50
51 44 43
51 43 52
45 44 53
45 53 54
54 55 46
54 46 45
56 57 46
56 46 55
49 48 58
59 60 61
59 61 62
63 64 65
63 65 66
64 63 67
64 67 68
69 70 66
69 66 65
71 60 59
71 59 72
73 74 68
73 68 75
65 64 76
65 76 69
71 77 61
71 61 60
51 52 39
51 39 38
78 79 51
78 51 38
75 68 67
75 67 80
40 81 41
82 83 41
82 41 84
75 80 85
75 85 86
73 75 86
73 86 87
64 68 74
64 74 76
88 89 90
88 90 58
91 89 88
91 88 92
93 56 55
93 55 94
94 55 54
94 54 95
53 96 95
53 95 54
96 79 97
97 83 98
46 57 99
46 99 100
101 92 88
101 88 48
59 62 90
59 90 89
63 66 94
63 94 95
95 96 67
95 67 63
66 70 93
66 93 94
72 59 89
72 89 91
80 67 96
80 96 97
85 80 97
85 97 98
78 38 41
78 41 83
97 78 83
83 82 98
53 44 51
53 51 79
96 53 79
79 78 97
48 50 101
46 100 47
58 48 88
102 103 104
102 104 105
106 107 108
106 108 109
106 110 111
106 111 107
112 113 114
115 116 109
115 109 108
107 117 118
107 118 108
117 107 111
117 111 119
120 119 111
120 111 121
114 122 112
123 124 125
123 125 126
127 128 129
127 129 130
130 131 132
130 132 127
133 129 128
133 128 134
135 136 123
135 123 126
137 138 131
137 131 139
129 133 140
129 140 130
135 126 125
135 125 141
115 102 105
115 105 116
142 102 115
142 115 143
138 144 132
138 132 131
104 103 145
146 147 103
146 103 148
138 149 150
138 150 144
137 151 149
137 149 138
130 140 139
130 139 131
152 122 153
152 153 154
155 156 152
155 152 154
157 158 119
157 119 120
158 159 117
158 117 119
118 117 159
118 159 160
160 161 143
161 162 148
111 163 164
111 164 121
165 112 152
165 152 156
123 154 153
123 153 124
127 159 158
127 158 128
159 127 132
159 132 160
128 158 157
128 157 134
136 155 154
136 154 123
144 161 160
144 160 132
150 162 161
150 161 144
142 148 103
142 103 102
161 148 142
148 162 146
118 143 115
118 115 108
160 143 118
143 161 142
112 165 113
111 110 163
122 152 112
84 81 166
41 81 84
145 147 167
145 103 147
168 169 170
168 170 171
172 169 168
172 168 173
174 175 176
177 178 179
177 179 180
178 171 170
178 170 179
173 174 176
173 176 172
181 182 183
181 183 184
184 183 177
184 177 180
185 186 187
188 189 175
175 189 17
175 17 16
190 191 192
190 192 193
194 195 190
194 190 193
185 196 186
197 198 199
197 199 200
200 199 192
200 192 191
195 194 196
195 196 185
181 201 202
181 202 182
201 198 197
201 197 202
186 37 36
186 36 203
187 186 203
204 205 206
204 206 207
208 209 210
208 210 211
212 213 206
212 206 205
206 213 214
215 62 61
215 61 216
217 218 219
217 219 216
220 210 209
219 221 215
219 215 216
222 209 208
223 221 219
223 219 224
209 222 225
216 61 77
216 77 217
226 227 225
226 225 222
90 214 58
219 218 228
219 228 224
229 90 62
229 62 215
221 226 229
221 229 215
223 227 226
223 226 221
207 206 230
204 207 208
204 208 211
230 229 226
230 226 222
208 207 222
213 49 58
213 58 214
90 229 214
229 230 214
231 49 213
231 213 212
209 225 232
222 207 230
206 214 230
233 234 235
232 220 209
236 220 232
237 234 233
238 239 240
238 240 241
242 243 244
242 244 245
246 241 240
246 240 247
240 248 247
249 250 125
249 125 124
251 250 252
251 252 253
254 245 244
252 250 249
252 249 255
256 242 245
257 258 252
257 252 255
245 259 256
250 251 141
250 141 125
260 256 259
260 259 261
153 122 248
252 258 262
252 262 253
263 249 124
263 124 153
255 249 263
255 263 260
257 255 260
257 260 261
239 264 240
238 243 242
238 242 239
264 256 260
264 260 263
242 256 239
247 248 122
247 122 114
153 248 263
263 248 264
265 246 247
265 247 114
245 266 259
256 264 239
240 264 248
267 268 269
266 245 254
270 266 254
271 267 269
272 273 274
273 272 275
276 277 274
278 279 273
272 280 281
282 283 275
282 275 284
275 283 285
275 285 278
285 283 286
285 286 287
288 286 283
288 283 282
282 289 290
282 290 288
284 291 289
284 289 282
289 292 293
289 293 290
291 294 292
291 292 289
287 295 296
287 296 297
295 287 286
295 286 298
299 300 288
299 288 290
301 285 287
301 287 297
285 301 302
285 302 278
280 303 304
280 304 281
284 281 304
284 304 291
305 294 291
305 291 304
306 305 304
306 304 303
305 306 307
305 307 308
309 306 303
309 303 310
303 280 311
303 311 310
311 280 277
311 277 312
313 292 294
313 294 314
290 293 315
290 315 299
316 309 310
316 310 317
317 310 311
317 311 318
319 320 321
319 321 322
323 324 325
323 325 326
325 327 328
325 328 326
329 320 319
329 319 330
331 332 333
331 333 334
322 321 332
322 332 331
327 325 335
327 335 336
336 335 337
336 337 338
333 332 336
333 336 338
327 336 332
327 332 321
339 333 338
339 338 340
341 342 340
343 344 339
339 344 334
339 334 333
345 346 347
348 349 350
348 350 351
352 353 354
352 354 355
355 354 356
355 356 357
356 358 359
356 359 357
355 360 361
355 361 352
349 360 355
349 355 357
349 348 362
349 362 360
361 360 362
361 362 363
364 362 348
364 348 345
363 362 364
363 364 365
345 366 367
345 367 364
365 364 367
365 367 368
369 365 368
369 368 370
371 363 365
371 365 369
341 369 370
341 370 372
373 371 337
373 337 335
335 325 324
335 324 373
329 330 374
329 374 375
376 356 354
376 354 377
353 352 324
353 324 323
363 371 373
363 373 361
324 352 361
324 361 373
322 302 301
322 301 319
301 297 330
301 330 319
334 279 331
302 331 279
378 276 274
297 296 374
297 374 330
379 380 381
382 383 384
385 386 387
385 387 388
389 390 391
389 391 392
393 394 395
393 395 396
393 397 398
393 398 399
395 400 396
401 402 398
401 398 397
394 393 399
394 399 403
300 398 402
300 402 404
405 383 406
405 406 407
406 383 408
409 410 411
409 411 412
413 414 415
413 415 416
417 418 419
417 419 420
421 422 423
421 423 424
425 426 427
425 427 428
384 429 382
430 431 432
433 434 435
433 435 436
437 438 439
440 392 391
440 391 441
442 427 426
442 426 443
444 445 443
444 443 446
447 448 449
447 449 450
451 452 453
451 453 454
453 452 455
453 455 456
358 356 376
358 376 457
298 458 459
298 459 295
460 461 374
460 374 296
399 398 299
399 299 315
438 437 440
438 440 441
441 462 463
461 464 375
461 375 374
416 418 417
416 417 413
464 421 465
464 465 375
465 466 375
467 377 354
467 354 353
323 468 467
323 467 353
469 468 323
469 323 326
328 470 469
328 469 326
329 466 471
329 471 470
471 466 472
471 472 473
474 475 476
476 477 478
466 465 472
477 479 480
477 480 478
419 481 420
295 459 460
295 460 296
482 483 484
482 484 485
485 486 487
486 488 487
488 489 490
488 490 491
469 470 471
469 471 492
469 492 483
469 483 468
483 482 467
483 467 468
482 487 467
376 377 487
376 487 491
457 376 491
457 491 490
379 493 380
494 495 496
494 496 497
381 380 440
381 440 498
497 496 389
497 389 392
430 432 499
430 499 500
405 407 499
405 499 432
500 501 502
500 502 430
431 430 502
431 502 503
441 463 438
493 494 497
493 497 380
380 497 392
380 392 440
437 498 440
480 479 504
419 478 480
419 480 481
419 505 478
419 418 506
419 506 505
418 416 507
418 507 506
507 416 415
507 415 508
412 509 510
412 510 409
511 512 513
511 513 514
515 511 514
515 514 516
517 518 515
517 515 516
519 520 518
519 518 517
520 519 521
520 521 522
523 522 524
525 523 524
525 524 526
527 525 526
527 526 528
529 527 528
529 528 530
423 422 531
423 531 532
531 422 513
531 513 512
409 510 508
409 508 415
409 415 414
409 414 410
398 300 299
329 470 328
329 328 320
327 321 320
327 320 328
378 533 534
378 534 276
535 504 382
535 382 536
535 536 537
481 480 535
538 481 535
538 535 537
437 539 498
449 445 444
449 444 450
540 397 393
540 393 396
532 541 542
532 542 423
424 423 542
424 542 543
544 545 424
544 424 543
472 545 544
472 544 475
476 505 506
476 506 546
506 507 547
506 547 546
548 547 507
548 507 508
549 508 510
510 550 549
510 509 551
510 551 550
476 546 552
476 552 474
552 546 547
552 547 553
547 548 554
547 554 553
555 554 548
555 548 549
550 556 555
550 555 549
551 557 556
551 556 550
474 473 472
474 472 475
473 474 552
473 552 558
558 552 553
558 553 484
485 484 553
485 553 554
486 485 554
486 554 555
488 486 556
489 488 557
424 545 465
424 465 421
492 471 473
492 473 558
492 558 484
492 484 483
501 500 559
501 559 560
559 500 499
559 499 561
541 499 407
407 406 542
407 542 541
542 406 408
542 408 543
543 408 479
543 479 544
479 477 475
479 475 544
315 562 403
315 403 399
563 401 540
564 565 390
564 390 389
566 564 389
566 389 496
567 566 496
567 496 495
568 462 442
568 442 569
462 570 427
462 427 442
427 570 571
427 571 428
428 571 572
463 462 568
570 462 441
570 441 391
390 571 570
390 570 391
565 572 571
565 571 390
386 573 387
502 388 387
502 387 503
456 455 501
456 501 560
448 447 451
448 451 454
434 574 575
434 575 435
540 396 400
524 521 404
524 404 402
519 458 404
519 404 521
458 519 517
458 517 459
517 516 460
517 460 459
460 516 514
460 514 461
464 461 514
464 514 513
422 421 464
422 464 513
404 458 298
404 298 300
300 298 286
300 286 288
576 577 578
576 578 579
318 311 312
318 312 580
534 580 312
534 312 276
581 493 379
582 575 574
582 574 583
584 528 563
526 401 563
526 563 528
402 401 524
405 432 585
384 585 429
586 431 503
429 585 587
503 387 573
502 501 455
502 455 388
388 455 452
388 452 385
385 452 451
385 451 588
588 451 447
588 447 589
590 582 583
385 588 433
385 433 386
433 436 386
591 425 428
591 428 572
592 425 591
592 591 590
590 583 593
590 593 592
574 594 593
574 593 583
574 434 589
574 589 594
588 589 434
588 434 433
426 425 592
426 592 446
593 444 446
593 446 592
593 594 450
593 450 444
450 594 589
450 589 447
442 443 445
442 445 569
426 446 443
595 596 597
595 597 598
599 600 601
599 601 602
603 522 523
603 523 604
539 437 439
381 605 606
381 606 379
607 595 598
607 598 608
598 609 610
598 610 608
611 612 613
611 613 609
614 531 512
511 515 615
511 615 616
617 618 518
617 518 520
619 532 531
620 621 622
623 613 527
623 527 529
609 598 597
609 597 611
597 624 625
597 625 611
626 627 628
626 628 629
630 631 632
630 632 633
498 634 605
498 605 381
597 596 635
597 635 624
599 636 637
599 637 600
638 639 640
638 640 641
439 438 642
448 643 644
448 644 449
642 438 463
642 463 645
641 646 637
641 637 636
647 648 649
647 649 650
651 632 631
651 631 652
515 518 618
515 618 615
379 606 653
379 653 581
603 617 520
603 520 522
654 655 656
654 656 657
498 539 634
559 622 621
559 621 560
658 659 660
658 660 661
658 661 662
658 662 663
664 665 663
664 663 662
666 667 668
606 605 667
606 667 669
669 670 653
669 653 606
532 619 561
619 622 559
619 559 561
644 643 671
644 671 568
672 643 673
674 660 659
671 645 463
671 463 568
675 676 677
675 677 678
620 679 680
620 680 621
670 669 595
670 595 607
666 635 596
666 596 667
596 595 669
596 669 667
681 680 679
681 679 682
683 684 685
683 685 686
654 657 687
654 687 684
688 689 690
688 690 691
629 628 688
629 688 691
692 649 648
692 648 693
694 695 696
694 696 697
696 698 699
696 699 700
701 619 614
689 702 686
689 686 690
703 702 624
703 624 635
689 625 624
689 624 702
689 688 603
689 603 625
617 603 688
617 688 628
634 668 667
634 667 605
663 665 539
663 539 439
658 663 439
658 439 642
642 645 659
642 659 658
704 659 645
668 634 539
668 539 665
668 665 664
668 664 705
706 707 705
706 705 664
456 680 681
456 681 453
680 456 560
680 560 621
672 674 704
672 708 674
682 709 681
682 710 709
681 711 454
681 454 453
618 617 628
618 628 627
618 627 712
618 712 615
713 616 615
713 615 712
714 715 716
602 706 717
602 717 599
652 718 651
719 720 713
719 713 712
721 636 599
721 599 717
641 722 723
641 723 638
636 721 722
636 722 641
724 725 716
724 716 715
627 626 719
627 719 712
726 727 707
726 707 655
677 676 708
677 708 710
728 685 684
728 684 687
703 729 727
703 727 683
730 731 732
730 732 733
734 731 730
734 730 718
701 716 725
701 725 735
736 696 695
697 679 620
728 733 732
728 732 685
602 601 656
602 656 655
676 675 639
676 639 638
678 677 737
678 737 738
512 511 714
714 616 713
714 713 715
724 715 713
724 713 720
630 633 647
630 647 650
622 619 739
735 694 701
695 693 736
612 604 523
612 523 525
711 643 448
527 613 612
527 612 525
610 609 613
610 613 623
612 611 625
612 625 604
604 625 603
652 626 629
652 629 734
702 703 683
702 683 686
732 731 691
732 691 690
691 731 734
691 734 629
620 739 697
690 686 685
690 685 732
602 655 707
602 707 706
723 708 676
723 676 638
677 710 740
677 740 737
706 664 662
706 662 717
720 719 741
720 741 630
662 661 721
662 721 717
723 722 660
723 660 674
660 722 721
660 721 661
650 649 725
650 725 724
719 626 652
719 652 631
707 727 729
707 729 705
710 708 672
710 672 673
683 727 654
683 654 684
725 649 692
725 692 735
742 697 696
742 696 700
724 720 630
724 630 650
692 694 735
569 445 449
569 449 644
738 737 700
738 700 699
740 742 700
740 700 737
679 742 740
679 740 682
666 668 705
666 705 729
729 703 635
729 635 666
401 397 540
563 540 743
549 548 508
584 563 743
530 528 584
351 346 345
351 345 348
524 401 526
524 522 521
540 400 743
308 314 294
308 294 305
293 292 313
293 313 744
744 562 315
744 315 293
350 349 357
350 357 359
466 329 375
488 556 557
486 555 556
701 614 716
619 531 614
714 716 614
614 512 714
739 619 701
620 622 739
701 694 739
532 561 541
697 739 694
714 511 616
302 279 278
745 746 747
747 746 344
378 274 746
378 748 533
749 340 342
671 643 704
644 568 569
704 645 671
674 659 704
672 704 643
674 708 723
711 448 454
673 643 711
343 339 749
750 573 386
384 383 405
382 429 536
382 504 383
535 480 504
432 431 585
504 479 408
405 585 384
408 383 504
476 475 477
476 478 505
485 487 482
467 487 377
487 488 491
472 465 545
587 431 586
503 573 586
420 481 538
576 306 309
747 344 343
309 316 577
309 577 576
576 307 306
579 307 576
277 272 274
278 273 275
312 277 276
339 340 749
279 746 273
372 342 341
338 337 341
338 341 340
369 341 337
369 337 371
692 693 695
277 280 272
281 284 275
698 696 736
740 710 682
734 718 652
695 694 692
742 679 697
710 673 709
709 673 711
711 681 709
746 279 344
344 279 334
322 331 302
585 431 587
386 436 750
561 499 541
345 347 366
347 346 751
378 746 748
275 272 281
274 273 746
752 753 754
754 755 752
756 753 757
758 754 759
752 760 761
762 763 755
762 755 764
755 758 765
755 765 764
765 766 767
765 767 764
768 762 764
768 764 767
762 768 769
762 769 770
763 762 770
763 770 771
770 769 772
770 772 773
771 770 773
771 773 774
766 775 776
766 776 777
777 778 767
777 767 766
779 769 768
779 768 780
781 775 766
781 766 765
765 758 782
765 782 781
761 760 783
761 783 784
763 771 783
763 783 760
785 783 771
785 771 774
786 784 783
786 783 785
785 308 307
785 307 786
787 788 784
787 784 786
784 788 789
784 789 761
789 790 757
789 757 761
313 314 774
313 774 773
769 779 791
769 791 772
792 793 788
792 788 787
793 794 789
793 789 788
795 796 797
795 797 798
799 800 801
799 801 802
801 800 803
801 803 804
805 806 795
805 795 798
807 808 809
807 809 810
796 807 810
796 810 797
804 811 812
804 812 801
811 813 814
811 814 812
809 813 811
809 811 810
804 797 810
804 810 811
815 816 813
815 813 809
817 816 818
819 815 820
815 809 808
815 808 820
821 822 346
823 351 350
823 350 824
825 826 827
825 827 828
826 829 830
826 830 827
830 829 359
830 359 358
826 825 831
826 831 832
824 829 826
824 826 832
824 832 833
824 833 823
831 834 833
831 833 832
835 821 823
835 823 833
834 836 835
834 835 833
821 835 837
821 837 838
836 839 837
836 837 835
840 841 839
840 839 836
842 840 836
842 836 834
817 843 841
817 841 840
844 812 814
844 814 842
812 844 802
812 802 801
805 845 846
805 846 806
847 848 827
847 827 830
828 799 802
828 802 825
834 831 844
834 844 842
802 844 831
802 831 825
796 795 781
796 781 782
781 795 806
781 806 775
808 807 759
782 759 807
849 753 756
775 806 846
775 846 776
850 851 852
853 854 855
856 857 858
856 858 859
860 861 862
860 862 863
864 865 395
864 395 394
864 866 867
864 867 868
395 865 400
869 868 867
869 867 870
394 403 866
394 866 864
780 871 870
780 870 867
872 873 874
872 874 855
874 875 855
876 877 878
876 878 879
880 881 882
880 882 883
884 885 886
884 886 887
888 889 890
888 890 891
892 893 894
892 894 895
854 853 896
897 898 899
900 901 902
900 902 903
904 905 906
907 908 862
907 862 861
909 910 895
909 895 894
911 912 910
911 910 913
914 915 916
914 916 917
918 919 920
918 920 921
920 922 923
920 923 921
358 457 847
358 847 830
778 777 924
778 924 925
926 776 846
926 846 927
866 791 779
866 779 867
906 908 907
906 907 904
908 928 929
927 846 845
927 845 930
881 880 884
881 884 887
930 845 931
930 931 888
931 845 932
933 828 827
933 827 848
799 828 933
799 933 934
935 800 799
935 799 934
803 800 935
803 935 936
805 936 937
805 937 932
937 938 939
937 939 932
940 941 942
941 943 944
932 939 931
944 943 945
944 945 946
886 885 947
777 776 926
777 926 924
948 949 950
948 950 951
949 952 953
953 952 954
954 955 490
954 490 489
935 956 937
935 937 936
935 934 951
935 951 956
951 934 933
951 933 948
948 933 952
847 955 952
847 952 848
457 490 955
457 955 847
850 852 493
494 957 958
494 958 495
851 959 907
851 907 852
957 861 860
957 860 958
897 960 961
897 961 898
872 898 961
872 961 873
960 897 962
960 962 963
899 964 962
899 962 897
908 906 928
493 852 957
493 957 494
852 907 861
852 861 957
904 907 959
945 965 946
886 947 945
886 945 943
886 943 966
886 966 967
886 967 887
887 967 968
887 968 881
968 969 882
968 882 881
877 876 970
877 970 971
972 973 974
972 974 975
976 977 973
976 973 972
978 977 976
978 976 979
980 978 979
980 979 981
981 982 983
981 983 980
984 985 982
986 987 985
986 985 984
988 989 987
988 987 986
529 530 989
529 989 988
890 990 991
890 991 891
991 975 974
991 974 891
876 882 969
876 969 970
876 879 883
876 883 882
867 779 780
805 798 803
805 803 936
804 803 798
804 798 797
849 756 992
849 992 993
994 853 965
994 995 996
994 996 853
947 994 945
997 995 994
997 994 947
904 959 998
916 915 911
916 911 913
999 865 864
999 864 868
990 890 1000
990 1000 1001
889 1002 1000
889 1000 890
1003 1002 889
1003 889 1004
939 942 1003
939 1003 1004
941 1005 967
941 967 966
967 1005 1006
967 1006 968
1007 969 968
1007 968 1006
1008 970 969
970 1008 1009
970 1009 1010
970 1010 971
941 940 1011
941 1011 1005
1011 1012 1006
1011 1006 1005
1006 1012 1013
1006 1013 1007
1014 1008 1007
1014 1007 1013
1009 1008 1014
1009 1014 1015
1010 1009 1015
1010 1015 1016
940 942 939
940 939 938
938 1017 1011
938 1011 940
1017 950 1012
1017 1012 1011
949 1013 1012
949 1012 950
953 1014 1013
953 1013 949
954 1015 953
489 557 954
889 888 931
889 931 1004
956 1017 938
956 938 937
956 951 950
956 950 1017
963 1018 1019
963 1019 960
1019 1020 961
1019 961 960
1001 873 961
873 1001 1000
873 1000 874
1000 1002 875
1000 875 874
1002 1003 946
1002 946 875
946 1003 942
946 942 944
791 866 403
791 403 562
1021 999 869
1022 860 863
1022 863 1023
1024 958 860
1024 860 1022
567 495 958
567 958 1024
1025 1026 909
1025 909 929
929 909 894
929 894 1027
894 893 1028
894 1028 1027
893 1029 1028
928 1025 929
1027 862 908
1027 908 929
863 862 1027
863 1027 1028
1023 863 1028
1023 1028 1029
859 858 1030
962 964 858
962 858 857
922 1018 963
922 963 923
917 919 918
917 918 914
903 902 1031
903 1031 1032
999 400 865
985 870 871
985 871 983
980 983 871
980 871 925
925 924 978
925 978 980
978 924 926
978 926 977
926 927 973
926 973 977
930 974 973
930 973 927
891 974 930
891 930 888
871 780 778
871 778 925
780 768 767
780 767 778
1033 579 578
1033 578 1034
794 1035 790
794 790 789
992 756 790
992 790 1035
581 850 493
1036 1037 1032
1036 1032 1031
584 1021 989
987 989 1021
987 1021 869
870 985 869
872 1038 898
854 896 1038
1039 964 899
896 1040 1038
964 1030 858
962 857 923
962 923 963
857 856 921
857 921 923
856 1041 918
856 918 921
1041 1042 914
1041 914 918
1043 1037 1036
856 859 900
856 900 1041
900 859 901
1044 1029 893
1044 893 892
1045 1043 1044
1045 1044 892
1043 1045 1046
1043 1046 1037
1032 1037 1046
1032 1046 1047
1032 1047 1042
1032 1042 903
1041 900 903
1041 903 1042
895 912 1045
895 1045 892
1046 1045 912
1046 912 911
1046 911 915
1046 915 1047
915 914 1042
915 1042 1047
909 1026 913
909 913 910
895 910 912
1048 1049 1050
1048 1050 1051
1052 1053 1054
1052 1054 1055
1056 1057 984
1056 984 982
998 905 904
851 850 1058
851 1058 1059
607 608 1049
607 1049 1048
1049 608 610
1049 610 1060
1061 1060 1062
1061 1062 1063
1064 975 991
972 1065 1066
972 1066 976
1067 981 979
1067 979 1068
1069 991 990
1070 1071 1072
623 529 988
623 988 1062
1060 1061 1050
1060 1050 1049
1050 1061 1073
1050 1073 1074
1075 1076 1077
1075 1077 1078
1079 1080 1081
1079 1081 1082
959 851 1059
959 1059 1083
1050 1074 1084
1050 1084 1051
1052 1055 1085
1052 1085 1086
1087 1088 1089
1087 1089 1090
905 1091 906
917 916 1092
917 1092 1093
1091 1094 928
1091 928 906
1088 1086 1085
1088 1085 1089
1095 1096 1097
1095 1097 1098
1099 1100 1082
1099 1082 1081
976 1066 1068
976 1068 979
850 581 653
850 653 1058
1056 982 981
1056 981 1067
1101 1102 1103
1101 1103 1104
959 1083 998
1019 1018 1072
1019 1072 1071
1105 1106 1107
1105 1107 1108
1105 1109 1110
1105 1110 1106
1111 1110 1109
1111 1109 1112
1113 1114 1115
1058 1116 1115
1058 1115 1059
1116 1058 653
1116 653 670
990 1020 1069
1069 1020 1019
1069 1019 1071
1092 1117 1093
1092 1025 1117
1118 1119 1093
1120 1108 1107
1117 1025 928
1117 928 1094
1121 1122 1123
1121 1123 1124
1070 1072 1125
1070 1125 1126
670 607 1048
670 1048 1116
1113 1115 1051
1113 1051 1084
1051 1115 1116
1051 1116 1048
1127 1128 1126
1127 1126 1125
1129 1130 1131
1129 1131 1132
1101 1132 1133
1101 1133 1102
1134 1135 1136
1134 1136 1137
1076 1135 1134
1076 1134 1077
1138 1139 1098
1138 1098 1097
1140 1141 1142
1140 1142 1143
1142 1144 1145
1142 1145 1146
1147 1064 1069
1137 1136 1130
1137 1130 1148
1149 1084 1074
1149 1074 1148
1137 1148 1074
1137 1074 1073
1137 1073 1056
1137 1056 1134
1067 1077 1134
1067 1134 1056
1083 1059 1115
1083 1115 1114
1109 905 998
1109 998 1112
1105 1091 905
1105 905 1109
1091 1105 1108
1091 1108 1094
1150 1094 1108
1114 1112 998
1114 998 1083
1114 1151 1111
1114 1111 1112
1152 1111 1151
1152 1151 1153
922 920 1127
922 1127 1125
1125 1072 1018
1125 1018 922
1118 1150 1120
1118 1120 1154
1128 1127 1155
1128 1155 1156
1127 920 919
1127 919 1157
1068 1078 1077
1068 1077 1067
1068 1066 1158
1068 1158 1078
1159 1158 1066
1159 1066 1065
1160 1161 1162
1053 1052 1163
1053 1163 1152
1164 1099 1165
1166 1158 1159
1166 1159 1167
1168 1163 1052
1168 1052 1086
1088 1087 1169
1088 1169 1170
1086 1088 1170
1086 1170 1168
1171 1162 1161
1171 1161 1172
1078 1158 1166
1078 1166 1075
1101 1104 1153
1101 1153 1173
1123 1156 1154
1123 1154 1124
1174 1133 1132
1174 1132 1131
1149 1129 1173
1149 1173 1175
1176 1177 1178
1176 1178 1179
1180 1181 1176
1180 1176 1179
1147 1182 1172
1147 1172 1161
1183 1143 1142
1141 1070 1126
1174 1131 1178
1174 1178 1177
1053 1104 1103
1053 1103 1054
1124 1087 1090
1124 1090 1121
1122 1184 1185
1122 1185 1123
975 1160 972
1160 1162 1159
1160 1159 1065
1171 1167 1159
1171 1159 1162
1079 1096 1095
1079 1095 1080
1071 1186 1069
1182 1147 1140
1143 1183 1139
1063 986 984
1063 984 1057
1157 917 1093
988 986 1063
988 1063 1062
610 623 1062
610 1062 1060
1063 1057 1073
1063 1073 1061
1057 1056 1073
1100 1180 1076
1100 1076 1075
1148 1130 1129
1148 1129 1149
1178 1136 1135
1178 1135 1179
1135 1076 1180
1135 1180 1179
1070 1141 1186
1136 1178 1131
1136 1131 1130
1053 1152 1153
1053 1153 1104
1169 1087 1124
1169 1124 1154
1123 1185 1187
1123 1187 1156
1152 1163 1110
1152 1110 1111
1167 1079 1082
1167 1082 1166
1110 1163 1168
1110 1168 1106
1169 1120 1107
1169 1107 1170
1107 1106 1168
1107 1168 1170
1096 1171 1172
1096 1172 1097
1166 1082 1100
1166 1100 1075
1153 1151 1175
1153 1175 1173
1156 1119 1118
1156 1118 1154
1129 1132 1101
1129 1101 1173
1172 1182 1138
1172 1138 1097
1188 1144 1142
1188 1142 1141
1171 1096 1079
1171 1079 1167
1138 1182 1140
1026 1092 916
1026 916 913
1184 1145 1144
1184 1144 1185
1187 1185 1144
1187 1144 1188
1126 1128 1187
1126 1187 1188
1113 1175 1151
1113 1151 1114
1175 1113 1084
1175 1084 1149
869 999 868
1021 743 999
1008 969 1007
584 743 1021
530 584 989
351 823 821
351 821 346
985 987 869
985 983 982
999 743 400
308 785 774
308 774 314
772 744 313
772 313 773
744 772 791
744 791 562
350 359 829
350 829 824
932 845 805
954 557 1015
953 1015 1014
1147 1161 1064
1069 1064 991
1160 1064 1161
1064 1160 975
1186 1147 1069
1070 1186 1071
1147 1186 1140
990 1001 1020
1141 1140 1186
1160 1065 972
782 758 759
1189 1190 1191
1190 820 1191
849 1191 753
849 993 1189
1192 818 816
1117 1150 1093
1092 1026 1025
1150 1117 1094
1120 1150 1108
1118 1093 1150
1120 1169 1154
1157 919 917
1119 1157 1093
819 1192 815
1193 859 1030
854 872 855
853 996 896
853 855 965
994 965 945
898 1038 899
965 875 946
872 854 1038
875 965 855
941 944 942
941 966 943
949 948 952
933 848 952
952 955 954
939 1004 931
1040 1039 899
964 1039 1030
885 997 947
1033 787 786
1190 819 820
787 1033 1034
787 1034 792
1033 786 307
579 1033 307
757 753 752
758 755 754
790 756 757
815 1192 816
759 754 1191
843 817 818
813 816 817
813 817 814
840 842 814
840 814 817
1138 1143 1139
757 752 761
760 755 763
1146 1183 1142
1187 1128 1156
1180 1100 1181
1143 1138 1140
1188 1141 1126
1156 1155 1119
1155 1157 1119
1157 1155 1127
1191 820 759
820 808 759
796 782 807
1038 1040 899
859 1193 901
1020 1001 961
821 838 822
822 751 346
849 1189 1191
755 760 752
753 1191 754
1194 1195 1196
1197 1198 1199
1197 1199 1200
1201 1202 1203
1201 1203 1204
1205 1206 1207
1205 1207 1208
1209 1210 1211
1212 1213 1214
1212 1214 1215
1216 1217 1218
1219 1220 1221
1219 1221 1222
1223 1224 1225
1223 1225 1226
1226 1227 1228
1226 1228 1223
1212 1229 1230
1212 1230 1211
1215 1231 1229
1215 1229 1212
1203 1232 1225
1203 1225 1224
1196 1233 1234
1196 1234 1194
1218 1235 1236
1218 1236 1216
1237 1209 1238
1237 1238 1239
1197 1240 1233
1197 1233 1196
1200 1241 1240
1200 1240 1197
1221 1216 1236
1221 1236 1242
1222 1221 1242
1222 1242 1243
1224 1204 1203
1208 1207 1223
1208 1223 1228
1244 1210 1209
1244 1209 1237
1214 1213 1245
1214 1245 1246
1202 1247 1232
1202 1232 1203
1209 1211 1230
1209 1230 1238
1244 1237 1218
1244 1218 1217
1237 1239 1235
1237 1235 1218
1194 1234 1247
1194 1247 1202
1201 1195 1194
1201 1194 1202
1198 1206 1205
1198 1205 1199
1246 1245 1220
1246 1220 1219
1213 1212 1211
1213 1211 1210
1245 1213 1210
1245 1210 1244
1245 1244 1217
1245 1217 1220
1220 1217 1216
1220 1216 1221
1198 1197 1196
1198 1196 1195
1206 1198 1195
1206 1195 1201
1206 1201 1204
1206 1204 1207
1207 1204 1224
1207 1224 1223
1226 1248 1249
1226 1249 1227
1225 1250 1248
1225 1248 1226
1251 1250 1225
1251 1225 1232
1247 1252 1251
1247 1251 1232
1240 1253 1254
1240 1254 1233
1255 1234 1233
1255 1233 1254
1252 1247 1234
1252 1234 1255
1253 1240 1241
1253 1241 1256
1257 1258 1259
1257 1259 1260
1261 1262 1263
1261 1263 1264
1258 1265 1266
1258 1266 1259
1267 1268 1262
1267 1262 1261
1269 1270 1271
1269 1271 1272
1273 1274 1275
1273 1275 1276
1277 1278 1279
1277 1279 1280
1270 1281 1282
1270 1282 1271
1283 1273 1276
1283 1276 1284
1285 1286 1287
1285 1287 1288
1289 1290 1278
1289 1278 1277
1291 1287 1286
1291 1286 1292
1293 1257 1260
1293 1260 1294
1288 1295 1296
1288 1296 1285
1274 1296 1295
1274 1295 1275
1297 1293 1294
1297 1294 1298
1279 1269 1272
1279 1272 1280
1299 1300 1301
1299 1301 1302
1303 1301 1300
1303 1300 1304
1305 1299 1302
1305 1302 1306
1307 1308 1305
1307 1305 1306
1309 1310 1308
1309 1308 1307
1311 1312 1313
1311 1313 1314
1315 1316 1317
1315 1317 1318
1318 1317 1319
1318 1319 1320
1321 1322 1312
1321 1312 1311
1314 1313 1323
1314 1323 1324
1325 1326 1316
1325 1316 1315
1320 1319 1327
1320 1327 1328
1329 1330 1322
1329 1322 1321
1324 1323 1331
1324 1331 1332
1333 1334 1326
1333 1326 1325
1334 1333 1335
1334 1335 1336
1337 1338 1290
1337 1290 1289
1304 1339 1340
1304 1340 1303
1331 1341 1342
1331 1342 1332
1343 1344 1345
1346 1347 1348
1346 1348 1349
1350 1351 1352
1350 1352 1353
1354 1355 1356
1354 1356 1357
1358 1359 1360
1361 1362 1363
1361 1363 1364
1365 1366 1367
1368 1369 1370
1368 1370 1371
1372 1373 1374
1372 1374 1375
1375 1374 1376
1375 1376 1377
1378 1379 1363
1378 1363 1359
1364 1363 1379
1364 1379 1380
1372 1381 1352
1372 1352 1373
1382 1383 1344
1382 1344 1343
1366 1365 1384
1366 1384 1385
1386 1358 1387
1386 1387 1388
1383 1389 1346
1383 1346 1344
1389 1390 1347
1389 1347 1346
1384 1365 1370
1384 1370 1391
1391 1370 1369
1391 1369 1392
1373 1352 1351
1374 1354 1357
1374 1357 1376
1358 1360 1393
1358 1393 1387
1394 1362 1361
1394 1361 1395
1381 1396 1353
1381 1353 1352
1378 1359 1358
1378 1358 1386
1393 1367 1366
1393 1366 1387
1387 1366 1385
1387 1385 1388
1396 1382 1343
1396 1343 1353
1343 1345 1350
1343 1350 1353
1349 1348 1356
1349 1356 1355
1371 1394 1395
1371 1395 1368
1359 1363 1362
1359 1362 1360
1360 1362 1394
1360 1394 1393
1394 1371 1367
1394 1367 1393
1371 1370 1365
1371 1365 1367
1344 1346 1349
1344 1349 1345
1345 1349 1355
1345 1355 1350
1355 1354 1351
1355 1351 1350
1354 1374 1373
1354 1373 1351
1397 1398 1375
1397 1375 1377
1398 1399 1372
1398 1372 1375
1400 1381 1372
1400 1372 1399
1400 1401 1396
1400 1396 1381
1402 1403 1389
1402 1389 1383
1383 1382 1404
1383 1404 1402
1382 1396 1401
1382 1401 1404
1390 1389 1403
1390 1403 1405
1406 1407 1408
1406 1408 1409
1410 1411 1412
1410 1412 1413
1407 1406 1414
1407 1414 1415
1411 1416 1417
1411 1417 1412
1418 1419 1420
1418 1420 1421
1422 1423 1424
1422 1424 1425
1426 1427 1428
1426 1428 1429
1430 1431 1419
1430 1419 1418
1432 1433 1423
1432 1423 1422
1434 1435 1436
1434 1436 1437
1427 1438 1439
1427 1439 1428
1435 1434 1440
1435 1440 1441
1409 1408 1442
1409 1442 1443
1437 1436 1444
1437 1444 1445
1425 1424 1445
1425 1445 1444
1446 1447 1443
1446 1443 1442
1426 1429 1421
1426 1421 1420
1448 1449 1450
1448 1450 1451
1451 1450 1452
1451 1452 1453
1454 1455 1449
1454 1449 1448
1456 1455 1454
1456 1454 1457
1457 1458 1459
1457 1459 1456
1460 1461 1462
1460 1462 1463
1464 1465 1466
1464 1466 1467
1467 1468 1469
1467 1469 1464
1463 1470 1471
1463 1471 1460
1461 1472 1473
1461 1473 1462
1465 1474 1475
1465 1475 1466
1468 1476 1477
1468 1477 1469
1470 1478 1479
1470 1479 1471
1472 1480 1481
1472 1481 1473
1474 1482 1483
1474 1483 1475
1482 1484 1485
1482 1485 1483
1486 1439 1438
1486 1438 1487
1488 1489 1453
1488 1453 1452
1490 1491 1481
1490 1481 1480
1492 1493 1494
1495 1496 1497
1495 1497 1498
1492 1494 1497
1492 1497 1496
1495 1498 1499
1495 1499 1500
1501 1500 1499
1502 1503 1504
1505 1506 1507
1505 1507 1508
1502 1508 1507
1502 1507 1503
1505 1509 1510
1505 1510 1506
1511 1510 1509
1512 1513 1514
1512 1514 1515
1516 1513 1512
1515 1514 1517
1515 1517 1518
1517 1519 1520
1517 1520 1518
1519 1521 1522
1519 1522 1520
1522 1521 1523
1522 1523 1524
1523 1525 1526
1523 1526 1524
1525 1527 1526
1528 1529 1530
1528 1530 1531
1532 1530 1529
1533 1528 1531
1533 1531 1534
1533 1534 1535
1533 1535 1536
1536 1535 1537
1536 1537 1538
1539 1538 1537
1539 1537 1540
1539 1540 1541
1539 1541 1542
1542 1541 1543
188 175 174
