byte offset: 0
first index: 0
index count: 20310
topology: trianglelist
format: DXGI_FORMAT_R16_UINT

0 1 2
3 4 5
5 6 7
5 7 8
6 9 10
6 10 7
10 9 1
10 1 0
4 11 12
3 11 4
13 3 5
13 5 8
14 15 16
17 18 19
20 21 22
23 24 25
26 27 28
29 30 31
32 33 34
35 36 37
38 39 40
41 42 43
43 29 41
41 29 31
28 42 41
27 42 28
35 26 28
37 26 35
20 36 35
22 36 20
38 21 20
40 21 38
34 39 38
33 39 34
23 15 14
25 15 23
17 32 34
19 32 17
14 18 17
16 18 14
24 23 44
24 44 45
30 46 47
30 47 31
48 49 50
51 52 53
52 54 55
52 55 56
56 55 57
56 57 58
57 48 50
57 50 58
53 59 60
51 53 60
61 54 52
61 52 51
62 63 64
65 66 67
68 69 70
71 72 73
74 75 76
77 78 79
80 81 82
83 84 85
86 87 88
89 90 91
90 89 77
89 78 77
75 89 91
76 75 91
83 75 74
84 83 74
68 83 85
69 68 85
86 68 70
87 86 70
81 86 88
82 81 88
71 62 64
72 71 64
65 81 80
66 65 80
62 65 67
63 62 67
73 92 93
73 93 71
79 78 94
79 94 95
96 97 98
96 98 99
100 101 102
100 102 103
104 105 106
104 106 107
108 109 110
108 110 111
112 113 114
112 114 115
116 117 118
116 118 119
120 121 122
120 122 123
124 125 126
124 126 127
106 105 128
106 128 129
111 130 131
111 131 108
117 116 132
117 132 133
134 125 124
134 124 135
136 137 138
136 138 139
140 141 142
140 142 143
144 145 146
144 146 147
148 149 150
148 150 151
152 142 141
152 141 153
154 155 146
154 146 145
150 156 157
150 157 151
114 158 159
114 159 115
160 120 123
160 123 161
162 163 164
162 164 165
166 167 168
166 168 169
170 171 172
170 172 173
174 175 176
174 176 177
178 179 180
178 180 181
182 183 184
182 184 185
186 187 188
186 188 189
168 167 190
168 190 191
192 173 172
192 172 193
194 181 180
194 180 195
196 197 186
196 186 189
198 199 200
198 200 201
202 203 204
202 204 205
206 207 208
206 208 209
210 211 212
210 212 213
214 215 202
214 202 205
216 208 207
216 207 217
218 219 210
218 210 213
220 221 177
220 177 176
222 223 185
222 185 184
224 225 226
224 226 227
228 229 230
228 230 231
232 230 229
232 229 233
234 228 231
234 231 235
236 237 238
236 238 233
239 240 241
242 243 244
242 244 245
246 247 241
246 241 248
249 250 247
249 247 246
251 252 250
251 250 249
252 251 253
252 253 254
255 256 257
255 257 258
259 238 237
259 237 260
256 254 253
256 253 257
234 235 261
234 261 243
229 228 262
229 262 263
263 236 233
263 233 229
264 262 228
264 228 234
233 238 265
233 265 232
239 241 247
239 247 266
266 247 250
266 250 267
267 250 252
267 252 268
269 268 252
269 252 254
270 269 254
270 254 256
264 234 243
264 243 242
248 241 240
248 240 271
238 259 265
256 255 270
244 243 261
272 273 274
272 274 275
276 277 275
276 275 274
278 279 273
278 273 272
280 277 281
280 281 282
283 284 285
286 287 288
286 288 289
290 291 284
290 284 292
293 290 292
293 292 294
295 293 294
295 294 296
296 297 298
296 298 295
299 300 301
299 301 302
303 304 282
303 282 281
302 301 298
302 298 297
278 289 305
278 305 279
275 306 307
275 307 272
306 275 277
306 277 280
308 278 272
308 272 307
277 276 309
277 309 281
283 310 292
283 292 284
310 311 294
310 294 292
311 312 296
311 296 294
313 297 296
313 296 312
314 302 297
314 297 313
308 286 289
308 289 278
291 315 285
291 285 284
281 309 303
302 314 299
288 305 289
316 317 318
319 320 318
321 322 323
322 324 323
318 317 319
325 326 327
325 327 317
328 329 322
328 322 330
319 327 331
332 333 334
335 336 337
335 337 338
339 340 341
319 342 343
332 344 345
345 346 332
347 335 338
337 336 348
349 346 350
333 332 343
342 319 331
351 335 352
353 354 351
355 346 349
356 336 357
344 332 334
322 358 330
359 360 361
362 363 364
353 365 366
367 359 368
353 369 365
359 370 362
371 358 322
351 369 353
372 373 374
367 360 359
373 375 376
377 363 362
361 370 359
350 346 345
346 355 340
340 355 341
336 356 348
374 373 376
368 376 378
376 368 359
375 378 376
379 362 364
379 364 380
370 377 362
381 382 383
381 383 384
374 385 372
335 347 352
339 357 336
339 336 340
332 319 343
319 317 327
324 322 386
325 317 387
351 354 335
374 388 385
366 388 374
366 365 388
389 390 391
389 391 392
389 392 393
394 395 396
394 396 397
395 394 398
395 398 399
400 401 399
400 399 398
402 403 404
402 404 405
400 406 407
400 407 401
408 409 410
409 411 412
409 412 410
396 405 404
396 404 397
413 414 415
413 415 416
417 418 419
417 419 420
417 420 421
417 421 422
423 424 425
426 427 428
426 428 429
430 431 432
430 432 433
434 435 436
434 436 437
432 431 438
432 438 439
440 441 442
440 442 443
430 433 444
430 444 423
428 445 446
428 446 429
440 443 423
440 423 425
447 434 437
447 437 448
449 450 451
449 451 452
453 454 455
453 455 456
450 449 457
450 457 458
459 460 461
459 461 462
463 464 465
463 465 466
467 468 469
467 469 470
465 464 468
465 468 467
422 421 453
422 453 456
447 471 446
447 446 445
472 447 448
424 423 444
424 444 473
471 447 472
471 472 474
419 418 470
419 470 469
475 476 477
475 477 478
414 413 479
414 479 480
459 416 415
459 415 460
462 461 452
462 452 451
478 481 482
478 482 475
483 484 485
483 485 486
391 390 487
488 489 490
488 490 491
492 493 494
492 494 495
496 497 498
496 498 499
495 494 497
495 497 496
500 501 502
500 502 503
501 500 493
501 493 492
504 505 506
504 506 507
508 509 510
508 510 511
512 513 514
512 514 515
513 516 517
513 517 514
518 519 520
518 520 521
522 523 524
516 525 526
516 526 517
522 524 521
527 528 529
527 529 530
531 532 533
531 533 534
535 536 534
535 534 533
537 538 539
537 539 540
541 542 543
542 541 532
542 532 531
543 544 545
526 525 530
526 530 529
546 547 548
549 550 551
549 551 552
550 553 554
550 554 551
555 556 557
555 557 558
556 555 559
556 559 560
510 561 562
510 562 511
563 554 553
563 553 564
565 566 567
565 567 568
563 564 569
558 557 547
558 547 546
560 559 568
560 568 567
570 571 505
570 505 504
572 573 574
572 574 575
576 573 572
576 572 577
578 579 580
578 580 581
579 582 583
579 583 580
584 585 586
586 578 581
586 581 584
587 588 585
586 585 588
548 547 569
589 522 521
589 521 520
590 537 540
590 540 591
592 593 575
592 575 574
592 594 593
595 596 597
595 597 598
509 508 595
509 595 598
599 600 601
599 601 602
603 601 600
603 600 604
605 606 607
605 607 608
571 570 608
571 608 607
543 542 544
569 564 548
609 610 611
609 612 613
609 613 610
614 615 616
614 616 617
617 618 619
617 619 614
620 619 618
620 618 621
622 623 624
622 624 625
620 621 626
620 626 627
628 629 630
630 629 631
630 631 632
616 615 624
616 624 623
633 634 635
633 635 636
637 638 639
637 639 640
637 641 642
637 642 638
643 644 645
646 647 648
646 648 649
650 651 652
650 652 653
654 655 656
654 656 657
652 658 659
652 659 653
660 661 662
660 662 663
650 643 664
650 664 651
648 647 665
648 665 666
660 644 643
660 643 661
667 668 655
667 655 654
669 670 671
669 671 672
673 674 675
673 675 676
672 677 678
672 678 669
679 680 681
679 681 682
683 684 685
683 685 686
687 688 689
687 689 690
685 687 690
685 690 686
641 674 673
641 673 642
667 666 665
667 665 691
692 668 667
645 693 664
645 664 643
691 694 692
691 692 667
639 689 688
639 688 640
695 696 697
695 697 698
636 699 700
636 700 633
679 682 635
679 635 634
680 671 670
680 670 681
696 695 701
696 701 702
703 704 705
703 705 706
610 707 611
708 709 710
708 710 711
712 713 714
712 714 715
716 717 718
716 718 719
713 716 719
713 719 714
720 721 722
720 722 723
723 712 715
723 715 720
724 725 726
724 726 727
728 729 730
728 730 731
732 733 734
732 734 735
735 734 736
735 736 737
738 739 740
738 740 741
742 743 744
737 736 745
737 745 746
742 739 743
747 748 749
747 749 750
751 752 753
751 753 754
755 753 752
755 752 756
757 758 759
757 759 760
761 762 763
763 751 754
763 754 761
762 764 765
745 749 748
745 748 746
766 767 768
769 770 771
769 771 772
772 771 773
772 773 774
775 776 777
775 777 778
778 779 780
778 780 775
730 729 781
730 781 782
783 784 774
783 774 773
785 786 787
785 787 788
783 789 784
776 766 768
776 768 777
779 787 786
779 786 780
790 724 727
790 727 791
792 793 794
792 794 795
796 797 792
796 792 795
798 799 800
798 800 801
801 800 802
801 802 803
804 805 806
805 804 799
805 799 798
807 806 808
805 808 806
767 789 768
809 740 739
809 739 742
810 811 758
810 758 757
812 794 793
812 793 813
812 813 814
815 816 817
815 817 818
731 816 815
731 815 728
819 820 821
819 821 822
823 824 822
823 822 821
825 826 827
825 827 828
791 827 826
791 826 790
762 765 763
789 767 784
829 830 831
832 833 834
832 834 835
836 837 838
836 838 839
840 841 842
840 842 843
831 830 844
845 846 847
848 849 850
848 850 851
852 853 854
852 854 855
856 857 858
856 858 859
846 860 847
861 862 863
861 863 864
863 862 865
863 865 866
867 863 866
867 866 868
868 869 870
868 870 867
870 869 871
870 871 872
870 872 873
870 873 874
875 876 874
875 874 873
876 875 877
876 877 878
876 878 879
876 879 880
881 880 879
881 879 882
881 882 883
881 883 884
885 886 881
885 881 884
887 888 886
887 886 885
888 887 889
888 889 890
888 890 891
888 891 892
891 893 894
891 894 892
894 893 895
894 895 896
897 894 896
897 896 898
899 897 898
899 898 900
899 900 901
899 901 902
903 904 899
903 899 902
905 906 904
905 904 903
906 905 907
906 907 908
906 908 909
906 909 910
911 910 909
911 909 912
911 912 913
911 913 914
911 914 915
911 915 916
917 918 916
917 916 915
918 917 919
918 919 920
918 920 921
918 921 922
923 924 925
924 923 926
927 928 926
929 930 927
929 931 930
931 929 932
933 932 934
935 936 934
935 937 936
937 935 938
939 940 938
939 941 940
939 942 941
939 943 942
944 943 945
946 947 945
946 948 947
946 949 948
950 951 949
952 953 950
952 954 953
955 956 954
955 957 958
955 958 956
957 959 958
957 960 959
960 957 961
962 961 963
964 965 963
964 966 965
967 966 968
969 967 968
969 968 970
970 971 969
970 972 971
973 972 974
974 975 976
975 977 976
975 978 977
975 979 978
979 980 981
980 982 981
983 984 985
983 985 986
987 985 984
988 985 987
985 988 989
985 989 990
991 990 989
991 989 992
993 994 992
995 994 993
994 995 996
994 996 997
996 998 999
996 999 997
1000 999 998
1001 999 1000
999 1001 1002
999 1002 1003
1004 1003 1002
1004 1002 1005
1006 1004 1005
1007 1004 1006
1004 1007 1008
1004 1008 1009
1010 1009 1008
1010 1008 1011
1012 1010 1011
1013 1010 1012
1014 1015 1010
1014 1010 1013
1016 1015 1014
1016 1014 1017
1018 1016 1017
1019 1016 1018
1020 1021 1016
1020 1016 1019
1022 1021 1020
1022 1020 1023
1024 1025 1023
1026 1025 1024
1027 1028 1025
1027 1025 1026
1027 1029 1030
1027 1030 1028
1031 1030 1029
1032 1030 1031
1033 1034 1030
1033 1030 1032
1033 1035 1036
1033 1036 1034
1037 1036 1035
1038 1036 1037
1039 1040 1036
1039 1036 1038
1041 1040 1039
1041 1039 1042
1043 1041 1042
1044 1041 1043
1045 1046 1041
1045 1041 1044
1047 1048 1049
1047 1050 1051
1052 1051 1053
1054 1053 1055
1056 1054 1055
1056 1057 1058
1059 1058 1060
1061 1060 1062
1063 1061 1062
1064 1063 1065
1065 1066 1067
1068 1067 1066
1069 1068 1066
1066 1070 1069
1071 1072 1070
1073 1071 1074
1075 1073 1074
1074 1076 1075
1076 1077 1078
1079 1078 1077
1080 1079 1077
1081 1080 1082
1081 1082 1083
1084 1083 1085
1086 1084 1087
1085 1088 1086
1089 1090 1088
1091 1089 1092
1093 1091 1092
1093 1094 1095
1095 1096 1097
1098 1097 1096
1099 1098 1096
1099 1096 1100
1101 1102 1100
1103 1101 1104
1105 1103 1104
1106 1105 1107
1106 1107 1108
1109 1108 1110
1111 1112 1113
1114 1115 1116
1117 1118 1119
1120 1121 1122
1123 1124 1125
1126 1127 1128
1129 1130 1131
1132 1133 1134
1135 1136 1137
1138 1139 1140
1141 1142 1143
1144 1145 1115
1146 1147 1148
1149 1150 1151
1152 1153 1154
1155 1156 1157
1155 1157 1158
1159 1160 1161
1159 1161 1162
1160 1159 1163
1160 1163 1164
1165 1166 1164
1165 1164 1163
1165 1158 1157
1165 1157 1166
1157 1167 1168
1164 1169 1170
1161 1171 1172
1160 1173 1174
1175 1176 1166
1175 1166 1157
1161 1160 1174
1161 1174 1171
1160 1164 1170
1160 1170 1173
1166 1176 1169
1166 1169 1164
1168 1175 1157
1177 1178 1156
1178 1167 1157
1178 1157 1156
1179 1180 1181
1179 1181 1182
1183 1180 1179
1184 1185 1186
1186 1187 1188
1186 1188 1184
1189 1190 1191
1192 1193 1194
1192 1194 1195
1196 1197 1198
1196 1198 1199
1199 1198 1200
1199 1200 1201
1202 1203 1204
1205 1206 1207
1208 1209 1210
1211 1212 1213
1214 1215 1216
1217 1218 1219
1220 1221 1222
1223 1224 1225
1202 1226 1227
1205 1228 1229
1208 1230 1231
1211 1232 1233
1234 1235 1236
1237 1238 1190
1237 1190 1239
1214 1240 1215
1241 1242 1240
1241 1240 1243
1217 1244 1218
1245 1246 1244
1245 1244 1247
1220 1248 1221
1249 1250 1248
1249 1248 1251
1223 1252 1224
1253 1254 1252
1253 1252 1255
1202 1204 1226
1234 1194 1235
1256 1257 1212
1256 1212 1236
1213 1258 1259
1213 1259 1232
1232 1259 1260
1232 1260 1233
1260 1261 1209
1260 1209 1233
1210 1262 1263
1210 1263 1230
1264 1265 1206
1264 1206 1231
1207 1266 1267
1207 1267 1228
1230 1263 1264
1230 1264 1231
1228 1267 1268
1228 1268 1229
1268 1269 1203
1268 1203 1229
1270 1271 1272
1270 1272 1273
1274 1275 1273
1274 1276 1275
1277 1278 1276
1277 1276 1279
1278 1277 1280
1278 1280 1281
1280 1282 1281
1280 1283 1282
1280 1284 1285
1280 1285 1283
1286 1285 1284
1286 1284 1287
1287 1288 1286
1287 1289 1288
1287 1290 1291
1287 1291 1289
1292 1293 1291
1292 1291 1290
1292 1294 1293
1292 1295 1294
1296 1295 1292
1296 1292 1297
1298 1296 1297
1298 1297 1299
1299 1300 1298
1299 1301 1300
1299 1302 1303
1303 1302 1304
1304 1305 1306
1304 1307 1305
1308 1309 1307
1308 1307 1304
1310 1311 1309
1310 1309 1308
1310 1312 1311
1310 1313 1312
1314 1313 1310
1314 1310 1315
1316 1314 1315
1316 1315 1317
1317 1318 1316
1317 1319 1318
1317 1320 1321
1317 1321 1319
1322 1323 1321
1322 1321 1320
1322 1324 1323
1322 1325 1324
1322 1326 1327
1322 1327 1325
1328 1327 1326
1328 1326 1329
1329 1330 1328
1329 1331 1330
1329 1332 1333
1329 1333 1331
1334 1335 1336
1336 1337 1338
1339 1340 1338
1340 1339 1341
1340 1341 1342
1342 1343 1344
1343 1345 1344
1346 1345 1347
1346 1347 1348
1348 1349 1350
1351 1350 1352
1351 1352 1353
1351 1353 1354
1351 1354 1355
1356 1357 1355
1358 1357 1359
1358 1359 1360
1358 1360 1361
1362 1363 1361
1363 1362 1364
1363 1364 1365
1366 1363 1365
1366 1367 1368
1366 1368 1369
1369 1368 1370
1369 1370 1371
1371 1372 1373
1372 1374 1373
1375 1374 1376
1375 1376 1377
1378 1379 1377
1380 1381 1379
1380 1379 1378
1381 1380 1382
1381 1382 1383
1384 1385 1383
1385 1384 1386
1387 1386 1388
1387 1388 1389
1387 1389 1390
1390 1391 1392
1393 1392 1394
1395 1183 1179
1396 1395 1179
1396 1179 1397
1398 1399 1396
1398 1396 1397
1400 1399 1398
1401 1400 1398
1402 1401 1398
1402 1398 1403
1402 1403 1404
1402 1404 1405
1406 1405 1407
1408 1406 1407
1409 1408 1407
1409 1407 1410
1411 1412 1409
1411 1409 1410
1413 1412 1411
1414 1413 1411
1415 1414 1411
1415 1411 1416
1415 1416 1417
1415 1417 1418
1419 1418 1417
1420 1419 1417
1421 1420 1417
1421 1417 1422
1421 1422 1423
1421 1423 1424
1425 1424 1423
1426 1425 1423
1423 1427 1428
1423 1428 1426
1429 1430 1428
1429 1428 1427
1431 1430 1429
1432 1431 1429
1433 1434 1432
1433 1432 1429
1434 1433 1435
1434 1435 1436
1437 1436 1438
1439 1437 1438
1438 1440 1441
1438 1441 1439
1442 1443 1441
1442 1441 1440
1444 1443 1445
1446 1444 1445
1447 1446 1445
1447 1445 1448
1447 1448 1186
1447 1186 1449
1185 1449 1186
1450 1451 1452
1450 1453 1454
1453 1455 1454
1456 1457 1455
1458 1457 1456
1458 1459 1460
1459 1461 1460
1462 1463 1461
1464 1463 1462
1465 1466 1464
1466 1465 1467
1468 1469 1467
1470 1469 1468
1469 1470 1471
1472 1473 1471
1474 1473 1472
1475 1473 1474
1473 1475 1476
1476 1477 1478
1479 1480 1478
1481 1480 1479
1482 1483 1481
1482 1484 1483
1485 1486 1484
1487 1486 1485
1486 1487 1488
1489 1490 1488
1491 1492 1489
1493 1492 1491
1493 1494 1495
1495 1494 1496
1497 1498 1496
1499 1498 1497
1499 1500 1501
1502 1503 1501
1504 1505 1502
1506 1505 1504
1507 1508 1506
1507 1509 1508
1510 1511 1509
1512 1513 1514
1515 1516 1517
1518 1519 1520
1521 1522 1523
1524 1525 1526
1527 1528 1529
1530 1531 1532
1533 1534 1535
1536 1537 1538
1539 1540 1541
1542 1543 1544
1545 1517 1546
1547 1548 1549
1547 1549 1550
1551 1523 1552
1553 1554 1555
1553 1555 1556
1557 1529 1558
1559 1560 1554
1559 1554 1553
1561 1535 1562
1563 1564 1560
1563 1560 1559
1563 1559 1565
1563 1565 1566
1567 1568 1569
1567 1569 1570
1570 1571 1556
1570 1556 1567
1553 1556 1571
1553 1571 1572
1553 1572 1565
1553 1565 1559
1565 1573 1574
1571 1575 1576
1569 1577 1578
1570 1579 1580
1581 1565 1572
1581 1572 1582
1569 1578 1579
1569 1579 1570
1570 1580 1575
1570 1575 1571
1572 1571 1576
1572 1576 1582
1573 1565 1581
1583 1566 1584
1584 1566 1565
1584 1565 1574
1585 1586 1587
1588 1589 1590
1591 1592 1593
1594 1595 1596
1597 1598 1599
1600 1597 1601
1602 1600 1603
1604 1602 1605
1585 1604 1606
1588 1585 1607
1591 1588 1608
1594 1591 1609
1610 1594 1611
1612 1613 1614
1612 1614 1615
1615 1614 1616
1615 1616 1599
1617 1618 1619
1617 1619 1620
1620 1619 1621
1620 1621 1601
1622 1623 1624
1622 1624 1625
1625 1624 1626
1625 1626 1603
1627 1628 1629
1627 1629 1630
1630 1629 1631
1630 1631 1605
1632 1633 1634
1632 1634 1635
1635 1634 1636
1635 1636 1606
1637 1638 1595
1637 1595 1639
1640 1641 1592
1640 1592 1642
1643 1644 1589
1643 1589 1645
1053 1051 1057
1454 1455 1457
1047 1051 1052
1450 1454 1646
1458 1460 1457
1460 1461 1463
1464 1466 1463
1466 1467 1469
1471 1470 1647
1472 1471 1647
1476 1475 1477
1476 1478 1648
1481 1483 1648
1483 1484 1486
1488 1487 1649
1489 1488 1649
1493 1495 1490
1495 1496 1498
1499 1501 1498
1502 1501 1500
1506 1508 1503
1508 1509 1511
1107 1105 1104
1108 1107 1110
1099 1100 1102
1101 1100 1104
1093 1095 1650
1095 1097 1650
1086 1088 1090
1089 1088 1094
1082 1080 1077
1083 1082 1087
1075 1076 1651
1076 1078 1651
1069 1070 1072
1071 1070 1074
1065 1063 1062
1065 1067 1064
1056 1058 1059
1060 1058 1062
1652 1653 1654
1655 1656 1657
1655 1657 1658
1654 1653 1659
1660 1661 1655
1660 1655 1658
1662 1663 1664
1662 1664 1665
1666 1667 1668
1666 1668 1669
1670 1671 1672
1670 1672 1668
1669 1668 1672
1669 1672 1673
1674 1675 1676
1674 1676 1677
1661 1678 1679
1661 1679 1655
1680 1681 1682
1683 1684 1685
1683 1685 1679
1676 1659 1686
1687 1688 1689
1687 1689 1690
1691 1692 1693
1691 1693 1694
1695 1696 1697
1698 1699 1700
1698 1700 1690
1693 1692 1661
1693 1661 1660
1701 1702 1703
1675 1704 1654
1675 1654 1676
1705 1706 1707
1705 1707 1708
1709 1707 1706
1691 1694 1699
1691 1699 1698
1690 1689 1710
1690 1710 1698
1701 1703 1711
1701 1711 1712
1702 1701 1713
1714 1701 1672
1714 1672 1671
1673 1672 1701
1673 1701 1712
1710 1689 1715
1710 1715 1716
1717 1718 1719
1717 1719 1687
1720 1691 1698
1720 1698 1710
1721 1680 1682
1722 1723 1688
1722 1688 1724
1682 1725 1675
1656 1655 1679
1656 1679 1685
1663 1685 1684
1663 1684 1664
1652 1704 1726
1717 1687 1690
1717 1690 1700
1727 1657 1728
1721 1674 1705
1721 1705 1697
1688 1687 1719
1688 1719 1724
1723 1715 1689
1723 1689 1688
1729 1697 1705
1729 1705 1708
1681 1730 1725
1731 1732 1733
1731 1733 1734
1685 1663 1728
1685 1728 1656
1691 1720 1735
1691 1735 1692
1735 1736 1737
1735 1737 1678
1736 1735 1720
1736 1720 1738
1678 1737 1683
1678 1683 1679
1720 1710 1716
1720 1716 1738
1735 1678 1661
1735 1661 1692
1739 1740 1741
1742 1740 1739
1742 1739 1743
1742 1743 1744
1742 1744 1745
1744 1746 1747
1744 1747 1745
1748 1749 1750
1748 1750 1751
1750 1752 1751
1732 1731 1749
1732 1749 1748
1674 1721 1682
1674 1682 1675
1705 1674 1677
1705 1677 1706
1686 1677 1676
1753 1670 1668
1667 1754 1753
1667 1753 1668
1709 1677 1686
1706 1677 1709
1721 1696 1680
1697 1696 1721
1654 1659 1676
1727 1728 1755
1728 1657 1656
1725 1730 1726
1726 1704 1725
1652 1654 1704
1682 1681 1725
1695 1697 1729
1713 1701 1714
1675 1725 1704
1756 1757 1758
1756 1759 1757
1760 1761 1762
1760 1762 1763
1764 1760 1763
1764 1763 1765
1756 1762 1761
1756 1761 1766
1767 1768 1769
1767 1769 1770
1770 1771 1772
1773 1774 1767
1773 1767 1775
1764 1765 1774
1764 1774 1773
1766 1759 1756
1776 1763 1762
1776 1762 1777
1763 1776 1778
1763 1778 1765
1762 1756 1758
1762 1758 1777
1770 1779 1775
1770 1775 1767
1768 1767 1774
1768 1774 1780
1778 1780 1774
1778 1774 1765
1770 1772 1779
1769 1771 1770
1781 1782 1783
1784 1785 1786
1784 1786 1787
1782 1788 1783
1789 1785 1784
1789 1784 1790
1791 1792 1793
1791 1793 1794
1795 1796 1797
1795 1797 1798
1799 1797 1800
1799 1800 1801
1796 1802 1800
1796 1800 1797
1803 1804 1805
1803 1805 1806
1790 1784 1807
1790 1807 1808
1809 1810 1811
1812 1807 1813
1812 1813 1814
1805 1815 1788
1816 1817 1818
1816 1818 1819
1820 1821 1822
1820 1822 1823
1824 1825 1826
1827 1817 1828
1827 1828 1829
1822 1789 1790
1822 1790 1823
1830 1831 1832
1806 1805 1782
1806 1782 1833
1834 1835 1836
1834 1836 1837
1838 1837 1836
1820 1827 1829
1820 1829 1821
1817 1827 1839
1817 1839 1818
1830 1840 1841
1830 1841 1831
1832 1842 1830
1843 1801 1800
1843 1800 1830
1802 1840 1830
1802 1830 1800
1839 1844 1845
1839 1845 1818
1846 1816 1847
1846 1847 1848
1849 1839 1827
1849 1827 1820
1850 1810 1809
1851 1852 1819
1851 1819 1853
1810 1806 1854
1787 1813 1807
1787 1807 1784
1794 1793 1814
1794 1814 1813
1781 1855 1833
1846 1828 1817
1846 1817 1816
1856 1857 1786
1850 1825 1834
1850 1834 1803
1819 1852 1847
1819 1847 1816
1853 1819 1818
1853 1818 1845
1858 1835 1834
1858 1834 1825
1811 1854 1859
1860 1861 1862
1860 1862 1863
1813 1787 1857
1813 1857 1794
1820 1823 1864
1820 1864 1849
1864 1808 1865
1864 1865 1866
1866 1867 1849
1866 1849 1864
1808 1807 1812
1808 1812 1865
1849 1867 1844
1849 1844 1839
1864 1823 1790
1864 1790 1808
1868 1869 1870
1871 1872 1868
1871 1868 1870
1871 1873 1874
1871 1874 1872
1874 1873 1875
1874 1875 1876
1877 1878 1879
1877 1879 1880
1879 1878 1881
1863 1877 1880
1863 1880 1860
1803 1806 1810
1803 1810 1850
1834 1837 1804
1834 1804 1803
1815 1805 1804
1882 1797 1799
1798 1797 1882
1798 1882 1883
1838 1815 1804
1837 1838 1804
1850 1809 1826
1825 1850 1826
1782 1805 1788
1856 1884 1857
1857 1787 1786
1854 1855 1859
1855 1854 1833
1781 1833 1782
1810 1854 1811
1824 1858 1825
1842 1843 1830
1806 1833 1854
1885 1886 1887
1885 1887 1888
1889 1890 1891
1889 1891 1892
1893 1894 1890
1893 1890 1889
1885 1895 1892
1885 1892 1891
1896 1897 1898
1896 1898 1899
1897 1900 1901
1902 1903 1896
1902 1896 1904
1893 1902 1904
1893 1904 1894
1895 1885 1888
1905 1906 1891
1905 1891 1890
1890 1894 1907
1890 1907 1905
1891 1906 1886
1891 1886 1885
1897 1896 1903
1897 1903 1908
1899 1909 1904
1899 1904 1896
1907 1894 1904
1907 1904 1909
1897 1908 1900
1898 1897 1901
1910 1911 1912
1910 1912 1913
1912 1914 1915
1912 1915 1913
1916 1917 1918
1916 1918 1919
1920 1910 1913
1920 1913 1921
1921 1913 1915
1921 1915 1922
1918 1923 1924
1918 1924 1919
1920 1921 1925
1920 1925 1926
1921 1922 1927
1921 1927 1925
1924 1923 1928
1924 1928 1929
1925 1930 1931
1925 1931 1926
1930 1925 1927
1930 1927 1932
1933 1934 1929
1933 1929 1928
1930 1935 1936
1930 1936 1931
1930 1932 1937
1930 1937 1935
1938 1934 1933
1938 1933 1939
1940 1941 1936
1940 1936 1935
1942 1943 1944
1940 1935 1937
1940 1937 1945
1917 1916 1946
1917 1946 1947
1948 1949 1950
1948 1950 1951
1951 1952 1953
1951 1953 1948
1954 1955 1956
1949 1957 1958
1949 1958 1950
1958 1957 1959
1958 1959 1960
1961 1960 1959
1961 1959 1962
1954 1963 1964
1954 1964 1955
1965 1966 1967
1965 1967 1968
1969 1966 1965
1969 1965 1970
1971 1972 1966
1971 1966 1969
1972 1973 1974
1973 1972 1971
1973 1971 1975
1976 1977 1978
1978 1979 1980
1981 1982 1983
1984 1985 1981
1985 1986 1987
1985 1987 1981
1987 1986 1968
1987 1968 1967
1982 1988 1989
1982 1989 1983
1981 1987 1990
1981 1990 1982
1990 1987 1967
1990 1967 1991
1981 1983 1992
1981 1992 1984
1993 1974 1994
1995 1985 1984
1995 1984 1978
1995 1996 1986
1995 1986 1985
1995 1977 1997
1995 1997 1996
1965 1968 1986
1965 1986 1996
1965 1996 1997
1965 1997 1970
1966 1972 1991
1966 1991 1967
1973 1998 1999
1998 1973 1975
1998 1975 2000
2001 2002 2003
2001 2003 2004
2001 2005 2006
2001 2006 2002
2007 2008 2003
2007 2003 2002
2002 2006 2009
2002 2009 2007
2010 2011 2012
1982 1990 1993
1982 1993 2013
2014 2015 2016
2014 2016 2017
2018 2015 2014
2018 2014 2012
2014 2010 2012
2019 2020 2021
2019 2021 2011
2019 2011 2010
2017 2022 2010
2023 2024 2025
2026 2013 2008
2011 2021 2018
2011 2018 2012
1991 1974 1993
1990 1991 1993
1974 1973 1999
1974 1999 1994
1989 2027 1992
1989 1992 1983
2028 1979 1992
2028 1992 2027
2029 1980 2030
2029 2030 2031
1978 1984 1992
1978 1992 1979
1976 1978 1980
2032 2033 2034
2035 2036 2037
2035 2038 2039
2040 2041 2035
2042 2043 2032
2037 2033 2032
2037 2032 2035
2035 2032 2043
2029 1976 1980
2030 1980 1979
2030 1979 2028
2040 2035 2043
2036 2035 2039
2041 2038 2035
2013 2003 2008
2044 2045 2024
2044 2024 2023
2014 2017 2010
2022 2019 2010
1988 1982 2013
1988 2013 2026
1991 1972 1974
2046 2047 2048
2046 2048 2049
2050 2051 2049
2050 2049 2048
2048 2052 2053
2048 2053 2050
2052 2054 2055
2056 2053 2052
2056 2052 2055
2057 2058 2059
2059 2060 2061
2062 2063 2064
2065 2062 2066
2067 2068 2066
2067 2066 2062
2067 2047 2046
2067 2046 2068
2063 2069 2070
2063 2070 2064
2067 2062 2064
2067 2064 2071
2067 2071 2072
2067 2072 2047
2063 2062 2065
2063 2065 2073
2074 2075 2054
2057 2059 2065
2057 2065 2066
2068 2076 2057
2068 2057 2066
2057 2076 2077
2057 2077 2058
2076 2068 2046
2076 2046 2049
2076 2049 2051
2076 2051 2077
2072 2052 2048
2072 2048 2047
2055 2078 2079
2080 2056 2055
2080 2055 2079
2081 2082 2083
2081 2083 2084
2085 2084 2083
2085 2083 2086
2087 2088 2083
2087 2083 2082
2089 2086 2083
2089 2083 2088
2090 2091 2092
2071 2064 2093
2071 2093 2074
2094 2095 2096
2094 2096 2097
2096 2098 2091
2096 2091 2097
2097 2091 2090
2092 2099 2100
2092 2100 2101
2101 2090 2092
2094 2090 2102
2103 2104 2105
2106 2087 2093
2098 2099 2092
2098 2092 2091
2072 2074 2054
2071 2074 2072
2078 2055 2054
2078 2054 2075
2107 2069 2063
2107 2063 2073
2107 2073 2061
2107 2061 2108
2060 2029 2031
2060 2031 2109
2065 2059 2061
2065 2061 2073
1976 2060 2059
2110 2111 2112
2113 2114 2115
2113 2116 2117
2118 2113 2119
2120 2110 2121
2112 2114 2113
2112 2113 2110
2113 2121 2110
2029 2060 1976
2061 2060 2109
2061 2109 2108
2118 2121 2113
2115 2116 2113
2119 2113 2117
2093 2087 2082
2103 2105 2122
2103 2122 2123
2097 2090 2094
2102 2090 2101
2106 2093 2064
2106 2064 2070
2072 2054 2052
1978 1977 1995
2059 2058 1976
2124 2125 2126
2127 2128 2129
2130 2128 2127
2128 2126 2129
2124 2126 2128
2131 2132 2133
2134 2135 2136
2137 2134 2136
2136 2135 2132
2131 2136 2132
2138 2139 2140
2138 2140 2141
2142 2143 2144
2145 2139 2138
2145 2138 2146
2140 2139 2147
2148 2149 2150
2151 2152 2153
2151 2153 2154
2153 2152 2155
2153 2155 2156
2152 2157 2158
2154 2153 2145
2154 2145 2146
2139 2145 2159
2155 2152 2158
2159 2145 2156
2147 2139 2159
2153 2156 2145
2148 2150 2157
2150 2144 2157
2148 2157 2151
2160 2157 2144
2150 2142 2144
2150 2149 2142
2151 2157 2152
2158 2157 2160
2161 2162 2138
2161 2138 2141
2163 2164 2165
2163 2165 2166
2162 2167 2146
2162 2146 2138
2161 2168 2162
2148 2169 2149
2151 2154 2170
2151 2170 2171
2170 2172 2171
2170 2173 2172
2171 2174 2175
2154 2146 2167
2154 2167 2170
2162 2176 2167
2172 2174 2171
2176 2173 2167
2168 2176 2162
2170 2167 2173
2148 2175 2169
2169 2175 2163
2148 2151 2175
2164 2163 2175
2169 2163 2166
2169 2166 2149
2151 2171 2175
2174 2164 2175
2144 2143 2160
2177 2178 2179
2177 2179 2180
2181 2182 2183
2184 2185 2181
2184 2181 2183
2186 2187 2188
2189 2179 2178
2182 2187 2186
2182 2186 2190
2191 2178 2177
2191 2177 2192
2193 2189 2178
2193 2178 2191
2185 2184 2194
2185 2194 2195
2196 2197 2198
2196 2198 2199
2191 2192 2200
2191 2200 2201
2193 2201 2202
2203 2204 2205
2206 2187 2182
2206 2182 2207
2188 2208 2192
2188 2192 2177
2205 2209 2210
2205 2210 2203
2211 2212 2213
2211 2213 2214
2215 2216 2217
2218 2214 2213
2218 2213 2219
2219 2220 2218
2221 2222 2210
2221 2210 2209
2182 2190 2183
2221 2223 2222
2224 2225 2188
2224 2188 2177
2224 2177 2180
2210 2181 2185
2210 2185 2203
2210 2222 2207
2210 2207 2181
2207 2223 2206
2203 2185 2195
2197 2184 2183
2197 2183 2198
2188 2187 2208
2183 2190 2226
2183 2226 2198
2190 2186 2225
2190 2225 2226
2194 2184 2197
2227 2192 2208
2223 2227 2208
2226 2228 2199
2226 2199 2198
2225 2228 2226
2207 2182 2181
2229 2230 2215
2229 2215 2217
2231 2212 2211
2222 2223 2207
2232 2233 2234
2230 2229 2232
2230 2232 2234
2225 2186 2188
2223 2208 2206
2208 2187 2206
2197 2235 2194
2196 2235 2197
2195 2204 2203
2191 2201 2193
2236 2179 2189
2200 2192 2227
2237 2238 2239
2237 2239 2240
2241 2242 2243
2244 2242 2241
2244 2241 2245
2246 2247 2248
2249 2240 2239
2243 2250 2246
2243 2246 2248
2251 2252 2237
2251 2237 2240
2253 2251 2240
2253 2240 2249
2245 2254 2255
2245 2255 2244
2256 2257 2258
2256 2258 2259
2251 2260 2261
2251 2261 2252
2253 2262 2260
2263 2264 2265
2266 2267 2243
2266 2243 2248
2247 2237 2252
2247 2252 2268
2264 2263 2269
2264 2269 2270
2271 2272 2273
2271 2273 2274
2275 2276 2277
2278 2279 2273
2278 2273 2272
2279 2278 2280
2281 2270 2269
2281 2269 2282
2243 2242 2250
2281 2282 2283
2284 2247 2285
2284 2238 2237
2284 2237 2247
2269 2263 2245
2269 2245 2241
2269 2241 2267
2269 2267 2282
2267 2266 2283
2263 2254 2245
2259 2258 2242
2259 2242 2244
2247 2268 2248
2242 2258 2286
2242 2286 2250
2250 2286 2285
2250 2285 2246
2255 2259 2244
2287 2268 2252
2283 2268 2287
2286 2258 2257
2286 2257 2288
2285 2286 2288
2267 2241 2243
2289 2276 2275
2289 2275 2290
2291 2271 2274
2282 2267 2283
2292 2293 2294
2290 2293 2292
2290 2292 2289
2285 2247 2246
2283 2266 2268
2268 2266 2248
2259 2255 2295
2256 2259 2295
2254 2263 2265
2251 2253 2260
2296 2249 2239
2261 2287 2252
2297 2298 2299
2300 2301 2302
2302 2301 2303
2304 2298 2297
2304 2302 2303
2302 2305 2300
2304 2297 2306
2304 2303 2298
2302 2304 2305
2305 2307 2300
2304 2308 2305
2308 2304 2306
2308 2309 2305
2307 2310 2311
2305 2310 2307
2310 2312 2311
2309 2312 2310
2305 2309 2310
2308 2306 2309
2313 2309 2314
2312 2309 2313
2315 2316 2317
2315 2317 2318
2318 2319 2320
2318 2320 2315
2318 2317 2321
2318 2321 2322
2299 2323 2297
2324 2320 2319
2324 2319 2299
2323 2299 2319
2319 2318 2323
2325 2323 2322
2326 2327 2328
2326 2328 2329
2329 2328 2330
2325 2306 2297
2327 2314 2306
2327 2306 2325
2326 2313 2314
2326 2314 2327
2328 2321 2330
2322 2328 2327
2321 2328 2322
2297 2323 2325
2331 2332 2333
2333 2334 2331
2324 2299 2335
2324 2335 2336
2336 2335 2333
2336 2333 2337
2335 2334 2333
2298 2335 2299
2334 2335 2298
2298 2303 2334
2334 2338 2339
2338 2340 2341
2338 2342 2339
2303 2338 2334
2338 2343 2342
2338 2301 2340
2301 2300 2340
2301 2338 2303
2341 2343 2338
2331 2344 2345
2331 2345 2332
2344 2331 2339
2344 2339 2346
2339 2342 2347
2339 2347 2346
2348 2349 2347
2348 2347 2342
2342 2343 2348
2323 2318 2322
2350 2351 2352
2353 2354 2355
2354 2356 2355
2357 2350 2352
2357 2356 2354
2354 2353 2358
2357 2359 2350
2357 2352 2356
2354 2358 2357
2358 2353 2360
2357 2358 2361
2361 2359 2357
2361 2358 2362
2360 2363 2364
2358 2360 2364
2364 2363 2365
2362 2364 2365
2358 2364 2362
2361 2362 2359
2366 2367 2362
2365 2366 2362
2315 2368 2369
2315 2369 2316
2370 2368 2315
2370 2315 2320
2369 2368 2371
2369 2371 2372
2351 2350 2373
2320 2324 2351
2320 2351 2370
2373 2370 2351
2370 2373 2368
2374 2371 2373
2375 2376 2377
2375 2377 2378
2377 2379 2378
2374 2350 2359
2374 2359 2367
2374 2367 2375
2366 2376 2375
2366 2375 2367
2378 2379 2372
2374 2375 2371
2372 2371 2378
2350 2374 2373
2380 2381 2332
2381 2380 2382
2336 2383 2351
2336 2351 2324
2336 2337 2381
2336 2381 2383
2383 2381 2382
2352 2351 2383
2382 2352 2383
2352 2382 2356
2382 2384 2385
2385 2386 2387
2385 2384 2388
2356 2382 2385
2385 2388 2389
2385 2387 2355
2355 2387 2353
2355 2356 2385
2386 2385 2389
2332 2345 2390
2332 2390 2380
2390 2391 2384
2390 2384 2380
2388 2384 2391
2388 2391 2392
2392 2393 2394
2392 2394 2388
2388 2394 2389
2373 2371 2368
2331 2334 2339
2382 2380 2384
2333 2332 2337
2332 2381 2337
2309 2306 2314
2359 2362 2367
2395 2396 2397
2398 2399 2400
2398 2400 2401
2395 2397 2402
2395 2402 2399
2403 2396 2404
2405 2406 2400
2405 2400 2407
2408 2406 2405
2404 2307 2311
2396 2307 2404
2300 2307 2396
2395 2399 2398
2395 2398 2409
2400 2406 2410
2400 2410 2401
2406 2411 2410
2412 2411 2408
2412 2408 2413
2408 2411 2406
2409 2414 2395
2395 2415 2396
2414 2416 2348
2414 2348 2343
2340 2300 2415
2340 2415 2341
2415 2300 2396
2417 2416 2409
2417 2409 2418
2410 2411 2419
2410 2419 2420
2421 2419 2411
2421 2411 2412
2422 2423 2398
2422 2398 2401
2410 2420 2422
2410 2422 2401
2416 2417 2349
2416 2349 2348
2398 2423 2418
2398 2418 2409
2416 2414 2409
2395 2414 2415
2414 2343 2341
2414 2341 2415
2400 2399 2402
2424 2425 2426
2427 2428 2429
2427 2429 2430
2424 2430 2431
2424 2431 2425
2432 2433 2426
2434 2435 2429
2434 2429 2436
2437 2434 2436
2433 2438 2439
2426 2433 2439
2440 2426 2439
2424 2441 2427
2424 2427 2430
2429 2428 2442
2429 2442 2436
2436 2442 2443
2444 2445 2437
2444 2437 2443
2437 2436 2443
2441 2424 2446
2424 2426 2447
2446 2448 2449
2446 2449 2450
2451 2447 2440
2451 2452 2447
2447 2426 2440
2453 2454 2441
2453 2441 2450
2442 2455 2456
2442 2456 2443
2457 2444 2443
2457 2443 2456
2458 2428 2427
2458 2427 2459
2442 2428 2458
2442 2458 2455
2450 2449 2460
2450 2460 2453
2427 2441 2454
2427 2454 2459
2450 2441 2446
2424 2447 2446
2446 2447 2452
2446 2452 2448
2429 2435 2431
2461 2462 2463
2463 2464 2465
2463 2465 2461
2466 2467 2468
2466 2468 2469
2470 2471 2472
2470 2472 2473
2474 2475 2476
2474 2476 2477
2471 2474 2477
2471 2477 2472
2473 2467 2466
2473 2466 2470
2478 2476 2475
2478 2475 2479
2480 2481 2482
2480 2482 2483
2484 2481 2480
2484 2480 2485
2481 2486 2487
2481 2487 2482
2488 2489 2490
2488 2484 2485
2488 2485 2491
2490 2484 2488
2486 2481 2484
2486 2484 2490
2490 2489 2492
2490 2492 2486
2493 2494 2495
2493 2495 2496
2497 2498 2499
2492 2489 2500
2465 2501 2492
2465 2492 2500
2501 2465 2464
2501 2464 2502
2499 2498 2487
2492 2501 2499
2492 2499 2486
2487 2486 2499
2503 2504 2478
2503 2478 2479
2505 2506 2507
2505 2507 2508
2506 2504 2503
2506 2503 2507
2509 2510 2511
2509 2511 2512
2511 2513 2514
2511 2514 2512
2509 2515 2516
2509 2516 2510
2469 2468 2517
2518 2519 2520
2518 2521 2522
2518 2520 2521
2523 2524 2518
2525 2526 2527
2528 2529 2530
2531 2529 2525
2531 2525 2527
2532 2530 2529
2532 2529 2533
2534 2530 2532
2534 2532 2535
2519 2534 2535
2527 2526 2536
2528 2519 2518
2524 2537 2518
2528 2534 2519
2518 2537 2528
2528 2537 2525
2528 2525 2529
2530 2534 2528
2518 2522 2523
2538 2524 2523
2526 2525 2537
2533 2529 2531
2539 2540 2541
2540 2539 2542
2540 2542 2543
2544 2545 2546
2544 2546 2547
2548 2549 2550
2548 2550 2551
2552 2553 2554
2552 2554 2555
2551 2550 2553
2551 2553 2552
2549 2548 2544
2549 2544 2547
2556 2557 2555
2556 2555 2554
2558 2559 2560
2558 2560 2561
2562 2563 2558
2562 2558 2561
2561 2560 2564
2561 2564 2565
2566 2567 2568
2566 2569 2563
2566 2563 2562
2567 2566 2562
2565 2567 2562
2565 2562 2561
2567 2565 2570
2567 2570 2568
2571 2572 2573
2571 2573 2574
2575 2576 2577
2570 2578 2568
2542 2578 2570
2542 2570 2574
2574 2579 2543
2574 2543 2542
2576 2564 2577
2570 2565 2576
2570 2576 2574
2564 2576 2565
2580 2557 2556
2580 2556 2581
2582 2583 2584
2582 2584 2585
2585 2584 2580
2585 2580 2581
2586 2587 2588
2586 2588 2589
2588 2587 2590
2588 2590 2591
2586 2589 2592
2586 2592 2593
2545 2594 2546
2595 2596 2597
2595 2598 2599
2595 2599 2596
2600 2595 2601
2602 2603 2604
2605 2606 2607
2608 2602 2607
2608 2603 2602
2609 2610 2607
2609 2607 2606
2611 2612 2609
2611 2609 2606
2597 2612 2611
2603 2613 2604
2605 2595 2597
2601 2595 2614
2605 2597 2611
2595 2605 2614
2605 2607 2602
2605 2602 2614
2606 2605 2611
2595 2600 2598
2615 2600 2601
2604 2614 2602
2610 2608 2607
2322 2327 2325
2371 2375 2378
2616 2402 2397
2616 2397 2403
2397 2396 2403
2400 2402 2407
2407 2402 2616
2425 2431 2617
2425 2617 2432
2429 2431 2430
2431 2435 2617
2426 2425 2432
2618 2619 2620
2620 2619 2621
2620 2621 2622
2621 2623 2624
2621 2624 2622
2625 2624 2623
2625 2623 2626
2625 2627 2624
2628 2629 2630
2628 2631 2632
2628 2632 2629
2632 2631 2633
2632 2633 2634
2635 2636 2634
2635 2634 2633
2633 2637 2635
2638 2639 2640
2638 2640 2641
2638 2642 2643
2644 2645 2640
2644 2640 2639
2646 2647 2648
2646 2648 2639
2649 2639 2650
2651 2639 2648
2652 2638 2641
2638 2643 2646
2638 2646 2639
2642 2638 2652
2650 2639 2651
2644 2639 2649
2653 2654 2655
2653 2655 2656
2657 2658 2659
2657 2659 2660
2661 2662 2663
2661 2663 2664
2665 2666 2667
2665 2667 2668
2669 2670 2671
2669 2671 2672
2673 2674 2675
2676 2677 2678
2676 2678 2679
2680 2681 2682
2683 2684 2685
2683 2685 2686
2681 2655 2654
2681 2654 2682
2687 2688 2689
2687 2689 2690
2664 2673 2675
2664 2675 2661
2691 2692 2693
2691 2693 2694
2691 2695 2696
2697 2694 2693
2697 2693 2698
2699 2694 2700
2699 2700 2701
2702 2703 2694
2704 2700 2694
2705 2692 2691
2691 2694 2699
2691 2699 2695
2696 2705 2691
2703 2704 2694
2697 2702 2694
2706 2707 2708
2706 2708 2709
2710 2711 2712
2710 2712 2713
2714 2715 2716
2714 2716 2717
2718 2719 2720
2718 2720 2721
2722 2723 2724
2722 2724 2725
2726 2727 2728
2729 2730 2731
2729 2731 2732
2733 2734 2735
2736 2737 2738
2736 2738 2739
2735 2734 2709
2735 2709 2708
2740 2741 2742
2740 2742 2743
2715 2714 2727
2715 2727 2726
2744 2745 2746
2747 2748 2749
2745 2750 2751
2745 2751 2752
2753 2754 2755
2753 2755 2756
2757 2758 2759
2757 2759 2760
2761 2762 2763
2761 2763 2764
2765 2756 2766
2765 2766 2767
2768 2769 2770
2768 2770 2771
2772 2773 2774
2772 2774 2775
2776 2777 2778
2776 2778 2779
2780 2781 2782
2783 2784 2785
2783 2785 2786
2787 2788 2789
2787 2789 2790
2791 2792 2790
2791 2790 2766
2793 2794 2795
2793 2795 2796
2797 2798 2799
2791 2772 2775
2800 2801 2802
2800 2802 2803
2798 2797 2804
2767 2766 2790
2767 2790 2789
2767 2780 2746
2767 2746 2765
2798 2805 2806
2798 2806 2799
2807 2808 2805
2809 2810 2811
2809 2811 2812
2794 2813 2814
2794 2814 2758
2789 2781 2780
2789 2780 2767
2810 2809 2807
2815 2772 2791
2815 2791 2755
2774 2816 2817
2774 2817 2775
2795 2794 2758
2807 2809 2818
2807 2818 2808
2787 2790 2792
2787 2792 2819
2766 2756 2755
2766 2755 2791
2809 2812 2820
2809 2820 2818
2817 2821 2819
2817 2819 2792
2822 2759 2758
2822 2758 2814
2823 2824 2825
2823 2825 2826
2813 2794 2793
2815 2755 2754
2815 2754 2777
2762 2806 2805
2762 2805 2763
2827 2750 2745
2827 2745 2744
2828 2753 2752
2828 2752 2751
2821 2817 2816
2822 2814 2829
2822 2829 2830
2829 2814 2813
2829 2813 2747
2831 2829 2747
2831 2747 2749
2770 2830 2829
2770 2829 2771
2813 2832 2747
2778 2777 2754
2778 2754 2833
2769 2768 2825
2769 2825 2824
2834 2815 2777
2834 2777 2776
2825 2768 2834
2825 2834 2776
2768 2771 2773
2768 2773 2834
2773 2771 2831
2773 2831 2774
2826 2825 2776
2826 2776 2779
2833 2754 2753
2833 2753 2828
2749 2748 2816
2816 2774 2831
2816 2831 2749
2771 2829 2831
2815 2834 2773
2815 2773 2772
2806 2762 2744
2806 2744 2835
2835 2782 2799
2835 2799 2806
2827 2744 2762
2827 2762 2761
2805 2836 2763
2805 2808 2836
2837 2797 2799
2782 2837 2799
2798 2807 2805
2745 2752 2765
2745 2765 2746
2756 2765 2752
2756 2752 2753
2780 2835 2746
2817 2792 2775
2792 2791 2775
2835 2744 2746
2807 2798 2804
2804 2810 2807
2835 2780 2782
2748 2821 2816
2832 2813 2793
2757 2795 2758
2838 2839 2840
2841 2842 2843
2844 2845 2846
2847 2848 2849
2850 2851 2852
2853 2854 2855
2856 2857 2858
2859 2860 2861
2862 2863 2864
2865 2866 2867
2868 2869 2870
2871 2872 2873
2862 2874 2875
2862 2875 2863
2876 2857 2856
2876 2856 2877
2878 2879 2848
2878 2848 2847
2844 2880 2881
2844 2881 2845
2882 2883 2854
2882 2854 2853
2871 2884 2885
2871 2885 2872
2886 2887 2860
2886 2860 2859
2866 2865 2888
2866 2888 2889
2842 2841 2890
2842 2890 2891
2851 2850 2892
2851 2892 2893
2839 2838 2894
2839 2894 2895
2896 2869 2868
2896 2868 2897
2832 2748 2747
2898 2899 2900
2901 2902 2903
2900 2904 2905
2900 2905 2906
2907 2908 2909
2907 2909 2910
2911 2912 2913
2911 2913 2914
2915 2916 2917
2915 2917 2918
2919 2920 2921
2919 2921 2908
2922 2923 2924
2922 2924 2925
2926 2927 2928
2926 2928 2929
2930 2931 2932
2930 2932 2933
2934 2935 2936
2937 2938 2939
2937 2939 2940
2941 2942 2943
2941 2943 2944
2945 2921 2942
2945 2942 2946
2947 2948 2949
2947 2949 2950
2951 2952 2953
2945 2927 2926
2954 2955 2956
2954 2956 2957
2953 2958 2951
2920 2943 2942
2920 2942 2921
2920 2919 2899
2920 2899 2934
2953 2952 2959
2953 2959 2960
2961 2960 2962
2963 2964 2965
2963 2965 2966
2950 2914 2967
2950 2967 2968
2943 2920 2934
2943 2934 2936
2966 2961 2963
2969 2909 2945
2969 2945 2926
2928 2927 2970
2928 2970 2971
2949 2914 2950
2961 2962 2972
2961 2972 2963
2941 2973 2946
2941 2946 2942
2921 2945 2909
2921 2909 2908
2963 2972 2974
2963 2974 2964
2970 2946 2973
2970 2973 2975
2976 2967 2914
2976 2914 2913
2977 2978 2979
2977 2979 2980
2968 2947 2950
2969 2933 2910
2969 2910 2909
2918 2917 2960
2918 2960 2959
2981 2898 2900
2981 2900 2906
2982 2905 2904
2982 2904 2907
2975 2971 2970
2976 2983 2984
2976 2984 2967
2984 2901 2968
2984 2968 2967
2985 2902 2901
2985 2901 2984
2924 2923 2984
2924 2984 2983
2968 2901 2986
2932 2987 2910
2932 2910 2933
2925 2980 2979
2925 2979 2922
2988 2930 2933
2988 2933 2969
2979 2930 2988
2979 2988 2922
2922 2988 2929
2922 2929 2923
2929 2928 2985
2929 2985 2923
2978 2931 2930
2978 2930 2979
2987 2982 2907
2987 2907 2910
2902 2971 2903
2971 2902 2985
2971 2985 2928
2923 2985 2984
2969 2926 2929
2969 2929 2988
2959 2989 2898
2959 2898 2918
2989 2959 2952
2989 2952 2935
2981 2915 2918
2981 2918 2898
2960 2917 2990
2960 2990 2962
2991 2952 2951
2935 2952 2991
2953 2960 2961
2900 2899 2919
2900 2919 2904
2908 2907 2904
2908 2904 2919
2934 2899 2989
2970 2927 2946
2946 2927 2945
2989 2899 2898
2961 2958 2953
2958 2961 2966
2989 2935 2934
2903 2971 2975
2986 2947 2968
2911 2914 2949
2992 2993 2994
2995 2996 2997
2998 2999 3000
3001 3002 3003
3004 3005 3006
3007 3008 3009
3010 3011 3012
3013 3014 3015
3016 3017 3018
3019 3020 3021
3022 3023 3024
3025 3026 3027
3016 3018 3028
3016 3028 3029
3030 3031 3010
3030 3010 3012
3032 3001 3003
3032 3003 3033
2998 3000 3034
2998 3034 3035
3036 3007 3009
3036 3009 3037
3025 3027 3038
3025 3038 3039
3040 3013 3015
3040 3015 3041
3021 3042 3043
3021 3043 3019
2997 3044 3045
2997 3045 2995
3006 3046 3047
3006 3047 3004
2994 3048 3049
2994 3049 2992
3050 3051 3022
3050 3022 3024
2986 2901 2903
2836 2808 3052
2836 3052 3053
2820 3054 3055
2820 3055 2818
2808 2818 3055
2808 3055 3052
2836 3053 3056
2836 3056 2763
2763 3056 3057
2763 3057 2764
3058 3053 3052
3058 3052 3059
3054 3060 3061
3054 3061 3055
3055 3061 3059
3055 3059 3052
3056 3053 3058
3056 3058 3062
3057 3056 3062
3057 3062 3063
3064 3065 3066
3067 3065 3064
3067 3064 3068
3069 3070 3071
3072 3073 3069
3072 3069 3071
3074 3075 3076
3077 3078 3076
3079 3080 3076
3081 3082 3076
3083 3084 3076
3085 3086 3076
3087 3088 3076
3089 3090 3076
3078 3091 3076
3092 3093 3076
3086 3094 3076
3095 3096 3076
3097 3098 3076
3099 3100 3076
3101 3102 3076
3103 3104 3076
3082 3105 3076
3106 3107 3076
3080 3108 3076
3109 3110 3076
3111 3083 3076
3112 3113 3076
3114 3112 3076
3115 3089 3076
3116 3117 3076
3118 3119 3076
3120 3077 3076
3075 3121 3076
3098 3081 3076
3093 3079 3076
3088 3085 3076
3084 3095 3076
3090 3118 3076
3122 3087 3076
3121 3092 3076
3091 3123 3076
3096 3074 3076
3094 3124 3076
3100 3125 3076
3104 3097 3076
3124 3103 3076
3102 3120 3076
3107 3101 3076
3105 3116 3076
3125 3109 3076
3108 3122 3076
3113 3106 3076
3123 3111 3076
3126 3115 3076
3110 3114 3076
3119 3099 3076
3117 3126 3076
3127 3128 3129
3130 3128 3131
3132 3128 3133
3134 3128 3135
3136 3128 3137
3138 3128 3139
3140 3128 3141
3142 3128 3143
3131 3128 3144
3145 3128 3146
3139 3128 3147
3148 3128 3149
3150 3128 3151
3152 3128 3153
3154 3128 3155
3156 3128 3157
3135 3128 3158
3159 3128 3160
3133 3128 3161
3162 3128 3163
3164 3128 3136
3165 3128 3166
3167 3128 3165
3168 3128 3142
3169 3128 3170
3171 3128 3172
3173 3128 3130
3129 3128 3174
3151 3128 3134
3146 3128 3132
3141 3128 3138
3137 3128 3148
3143 3128 3171
3175 3128 3140
3174 3128 3145
3144 3128 3176
3149 3128 3127
3147 3128 3177
3153 3128 3178
3157 3128 3150
3177 3128 3156
3155 3128 3173
3160 3128 3154
3158 3128 3169
3178 3128 3162
3161 3128 3175
3166 3128 3159
3176 3128 3164
3179 3128 3168
3163 3128 3167
3172 3128 3152
3170 3128 3179
3180 3181 3182
3180 3182 3183
3182 3181 3184
3184 3185 3186
3184 3186 3182
3186 3185 3187
3187 3188 3189
3187 3189 3186
3189 3188 3190
3191 3189 3190
3191 3190 3192
3191 3192 3193
3194 3191 3193
3194 3193 3195
3194 3195 3196
3183 3194 3196
3183 3196 3197
3198 3183 3182
3198 3182 3186
3198 3186 3189
3198 3189 3191
3198 3191 3194
3183 3197 3180
3198 3194 3183
3199 3200 3201
3199 3201 3202
3201 3200 3203
3203 3204 3205
3203 3205 3201
3205 3204 3206
3206 3207 3208
3206 3208 3205
3208 3207 3209
3210 3208 3209
3210 3209 3211
3210 3211 3212
3213 3210 3212
3213 3212 3214
3213 3214 3215
3202 3213 3215
3202 3215 3216
3217 3202 3201
3217 3201 3205
3217 3205 3208
3217 3208 3210
3217 3210 3213
3202 3216 3199
3217 3213 3202
3218 3219 3220
3218 3220 3221
3220 3219 3222
3222 3223 3224
3222 3224 3220
3224 3223 3225
3225 3226 3227
3225 3227 3224
3227 3226 3228
3229 3227 3228
3229 3228 3230
3229 3230 3231
3232 3229 3231
3232 3231 3233
3232 3233 3234
3221 3232 3234
3221 3234 3235
3236 3221 3220
3236 3220 3224
3236 3224 3227
3236 3227 3229
3236 3229 3232
3221 3235 3218
3236 3232 3221
3237 3238 3239
3240 3241 3242
3240 3242 3243
3243 3244 3245
3243 3245 3240
3246 3247 3248
3246 3248 3249
3250 3251 3252
3250 3252 3253
3254 3255 3256
3254 3256 3257
3258 3251 3250
3258 3250 3259
3259 3260 3261
3259 3261 3258
3244 3261 3260
3244 3260 3245
3249 3248 3242
3249 3242 3241
3254 3257 3253
3254 3253 3252
3239 3262 3263
3239 3263 3237
3262 3264 3265
3262 3265 3263
3264 3266 3267
3264 3267 3265
3268 3267 3266
3269 3270 3271
3272 3273 3274
3272 3274 3275
3273 3272 3276
3273 3276 3277
3278 3279 3280
3278 3280 3281
3282 3283 3284
3282 3284 3285
3286 3287 3288
3286 3288 3289
3290 3291 3282
3290 3282 3285
3291 3290 3292
3291 3292 3293
3277 3276 3293
3277 3293 3292
3279 3275 3274
3279 3274 3280
3286 3284 3283
3286 3283 3287
3270 3269 3294
3270 3294 3295
3295 3294 3296
3295 3296 3297
3297 3296 3298
3297 3298 3299
3300 3299 3298
3301 3302 3303
3304 3305 3306
3304 3306 3307
3308 3309 3310
3308 3310 3311
3312 3313 3306
3312 3306 3305
3314 3315 3311
3314 3311 3310
3316 3317 3318
3316 3318 3319
3320 3321 3322
3320 3322 3323
3317 3316 3324
3317 3324 3325
3325 3324 3315
3325 3315 3314
3304 3307 3309
3304 3309 3308
3323 3313 3312
3323 3312 3320
3326 3301 3303
3326 3303 3327
3328 3326 3327
3328 3327 3329
3329 3330 3331
3329 3331 3328
3332 3331 3330
3333 3334 3335
3336 3337 3338
3336 3338 3339
3340 3341 3342
3340 3342 3343
3344 3339 3338
3344 3338 3345
3346 3342 3341
3346 3341 3347
3348 3349 3350
3348 3350 3351
3352 3353 3354
3352 3354 3355
3351 3356 3357
3351 3357 3348
3356 3346 3347
3356 3347 3357
3336 3340 3343
3336 3343 3337
3353 3352 3344
3353 3344 3345
3358 3359 3334
3358 3334 3333
3360 3361 3359
3360 3359 3358
3361 3360 3362
3361 3362 3363
3364 3363 3362
3365 3366 3367
3367 3368 3369
3370 3367 3369
3370 3369 3371
3370 3371 3372
3373 3370 3372
3373 3372 3374
3373 3374 3375
3376 3373 3375
3376 3375 3377
3376 3377 3378
3379 3376 3378
3379 3378 3380
3379 3380 3381
3366 3379 3381
3366 3381 3382
3366 3382 3383
3365 3367 3370
3365 3370 3373
3365 3373 3376
3365 3376 3379
3365 3379 3366
3367 3366 3383
3367 3383 3368
3384 3385 3386
3385 3387 3388
3389 3390 3387
3389 3387 3385
3389 3391 3390
3392 3393 3391
3392 3391 3389
3392 3394 3393
3395 3396 3394
3395 3394 3392
3395 3397 3396
3398 3399 3397
3398 3397 3395
3398 3400 3399
3386 3401 3400
3386 3400 3398
3386 3402 3401
3384 3389 3385
3384 3392 3389
3384 3395 3392
3384 3398 3395
3384 3386 3398
3385 3388 3402
3385 3402 3386
3403 3404 3405
3406 3407 3408
3409 3410 3411
3409 3411 3412
3413 3414 3415
3413 3415 3416
3417 3418 3419
3417 3419 3420
3421 3422 3423
3421 3423 3424
3425 3426 3427
3425 3427 3428
3429 3430 3431
3429 3431 3432
3433 3434 3435
3433 3435 3436
3437 3438 3439
3437 3439 3440
3441 3442 3443
3441 3443 3444
3445 3446 3447
3445 3447 3448
3449 3450 3451
3449 3451 3452
3453 3454 3455
3453 3455 3456
3457 3458 3459
3457 3459 3460
3461 3462 3463
3461 3463 3464
3465 3466 3467
3465 3467 3468
3469 3470 3471
3469 3471 3472
3473 3474 3475
3473 3475 3476
3477 3478 3479
3477 3479 3480
3481 3482 3483
3481 3483 3484
3485 3486 3487
3485 3487 3488
3489 3490 3491
3489 3491 3492
3493 3494 3495
3493 3495 3496
3497 3498 3499
3497 3499 3500
3501 3502 3503
3501 3503 3504
3505 3501 3504
3506 3498 3507
3506 3507 3508
3509 3493 3496
3510 3490 3489
3511 3487 3486
3512 3482 3481
3480 3479 3513
3514 3474 3473
3515 3470 3469
3516 3517 3518
3516 3518 3519
3520 3521 3519
3520 3519 3522
3499 3498 3506
3499 3506 3523
3524 3468 3467
3525 3464 3463
3526 3460 3459
3527 3453 3456
3528 3450 3449
3529 3530 3531
3532 3447 3446
3405 3443 3442
3405 3442 3403
3533 3534 3535
3533 3535 3536
3533 3536 3537
3538 3539 3540
3538 3540 3541
3539 3538 3542
3543 3440 3439
3544 3434 3433
3545 3431 3430
3546 3426 3425
3547 3423 3422
3418 3417 3531
3530 3418 3531
3548 3412 3411
3548 3411 3549
3412 3548 3550
3551 3474 3552
3412 3553 3409
3554 3555 3556
3554 3556 3557
3555 3554 3407
3558 3516 3519
3558 3519 3521
3423 3559 3560
3423 3560 3424
3561 3423 3547
3562 3490 3563
3564 3502 3501
3564 3501 3565
3566 3501 3505
3567 3493 3568
3470 3569 3570
3470 3570 3471
3571 3470 3515
3519 3518 3572
3519 3572 3522
3475 3474 3551
3475 3551 3573
3552 3474 3514
3574 3556 3555
3574 3555 3575
3576 3419 3418
3576 3418 3577
3577 3418 3530
3578 3579 3477
3578 3477 3480
3483 3482 3580
3483 3580 3581
3582 3482 3512
3583 3416 3415
3583 3415 3584
3487 3585 3586
3487 3586 3488
3587 3487 3511
3559 3423 3561
3490 3562 3588
3490 3588 3491
3563 3490 3510
3565 3501 3566
3589 3494 3493
3589 3493 3567
3568 3493 3509
3569 3470 3571
3406 3555 3407
3575 3555 3406
3550 3553 3412
3585 3487 3587
3590 3480 3513
3578 3480 3590
3580 3482 3582
3591 3498 3497
3592 3583 3584
3508 3507 3593
3508 3593 3594
3522 3572 3595
3591 3593 3507
3507 3498 3591
3596 3597 3598
3599 3600 3601
3602 3603 3604
3605 3606 3607
3608 3609 3610
3611 3612 3613
3614 3615 3616
3617 3618 3619
3620 3621 3622
3623 3624 3625
3626 3627 3628
3629 3630 3631
3632 3633 3634
3635 3618 3617
3636 3614 3637
3638 3639 3640
3599 3597 3641
3624 3623 3642
3643 3622 3621
3612 3611 3644
3638 3645 3639
3609 3608 3640
3646 3606 3605
3604 3603 3647
3600 3599 3647
3635 3621 3618
3603 3602 3648
3639 3645 3649
3650 3651 3652
3617 3615 3653
3614 3654 3637
3630 3629 3655
3656 3597 3596
3633 3632 3657
3632 3627 3658
3626 3659 3627
3626 3624 3642
3660 3622 3643
3623 3622 3660
3642 3623 3660
3629 3612 3644
3596 3633 3657
3656 3596 3657
3641 3597 3656
3635 3617 3653
3661 3611 3638
3644 3611 3661
3639 3609 3640
3662 3606 3646
3608 3606 3662
3646 3605 3604
3605 3602 3604
3603 3600 3647
3655 3629 3644
3659 3658 3627
3642 3659 3626
3657 3632 3658
3647 3599 3641
3640 3608 3662
3638 3611 3645
3636 3653 3615
3636 3615 3614
3663 3664 3665
3663 3665 3666
3667 3668 3669
3667 3669 3670
3671 3672 3673
3671 3673 3674
3675 3666 3665
3675 3665 3676
3675 3677 3678
3675 3678 3666
3679 3680 3681
3679 3681 3682
3683 3669 3684
3683 3685 3670
3683 3670 3669
3686 3687 3683
3686 3683 3684
3688 3689 3690
3691 3692 3690
3693 3694 3668
3693 3668 3667
3679 3672 3671
3679 3671 3680
3690 3692 3675
3690 3675 3676
3677 3675 3692
3677 3692 3695
3696 3697 3694
3694 3693 3698
3694 3698 3696
3696 3699 3700
3696 3700 3697
3701 3702 3674
3701 3674 3673
3703 3704 3691
3703 3691 3689
3696 3698 3705
3696 3705 3699
3683 3687 3706
3683 3706 3685
3664 3663 3707
3664 3707 3708
3697 3709 3668
3697 3668 3694
3692 3691 3704
3692 3704 3695
3709 3684 3669
3709 3669 3668
3707 3663 3666
3707 3666 3678
3665 3664 3710
3690 3689 3691
3711 3712 3713
3711 3714 3712
3715 3716 3717
3715 3717 3718
3719 3720 3721
3719 3721 3722
3723 3724 3712
3723 3712 3714
3723 3714 3725
3723 3725 3726
3727 3728 3729
3727 3729 3730
3731 3732 3717
3731 3717 3716
3731 3716 3733
3734 3732 3731
3734 3731 3735
3736 3737 3738
3739 3737 3740
3741 3715 3718
3741 3718 3742
3727 3730 3719
3727 3719 3722
3737 3724 3723
3737 3723 3740
3726 3743 3740
3726 3740 3723
3744 3742 3745
3742 3744 3746
3742 3746 3741
3744 3745 3747
3744 3747 3748
3749 3721 3720
3749 3720 3750
3751 3738 3739
3751 3739 3752
3744 3748 3753
3744 3753 3746
3731 3733 3754
3731 3754 3735
3713 3755 3756
3713 3756 3711
3745 3742 3718
3745 3718 3757
3740 3743 3752
3740 3752 3739
3757 3718 3717
3757 3717 3732
3756 3725 3714
3756 3714 3711
3712 3758 3713
3737 3739 3738
3759 3760 3761
3759 3761 3762
3763 3759 3762
3763 3762 3764
3764 3765 3763
3766 3767 3768
3766 3768 3769
3766 3765 3767
3768 3770 3769
3771 3772 3773
3771 3773 3774
3775 3771 3776
3775 3776 3777
3775 3778 3772
3775 3772 3771
3768 3778 3770
3767 3765 3764
3770 3778 3775
3779 3780 3781
3779 3781 3782
3783 3782 3781
3783 3781 3784
3783 3784 3785
3786 3787 3788
3786 3788 3789
3786 3789 3785
3788 3787 3790
3791 3792 3793
3791 3793 3794
3795 3796 3797
3794 3793 3798
3794 3798 3799
3788 3790 3798
3789 3783 3785
3790 3799 3798
3800 3801 3802
3800 3802 3803
3804 3805 3806
3804 3806 3807
3808 3802 3801
3808 3801 3809
3810 3806 3805
3810 3805 3811
3812 3813 3814
3812 3814 3815
3811 3816 3817
3811 3817 3810
3818 3812 3815
3818 3815 3819
3820 3817 3816
3820 3816 3821
3819 3822 3823
3819 3823 3818
3808 3809 3814
3808 3814 3813
3823 3822 3824
3823 3824 3825
3821 3826 3827
3821 3827 3820
3828 3829 3830
3828 3830 3831
3832 3833 3834
3832 3834 3835
3827 3826 3835
3827 3835 3834
3836 3837 3838
3836 3838 3839
3840 3836 3839
3840 3839 3841
3842 3838 3837
3842 3837 3843
3844 3845 3846
3844 3846 3847
3848 3849 3850
3848 3850 3851
3852 3853 3854
3852 3854 3855
3856 3857 3853
3856 3853 3852
3858 3859 3860
3858 3860 3861
3860 3859 3862
3860 3862 3863
3857 3861 3860
3857 3860 3853
3863 3854 3853
3863 3853 3860
3864 3761 3760
3864 3760 3865
3864 3865 3866
3864 3866 3867
3867 3866 3868
3869 3870 3871
3869 3871 3872
3872 3871 3868
3870 3869 3873
3874 3774 3773
3874 3773 3875
3876 3877 3878
3879 3874 3875
3879 3875 3880
3870 3873 3880
3871 3867 3868
3873 3879 3880
3881 3780 3779
3881 3779 3882
3882 3883 3884
3882 3884 3881
3883 3885 3884
3886 3887 3888
3886 3888 3889
3886 3885 3887
3888 3890 3889
3891 3792 3791
3891 3791 3892
3893 3892 3894
3893 3894 3895
3891 3892 3893
3891 3893 3896
3888 3896 3890
3887 3885 3883
3890 3896 3893
3800 3803 3897
3800 3897 3898
3899 3804 3807
3899 3807 3900
3901 3898 3897
3901 3897 3902
3900 3903 3904
3900 3904 3899
3905 3906 3907
3905 3907 3908
3909 3910 3904
3909 3904 3903
3911 3906 3905
3911 3905 3912
3913 3910 3909
3913 3909 3914
3915 3911 3912
3915 3912 3916
3902 3908 3907
3902 3907 3901
3917 3915 3916
3917 3916 3918
3919 3920 3913
3919 3913 3914
3921 3922 3830
3921 3830 3829
3923 3924 3925
3923 3925 3926
3927 3928 3929
3927 3929 3930
3931 3932 3929
3931 3929 3928
3933 3934 3932
3933 3932 3931
3930 3935 3936
3930 3936 3927
3926 3925 3920
3926 3920 3919
3937 3938 3845
3937 3845 3844
3937 3842 3843
3937 3843 3938
3855 3939 3940
3855 3940 3852
3856 3852 3940
3856 3940 3941
3942 3943 3944
3942 3944 3945
3943 3942 3946
3943 3946 3947
3940 3942 3945
3940 3945 3941
3942 3940 3939
3942 3939 3946
3948 3850 3849
3948 3849 3949
3841 3847 3846
3841 3846 3840
3874 3879 3877
3874 3877 3876
3950 3777 3776
3799 3796 3795
3799 3795 3794
3951 3895 3894
3952 3953 3954
3952 3954 3955
3956 3952 3955
3956 3955 3957
3957 3958 3959
3957 3959 3956
3954 3953 3960
3954 3960 3961
3962 3963 3964
3962 3964 3965
3966 3967 3963
3966 3963 3962
3967 3966 3968
3969 3970 3971
3969 3971 3972
3969 3972 3968
3971 3970 3973
3974 3975 3976
3974 3976 3977
3978 3979 3980
3978 3980 3974
3978 3974 3977
3978 3977 3981
3971 3973 3981
3972 3967 3968
3973 3978 3981
3982 3983 3984
3982 3984 3985
3986 3987 3984
3986 3984 3983
3986 3988 3987
3989 3990 3991
3989 3991 3992
3989 3988 3990
3991 3993 3992
3994 3995 3996
3994 3996 3997
3998 3999 4000
3995 4001 4002
3995 4002 3996
3991 4002 3993
3990 3988 3986
3993 4002 4001
4003 4004 4005
4003 4005 4006
4007 4008 4009
4007 4009 4010
4011 4012 4006
4011 4006 4005
4013 4014 4010
4013 4010 4009
4015 4016 4017
4015 4017 4018
4014 4013 4019
4014 4019 4020
4021 4022 4016
4021 4016 4015
4023 4024 4020
4023 4020 4019
4022 4021 4025
4022 4025 4026
4011 4018 4017
4011 4017 4012
4025 4027 4028
4025 4028 4026
4024 4023 4029
4024 4029 4030
4031 4032 4033
4031 4033 4034
4035 4036 4037
4035 4037 4038
4029 4037 4036
4029 4036 4030
4039 4040 4041
4039 4041 4042
4043 4044 4040
4043 4040 4039
4045 4046 4042
4045 4042 4041
4047 4048 4049
4047 4049 4050
4051 4052 4053
4051 4053 4054
4055 4056 4057
4055 4057 4058
4059 4055 4058
4059 4058 4060
4061 4062 4063
4061 4063 4064
4063 4065 4066
4063 4066 4064
4060 4058 4063
4060 4063 4062
4065 4063 4058
4065 4058 4057
4067 4068 3965
4067 3965 3964
4067 4069 4070
4067 4070 4068
4069 4071 4070
4072 4073 4074
4072 4074 4075
4073 4071 4074
4075 4076 4072
4077 4078 3976
4077 3976 3975
4079 4080 4081
4082 4083 4078
4082 4078 4077
4075 4083 4076
4074 4071 4069
4076 4083 4082
4084 4085 3982
4084 3982 3985
4085 4084 4086
4085 4086 4087
4087 4086 4088
4089 4090 4091
4089 4091 4092
4089 4092 4088
4091 4090 4093
4094 4095 3994
4094 3994 3997
4096 4097 4098
4096 4098 4095
4094 4099 4096
4094 4096 4095
4091 4093 4099
4092 4087 4088
4093 4096 4099
4003 4100 4101
4003 4101 4004
4102 4103 4008
4102 4008 4007
4104 4105 4101
4104 4101 4100
4103 4102 4106
4103 4106 4107
4108 4109 4110
4108 4110 4111
4112 4107 4106
4112 4106 4113
4114 4115 4108
4114 4108 4111
4116 4117 4112
4116 4112 4113
4118 4119 4115
4118 4115 4114
4105 4104 4110
4105 4110 4109
4120 4121 4119
4120 4119 4118
4122 4117 4116
4122 4116 4123
4124 4034 4033
4124 4033 4125
4126 4127 4128
4126 4128 4129
4130 4131 4132
4130 4132 4133
4134 4133 4132
4134 4132 4135
4136 4134 4135
4136 4135 4137
4131 4130 4138
4131 4138 4139
4127 4122 4123
4127 4123 4128
4140 4047 4050
4140 4050 4141
4140 4141 4046
4140 4046 4045
4056 4055 4142
4056 4142 4143
4059 4144 4142
4059 4142 4055
4145 4146 4147
4145 4147 4148
4148 4149 4150
4148 4150 4145
4142 4144 4146
4142 4146 4145
4145 4150 4143
4145 4143 4142
4151 4152 4054
4151 4054 4053
4044 4043 4049
4044 4049 4048
4077 4079 4081
4077 4081 4082
4153 3980 3979
4001 3995 3998
4001 3998 4000
4154 4098 4097
4155 4156 4157
4155 4157 4158
4159 4160 4156
4159 4156 4155
4160 4159 4161
4160 4161 4162
4157 4163 4164
4157 4164 4158
4165 4166 4167
4165 4167 4168
4169 4170 4171
4169 4171 4172
4173 4174 4175
4173 4175 4176
4165 4174 4173
4165 4173 4166
4171 4176 4175
4171 4175 4172
4177 4178 4179
4177 4179 4180
4181 4182 4183
4181 4183 4184
4185 4186 4187
4185 4187 4188
4187 4186 4177
4187 4177 4180
4182 4185 4188
4182 4188 4183
4189 4190 4191
4189 4191 4192
4193 4194 4195
4193 4195 4196
4192 4197 4198
4192 4198 4189
4199 4200 4201
4201 4202 4203
4204 4200 4199
4205 4206 4207
4205 4207 4208
4209 4210 4211
4209 4211 4212
4213 4214 4215
4213 4215 4216
4211 4196 4205
4211 4205 4212
4208 4217 4212
4208 4212 4205
4209 4212 4217
4218 4202 4219
4201 4200 4219
4202 4201 4219
4220 4221 4197
4220 4197 4192
4222 4220 4192
4222 4192 4191
4203 4220 4222
4221 4220 4203
4202 4221 4203
4223 4224 4222
4223 4222 4191
4203 4225 4194
4193 4199 4203
4203 4199 4201
4203 4222 4225
4226 4209 4217
4226 4217 4227
4228 4229 4226
4228 4226 4227
4211 4210 4230
4193 4203 4194
4231 4232 4233
4231 4233 4234
4234 4233 4235
4234 4235 4236
4224 4237 4222
4191 4190 4238
4191 4238 4223
4196 4195 4206
4196 4206 4205
4239 4240 4238
4239 4238 4241
4242 4239 4243
4211 4230 4244
4225 4237 4213
4207 4206 4236
4244 4204 4199
4193 4196 4244
4193 4244 4199
4196 4211 4244
4245 4246 4235
4247 4248 4249
4247 4249 4250
4251 4208 4207
4251 4207 4252
4246 4245 4253
4246 4253 4254
4255 4228 4227
4255 4227 4251
4236 4256 4252
4236 4252 4207
4256 4257 4258
4256 4258 4252
4251 4227 4217
4251 4217 4208
4259 4260 4261
4259 4261 4262
4261 4260 4190
4261 4190 4189
4263 4242 4243
4263 4243 4264
4265 4266 4262
4265 4262 4261
4238 4190 4260
4238 4260 4241
4259 4267 4241
4259 4241 4260
4198 4265 4261
4198 4261 4189
4268 4269 4270
4268 4270 4271
4270 4272 4273
4274 4275 4276
4277 4278 4279
4277 4279 4272
4280 4281 4282
4279 4283 4282
4279 4284 4283
4219 4284 4285
4219 4285 4218
4286 4287 4288
4286 4288 4289
4289 4288 4290
4291 4292 4293
4294 4282 4283
4289 4290 4295
4283 4200 4204
4204 4230 4294
4280 4282 4294
4291 4293 4296
4210 4209 4297
4297 4209 4292
4294 4210 4297
4297 4292 4291
4297 4295 4294
4297 4291 4289
4297 4289 4295
4272 4279 4281
4288 4274 4290
4273 4298 4271
4273 4271 4270
4273 4281 4276
4299 4300 4301
4301 4302 4303
4288 4287 4304
4288 4304 4274
4296 4286 4289
4296 4289 4291
4305 4302 4300
4303 4302 4306
4304 4307 4275
4275 4274 4304
4307 4308 4275
4298 4273 4275
4298 4275 4308
4309 4302 4305
4281 4280 4290
4281 4290 4276
4300 4302 4301
4272 4281 4273
4269 4277 4272
4269 4272 4270
4310 4303 4306
4302 4309 4306
4295 4280 4294
4294 4283 4204
4219 4200 4284
4284 4200 4283
4311 4312 4313
4313 4314 4315
4312 4314 4313
4316 4293 4292
4316 4292 4226
4226 4229 4316
4292 4209 4226
4277 4269 4317
4277 4317 4318
4277 4318 4319
4277 4319 4278
4284 4278 4319
4284 4319 4285
4320 4321 4322
4320 4322 4323
4324 4321 4320
4325 4326 4327
4326 4323 4322
4328 4329 4330
4328 4330 4331
4308 4329 4328
4298 4308 4328
4298 4328 4332
4333 4331 4330
4333 4330 4334
4268 4335 4336
4337 4338 4339
4340 4271 4298
4340 4298 4332
4336 4335 4341
4336 4341 4342
4342 4343 4344
4342 4344 4345
4328 4331 4346
4328 4346 4332
4347 4332 4346
4322 4321 4348
4346 4349 4347
4341 4347 4349
4341 4349 4350
4347 4340 4332
4351 4338 4352
4348 4353 4322
4342 4354 4336
4339 4351 4355
4355 4344 4343
4355 4343 4339
4337 4339 4343
4337 4343 4350
4349 4346 4348
4326 4322 4353
4326 4353 4333
4356 4357 4358
4356 4359 4357
4360 4361 4362
4361 4363 4362
4364 4365 4366
4364 4366 4367
4368 4310 4306
4309 4313 4369
4309 4369 4364
4370 4371 4366
4372 4356 4373
4374 4345 4344
4374 4344 4375
4376 4365 4364
4376 4364 4369
4377 4376 4369
4358 4373 4356
4376 4377 4378
4374 4375 4379
4374 4379 4380
4377 4369 4381
4352 4382 4351
4383 4373 4358
4351 4384 4355
4355 4384 4375
4355 4375 4344
4373 4378 4379
4373 4379 4372
4378 4373 4376
4358 4361 4385
4358 4385 4383
4305 4311 4309
4309 4364 4306
4306 4367 4368
4386 4315 4314
4268 4387 4317
4268 4317 4269
4354 4388 4336
4369 4313 4315
4369 4315 4381
4374 4354 4345
4381 4389 4380
4381 4380 4377
4390 4315 4386
4315 4389 4381
4386 4317 4387
4386 4387 4390
4268 4388 4387
4230 4210 4294
4324 4338 4321
4356 4382 4359
4326 4325 4323
4357 4363 4358
4338 4324 4352
4352 4359 4382
4216 4215 4232
4216 4232 4231
4238 4240 4391
4238 4391 4223
4223 4391 4392
4223 4392 4224
4393 4237 4224
4393 4224 4392
4214 4213 4237
4214 4237 4393
4236 4206 4234
4206 4195 4231
4206 4231 4234
4216 4231 4195
4216 4195 4194
4213 4216 4194
4213 4194 4225
4295 4290 4280
4290 4274 4276
4282 4281 4279
4385 4365 4376
4385 4376 4383
4360 4394 4370
4353 4346 4331
4353 4331 4333
4334 4326 4333
4346 4353 4348
4376 4373 4383
4395 4327 4334
4361 4370 4385
4366 4365 4385
4366 4385 4370
4366 4368 4367
4396 4334 4330
4397 4330 4329
4364 4367 4306
4307 4329 4308
4397 4329 4307
4398 4399 4325
4398 4325 4327
4400 4401 4360
4400 4360 4362
4358 4363 4361
4389 4402 4374
4389 4374 4380
4379 4375 4384
4379 4384 4372
4377 4380 4379
4377 4379 4378
4349 4348 4337
4349 4337 4350
4342 4341 4350
4342 4350 4343
4335 4340 4347
4335 4347 4341
4372 4382 4356
4384 4382 4372
4337 4321 4338
4348 4321 4337
4390 4389 4315
4271 4335 4268
4340 4335 4271
4402 4389 4390
4388 4402 4390
4336 4388 4268
4394 4371 4370
4395 4334 4396
4360 4370 4361
4327 4326 4334
4401 4394 4360
4398 4327 4395
4382 4384 4351
4338 4351 4339
4371 4368 4366
4396 4330 4397
4279 4278 4284
4222 4237 4225
4230 4204 4244
4309 4311 4313
4388 4390 4387
4354 4402 4388
4402 4354 4374
4345 4354 4342
4215 4403 4232
4239 4404 4240
4391 4404 4405
4391 4240 4404
4232 4406 4233
4407 4408 4409
4410 4391 4405
4411 4410 4405
4412 4403 4408
4412 4408 4407
4412 4413 4403
4413 4414 4403
4410 4411 4409
4411 4407 4409
4408 4403 4215
4408 4215 4214
4391 4410 4392
4392 4410 4409
4392 4409 4393
4408 4214 4393
4408 4393 4409
4232 4414 4406
4403 4414 4232
4254 4257 4256
4254 4256 4246
4264 4243 4241
4264 4241 4267
4246 4256 4236
4246 4236 4235
4239 4241 4243
4318 4317 4386
4415 4318 4386
4386 4314 4415
4221 4202 4416
4221 4416 4417
4221 4417 4197
4418 4419 4420
4420 4421 4418
4419 4266 4422
4197 4417 4423
4420 4419 4422
4417 4416 4424
4425 4421 4420
4425 4426 4427
4428 4425 4427
4415 4314 4429
4428 4427 4430
4426 4425 4420
4426 4420 4422
4423 4198 4197
4422 4266 4265
4422 4265 4431
4416 4202 4218
4432 4415 4429
4429 4314 4312
4433 4312 4434
4312 4311 4434
4435 4428 4430
4433 4429 4312
4432 4429 4433
4432 4433 4436
4433 4434 4437
4436 4433 4437
4421 4425 4438
4299 4439 4440
4441 4434 4311
4305 4300 4441
4441 4311 4305
4438 4425 4428
4439 4421 4438
4440 4441 4300
4440 4439 4438
4440 4300 4299
4440 4438 4442
4442 4434 4441
4442 4438 4443
4443 4438 4428
4443 4428 4435
4443 4435 4436
4443 4437 4442
4436 4437 4443
4437 4434 4442
4442 4441 4440
4444 4430 4445
4417 4424 4445
4427 4426 4445
4427 4445 4430
4426 4431 4423
4426 4423 4445
4445 4424 4444
4423 4417 4445
4431 4265 4198
4431 4198 4423
4426 4422 4431
4446 4416 4218
4424 4416 4446
4218 4285 4446
4444 4424 4446
4446 4447 4444
4415 4432 4448
4448 4432 4436
4436 4435 4448
4318 4415 4449
4447 4435 4430
4446 4285 4319
4446 4319 4449
4450 4446 4449
4415 4448 4449
4449 4448 4450
4449 4319 4318
4447 4448 4435
4450 4448 4447
4447 4446 4450
4430 4444 4447
4451 4452 4453
4451 4453 4454
4455 4456 4457
4455 4457 4458
4459 4460 4461
4459 4461 4462
4463 4456 4460
4463 4460 4459
4452 4464 4458
4452 4458 4453
4465 4466 4467
4465 4467 4468
4469 4470 4471
4469 4471 4472
4473 4474 4475
4473 4475 4476
4477 4473 4476
4477 4476 4469
4466 4465 4471
4466 4471 4478
4460 4479 4480
4460 4480 4461
4460 4456 4455
4460 4455 4479
4475 4481 4482
4475 4482 4476
4469 4476 4482
4469 4482 4470
4454 4453 4483
4454 4483 4484
4453 4458 4457
4453 4457 4483
4468 4485 4486
4468 4486 4465
4465 4486 4472
4465 4472 4471
4455 4487 4488
4455 4488 4479
4458 4464 4487
4458 4487 4455
4479 4488 4489
4479 4489 4480
4470 4482 4490
4470 4490 4491
4471 4470 4491
4471 4491 4478
4482 4481 4492
4482 4492 4490
4483 4457 4493
4483 4493 4494
4457 4456 4463
4457 4463 4493
4484 4483 4494
4484 4494 4495
4486 4496 4497
4486 4497 4472
4472 4497 4477
4472 4477 4469
4485 4498 4496
4485 4496 4486
4499 4500 4501
4499 4501 4502
4503 4504 4502
4503 4502 4501
4505 4506 4507
4505 4507 4508
4507 4506 4504
4507 4504 4503
4509 4510 4511
4509 4511 4512
4513 4511 4510
4513 4510 4514
4515 4516 4517
4515 4517 4518
4519 4520 4518
4519 4518 4517
4514 4516 4515
4514 4515 4513
4521 4522 4523
4521 4523 4524
4524 4525 4526
4524 4526 4521
4527 4526 4525
4527 4525 4528
4528 4529 4530
4528 4530 4527
4529 4531 4532
4529 4532 4530
4533 4534 4535
4533 4535 4536
4537 4505 4508
4537 4508 4538
4539 4500 4499
4539 4499 4540
4540 4541 4542
4540 4542 4539
4543 4544 4545
4543 4545 4546
4541 4544 4543
4541 4543 4542
4547 4548 4509
4547 4509 4512
4548 4547 4549
4548 4549 4550
4551 4552 4553
4551 4553 4554
4552 4555 4556
4552 4556 4553
4550 4549 4551
4550 4551 4554
4557 4558 4559
4557 4559 4560
4558 4557 4561
4558 4561 4562
4532 4531 4562
4532 4562 4561
4563 4564 4565
4563 4565 4566
4546 4545 4567
4546 4567 4568
4569 4570 4571
4569 4571 4572
4560 4559 4572
4560 4572 4571
4573 4574 4575
4573 4575 4576
4576 4575 4577
4576 4577 4578
4579 4580 4578
4579 4578 4577
4581 4582 4583
4581 4583 4584
4574 4573 4582
4574 4582 4581
4585 4586 4587
4585 4587 4588
4589 4587 4586
4589 4586 4590
4590 4580 4579
4590 4579 4589
4591 4592 4593
4591 4593 4594
4592 4585 4588
4592 4588 4593
4595 4596 4597
4595 4597 4598
4599 4600 4598
4599 4598 4597
4600 4599 4601
4600 4601 4602
4602 4601 4603
4602 4603 4604
4605 4606 4604
4605 4604 4603
4607 4608 4609
4607 4609 4610
4608 4611 4612
4608 4612 4609
4613 4612 4611
4613 4611 4614
4614 4615 4616
4614 4616 4613
4617 4616 4615
4617 4615 4618
4619 4620 4621
4619 4621 4622
4623 4624 4619
4623 4619 4622
4620 4625 4626
4620 4626 4621
4627 4626 4625
4627 4625 4628
4629 4630 4623
4619 4624 4631
4632 4633 4634
4632 4634 4631
4625 4635 4628
4625 4620 4634
4624 4630 4631
4636 4633 4637
4632 4638 4637
4633 4632 4637
4639 4640 4641
4639 4641 4642
4641 4643 4644
4641 4644 4642
4640 4639 4645
4640 4645 4646
4647 4648 4646
4647 4646 4645
4649 4644 4650
4641 4651 4643
4652 4651 4653
4652 4653 4654
4646 4655 4653
4646 4653 4640
4652 4656 4657
4652 4657 4651
4658 4659 4654
4652 4659 4656
4654 4659 4652
4630 4624 4623
4644 4643 4650
4630 4660 4631
4650 4643 4651
4634 4619 4631
4634 4633 4636
4634 4636 4635
4651 4641 4653
4653 4655 4658
4653 4658 4654
4657 4650 4651
4660 4638 4632
4660 4632 4631
4641 4640 4653
4634 4620 4619
4625 4634 4635
4646 4648 4655
4661 4662 4663
4661 4663 4664
4665 4666 4667
4665 4667 4668
4666 4669 4670
4666 4670 4667
4664 4671 4672
4664 4672 4661
4673 4663 4662
4673 4662 4674
4668 4673 4674
4668 4674 4665
4675 4676 4677
4675 4677 4678
4679 4680 4681
4679 4681 4682
4683 4684 4680
4683 4680 4679
4672 4671 4676
4672 4676 4675
4678 4677 4685
4678 4685 4686
4682 4681 4686
4682 4686 4685
4687 4688 4689
4687 4689 4690
4691 4692 4693
4691 4693 4694
4692 4691 4695
4692 4695 4696
4688 4697 4698
4688 4698 4689
4698 4697 4696
4698 4696 4695
4694 4693 4699
4694 4699 4700
4701 4702 4703
4701 4703 4704
4705 4706 4707
4705 4707 4708
4709 4710 4706
4709 4706 4705
4711 4701 4704
4711 4704 4712
4713 4703 4702
4713 4702 4714
4708 4707 4713
4708 4713 4714
4715 4716 4717
4715 4717 4718
4718 4717 4719
4718 4719 4720
4720 4719 4721
4720 4721 4722
4723 4724 4725
4723 4725 4726
4727 4728 4726
4727 4726 4725
4728 4727 4716
4728 4716 4715
4729 4730 4731
4729 4731 4732
4733 4734 4735
4733 4735 4736
4737 4733 4736
4737 4736 4738
4732 4731 4739
4732 4739 4740
4739 4737 4738
4739 4738 4740
4741 4735 4734
4741 4734 4742
4743 4744 4745
4743 4745 4746
4747 4748 4749
4747 4749 4750
4751 4747 4750
4751 4750 4752
4744 4743 4753
4744 4753 4754
4746 4745 4755
4746 4755 4756
4755 4749 4748
4755 4748 4756
4757 4758 4759
4757 4759 4760
4758 4761 4762
4758 4762 4759
4763 4762 4761
4763 4761 4764
4765 4766 4767
4765 4767 4768
4766 4769 4770
4766 4770 4767
4760 4770 4769
4760 4769 4757
4771 4772 4773
4771 4773 4774
4775 4776 4777
4775 4777 4778
4779 4780 4781
4779 4781 4782
4771 4774 4779
4771 4779 4782
4777 4776 4781
4777 4781 4780
4783 4784 4785
4783 4785 4786
4787 4788 4789
4787 4789 4790
4791 4792 4793
4791 4793 4794
4793 4784 4783
4793 4783 4794
4790 4789 4792
4790 4792 4791
4795 4796 4797
4795 4797 4798
4799 4800 4801
4799 4801 4802
4796 4795 4803
4796 4803 4804
4805 4806 4807
4806 4808 4809
4810 4805 4807
4811 4812 4813
4811 4813 4814
4815 4816 4817
4815 4817 4818
4819 4820 4821
4819 4821 4822
4817 4816 4811
4817 4811 4800
4812 4811 4816
4812 4816 4823
4815 4823 4816
4824 4825 4809
4806 4825 4807
4809 4825 4806
4826 4796 4804
4826 4804 4827
4828 4797 4796
4828 4796 4826
4808 4828 4826
4827 4808 4826
4809 4808 4827
4829 4797 4828
4829 4828 4830
4808 4802 4831
4799 4808 4805
4808 4806 4805
4808 4831 4828
4832 4833 4823
4832 4823 4815
4834 4833 4832
4834 4832 4835
4817 4836 4818
4799 4802 4808
4837 4838 4839
4837 4839 4840
4838 4841 4842
4838 4842 4839
4830 4828 4843
4797 4829 4844
4797 4844 4798
4800 4811 4814
4800 4814 4801
4845 4844 4846
4845 4847 4844
4848 4849 4845
4817 4850 4836
4831 4819 4843
4813 4841 4814
4850 4805 4810
4799 4850 4800
4799 4805 4850
4800 4850 4817
4851 4842 4852
4853 4854 4855
4853 4855 4856
4856 4855 4813
4856 4813 4812
4857 4851 4852
4857 4852 4858
4853 4856 4833
4853 4833 4834
4841 4813 4855
4841 4855 4859
4859 4855 4854
4859 4854 4860
4856 4812 4823
4856 4823 4833
4861 4862 4863
4861 4863 4864
4863 4795 4798
4863 4798 4864
4849 4848 4865
4849 4865 4866
4867 4863 4862
4867 4862 4868
4844 4847 4864
4844 4864 4798
4861 4864 4847
4861 4847 4869
4803 4795 4863
4803 4863 4867
4870 4871 4872
4870 4872 4873
4872 4874 4875
4876 4877 4878
4879 4875 4880
4879 4880 4881
4882 4883 4884
4880 4883 4885
4880 4885 4886
4825 4824 4887
4825 4887 4886
4888 4889 4890
4888 4891 4889
4891 4892 4889
4893 4894 4895
4896 4885 4883
4891 4897 4892
4885 4810 4807
4810 4896 4836
4882 4896 4883
4893 4898 4894
4818 4899 4815
4899 4895 4815
4896 4899 4818
4899 4893 4895
4899 4896 4897
4899 4897 4891
4899 4891 4893
4875 4884 4880
4889 4892 4876
4874 4872 4871
4874 4871 4900
4874 4877 4884
4901 4902 4903
4902 4904 4905
4889 4876 4906
4889 4906 4890
4898 4891 4888
4898 4893 4891
4907 4903 4905
4904 4908 4905
4906 4878 4909
4878 4906 4876
4909 4878 4910
4900 4910 4878
4900 4878 4874
4911 4907 4905
4884 4877 4892
4884 4892 4882
4903 4902 4905
4875 4874 4884
4873 4872 4875
4873 4875 4879
4912 4908 4904
4905 4908 4911
4897 4896 4882
4896 4810 4885
4825 4886 4807
4886 4885 4807
4913 4914 4915
4914 4916 4917
4915 4914 4917
4918 4895 4894
4918 4832 4895
4832 4918 4835
4895 4832 4815
4879 4919 4920
4879 4920 4873
4879 4881 4921
4879 4921 4919
4886 4887 4921
4886 4921 4881
4922 4923 4924
4922 4924 4925
4926 4922 4925
4927 4928 4929
4929 4924 4923
4930 4931 4932
4930 4932 4933
4910 4930 4933
4900 4934 4930
4900 4930 4910
4935 4936 4932
4935 4932 4931
4870 4937 4938
4939 4940 4941
4942 4934 4900
4942 4900 4871
4937 4943 4944
4937 4944 4938
4943 4945 4946
4943 4946 4947
4930 4934 4948
4930 4948 4931
4949 4948 4934
4924 4950 4925
4948 4949 4951
4944 4952 4951
4944 4951 4949
4949 4934 4942
4953 4954 4941
4950 4924 4955
4943 4937 4956
4940 4957 4953
4957 4940 4947
4957 4947 4946
4939 4952 4947
4939 4947 4940
4951 4950 4948
4929 4935 4955
4929 4955 4924
4958 4959 4960
4958 4960 4961
4962 4963 4964
4964 4963 4965
4966 4967 4968
4966 4968 4969
4970 4908 4912
4911 4966 4971
4911 4971 4914
4972 4968 4973
4974 4975 4958
4976 4977 4946
4976 4946 4945
4978 4971 4966
4978 4966 4969
4979 4971 4978
4959 4958 4975
4978 4980 4979
4976 4981 4982
4976 4982 4977
4979 4983 4971
4954 4953 4984
4985 4959 4975
4953 4957 4986
4957 4946 4977
4957 4977 4986
4975 4974 4982
4975 4982 4980
4980 4978 4975
4959 4985 4987
4959 4987 4964
4907 4911 4913
4911 4908 4966
4908 4970 4967
4988 4917 4916
4870 4873 4920
4870 4920 4989
4956 4937 4990
4971 4983 4916
4971 4916 4914
4976 4945 4956
4983 4979 4981
4983 4981 4991
4992 4988 4916
4916 4983 4991
4988 4992 4989
4988 4989 4920
4870 4989 4990
4836 4896 4818
4926 4925 4941
4958 4961 4984
4929 4923 4927
4960 4959 4965
4941 4954 4926
4954 4984 4961
4820 4837 4840
4820 4840 4821
4844 4829 4993
4844 4993 4846
4829 4830 4994
4829 4994 4993
4995 4994 4830
4995 4830 4843
4822 4995 4843
4822 4843 4819
4841 4838 4814
4814 4838 4837
4814 4837 4801
4820 4802 4801
4820 4801 4837
4819 4831 4802
4819 4802 4820
4897 4882 4892
4892 4877 4876
4883 4880 4884
4987 4985 4978
4987 4978 4969
4962 4972 4996
4955 4935 4931
4955 4931 4948
4936 4935 4929
4948 4950 4955
4978 4985 4975
4997 4936 4928
4964 4987 4972
4968 4972 4987
4968 4987 4969
4968 4967 4970
4998 4932 4936
4999 4933 4932
4966 4908 4967
4909 4910 4933
4999 4909 4933
5000 4928 4927
5000 4927 5001
5002 4963 4962
5002 4962 5003
4959 4964 4965
4991 4981 4976
4991 4976 5004
4982 4974 4986
4982 4986 4977
4979 4980 4982
4979 4982 4981
4951 4952 4939
4951 4939 4950
4943 4947 4952
4943 4952 4944
4938 4944 4949
4938 4949 4942
4974 4958 4984
4986 4974 4984
4939 4941 4925
4950 4939 4925
4992 4916 4991
4871 4870 4938
4942 4871 4938
5004 4992 4991
4990 4992 5004
4937 4870 4990
4996 4972 4973
4997 4998 4936
4962 4964 4972
4928 4936 4929
5003 4962 4996
5000 4997 4928
4984 4953 4986
4941 4940 4953
4973 4968 4970
4998 4999 4932
4880 4886 4881
4828 4831 4843
4836 4850 4810
4911 4914 4913
4990 4989 4992
4956 4990 5004
5004 4976 4956
4945 4943 4956
4821 4840 5005
4845 4846 5006
4993 5007 5006
4993 5006 4846
4840 4839 5008
5009 5010 5011
5012 5007 4993
5013 5007 5012
5014 5009 5011
5014 5011 5005
5014 5005 5015
5015 5005 5016
5012 5010 5013
5013 5010 5009
5011 4822 4821
5011 4821 5005
4993 4994 5012
4994 4995 5010
4994 5010 5012
5011 5010 4995
5011 4995 4822
4840 5008 5016
5005 4840 5016
4858 4852 4859
4858 4859 4860
4847 4849 4866
4847 4866 4869
4852 4841 4859
4852 4842 4841
4845 4849 4847
4919 4988 4920
5017 4988 4919
4988 5017 4917
4827 5018 4809
4827 4804 5019
4827 5019 5018
5020 5021 5022
5021 5020 5023
5022 5024 4868
4804 5025 5019
5021 5024 5022
5019 5026 5018
5027 5021 5023
5027 5028 5029
5030 5028 5027
5017 5031 4917
5030 5032 5028
5029 5021 5027
5029 5024 5021
5025 4804 4803
5024 5033 4867
5024 4867 4868
5018 4824 4809
5034 5031 5017
5031 4915 4917
5035 5036 4915
4915 5036 4913
5037 5032 5030
5035 4915 5031
5034 5038 5035
5034 5035 5031
5035 5039 5036
5038 5039 5035
5023 5040 5027
4901 5041 5042
5043 4913 5036
4907 5043 4903
5043 4907 4913
5040 5030 5027
5042 5040 5023
5041 4903 5043
5041 5040 5042
5041 4901 4903
5041 5044 5040
5044 5043 5036
5044 5045 5040
5045 5030 5040
5045 5037 5030
5045 5038 5037
5045 5044 5039
5038 5045 5039
5039 5044 5036
5044 5041 5043
5046 5047 5032
5019 5047 5026
5028 5032 5047
5028 5047 5029
5029 5047 5025
5029 5025 5033
5047 5046 5026
5025 5047 5019
5033 5025 4803
5033 4803 4867
5029 5033 5024
5048 4824 5018
5026 5048 5018
4824 5048 4887
5046 5048 5026
5048 5046 5049
5017 5050 5034
5050 5038 5034
5038 5050 5037
4919 5051 5017
5049 5032 5037
5048 5051 4921
5048 4921 4887
5052 5051 5048
5017 5051 5050
5051 5052 5050
5051 4919 4921
5049 5037 5050
5052 5049 5050
5049 5052 5048
5032 5049 5046
5053 5054 5055
5053 5055 5056
5057 5058 5059
5057 5059 5060
5061 5062 5063
5061 5063 5064
5065 5061 5064
5065 5064 5058
5054 5053 5060
5054 5060 5066
5067 5068 5069
5067 5069 5070
5071 5072 5073
5071 5073 5074
5075 5076 5077
5075 5077 5078
5079 5073 5076
5079 5076 5075
5068 5080 5071
5068 5071 5069
5064 5063 5081
5064 5081 5082
5059 5058 5064
5059 5064 5082
5077 5076 5083
5077 5083 5084
5083 5076 5073
5083 5073 5072
5085 5053 5056
5085 5056 5086
5057 5060 5053
5057 5053 5085
5070 5069 5087
5070 5087 5088
5069 5071 5074
5069 5074 5087
5059 5082 5089
5059 5089 5090
5060 5059 5090
5060 5090 5066
5082 5081 5091
5082 5091 5089
5092 5083 5072
5092 5072 5093
5093 5072 5071
5093 5071 5080
5094 5084 5083
5094 5083 5092
5095 5057 5085
5095 5085 5096
5065 5058 5057
5065 5057 5095
5096 5085 5086
5096 5086 5097
5087 5074 5098
5087 5098 5099
5074 5073 5079
5074 5079 5098
5088 5087 5099
5088 5099 5100
5101 5102 5103
5101 5103 5104
5104 5105 5106
5104 5106 5101
5107 5108 5109
5107 5109 5110
5105 5108 5107
5105 5107 5106
5111 5112 5113
5111 5113 5114
5112 5111 5115
5112 5115 5116
5117 5118 5119
5117 5119 5120
5120 5121 5122
5120 5122 5117
5119 5118 5116
5119 5116 5115
5123 5124 5125
5123 5125 5126
5124 5123 5127
5124 5127 5128
5129 5130 5128
5129 5128 5127
5130 5129 5131
5130 5131 5132
5132 5131 5133
5132 5133 5134
5135 5136 5137
5135 5137 5138
5110 5109 5139
5110 5139 5140
5103 5102 5141
5103 5141 5142
5143 5144 5142
5143 5142 5141
5145 5146 5147
5145 5147 5148
5147 5146 5144
5147 5144 5143
5113 5149 5150
5113 5150 5114
5151 5150 5149
5151 5149 5152
5153 5154 5155
5153 5155 5156
5157 5158 5154
5157 5154 5153
5155 5151 5152
5155 5152 5156
5159 5160 5161
5159 5161 5162
5162 5163 5164
5162 5164 5159
5133 5164 5163
5133 5163 5134
5165 5166 5167
5165 5167 5168
5169 5145 5148
5169 5148 5170
5171 5172 5173
5171 5173 5174
5160 5173 5172
5160 5172 5161
5175 5176 5177
5175 5177 5178
5176 5179 5180
5176 5180 5177
5181 5180 5179
5181 5179 5182
5183 5184 5185
5183 5185 5186
5178 5183 5186
5178 5186 5175
5187 5188 5189
5187 5189 5190
5191 5192 5190
5191 5190 5189
5192 5191 5181
5192 5181 5182
5193 5194 5195
5193 5195 5196
5196 5195 5188
5196 5188 5187
5197 5198 5199
5197 5199 5200
5201 5199 5198
5201 5198 5202
5202 5203 5204
5202 5204 5201
5203 5205 5206
5203 5206 5204
5207 5206 5205
5207 5205 5208
5209 5210 5211
5209 5211 5212
5212 5211 5213
5212 5213 5214
5215 5216 5214
5215 5214 5213
5216 5215 5217
5216 5217 5218
5219 5220 5218
5219 5218 5217
5221 5222 5223
5221 5223 5224
5225 5222 5221
5225 5221 5226
5224 5223 5227
5224 5227 5228
5229 5230 5228
5229 5228 5227
5231 5225 5232
5221 5233 5226
5234 5233 5235
5234 5235 5236
5228 5230 5237
5228 5235 5224
5226 5233 5232
5238 5239 5236
5234 5239 5240
5236 5239 5234
5241 5242 5243
5241 5243 5244
5243 5242 5245
5243 5245 5246
5244 5247 5248
5244 5248 5241
5249 5248 5247
5249 5247 5250
5251 5252 5245
5243 5246 5253
5254 5255 5256
5254 5256 5253
5247 5256 5257
5247 5244 5256
5258 5259 5254
5258 5254 5253
5260 5255 5261
5254 5259 5261
5255 5254 5261
5232 5225 5226
5245 5252 5246
5232 5233 5262
5252 5253 5246
5235 5233 5221
5235 5237 5238
5235 5238 5236
5253 5256 5243
5260 5257 5256
5260 5256 5255
5258 5253 5252
5262 5233 5234
5262 5234 5240
5243 5256 5244
5235 5221 5224
5228 5237 5235
5247 5257 5250
387 317 316
386 322 329
4276 4275 4273
4878 4877 4874
5263 5264 5265
5263 5265 5266
5267 5268 5269
5267 5269 5270
5271 5272 5273
5271 5273 5274
5275 5276 5271
5275 5271 5274
5277 5278 5279
5277 5279 5280
5281 5282 5283
5284 5285 5281
5286 5287 5288
5289 5290 5291
5290 5289 5292
5288 5290 5292
5287 5290 5288
5293 5294 5284
5293 5284 5281
5295 5296 5297
5298 5299 5300
5298 5300 5301
5302 5303 5304
5301 5300 5305
5301 5305 5306
5307 5308 5290
5309 5307 5287
5287 5307 5290
5310 5276 5275
5310 5275 5311
5286 5309 5287
5312 5309 5286
5313 5312 5286
5313 5286 5302
5314 5315 5290
5306 5305 5276
5306 5276 5310
5304 5303 5316
5291 5282 5285
5311 5283 5282
5311 5282 5317
5314 5290 5308
5318 5319 5317
5318 5317 5320
5321 5322 5319
5321 5319 5318
5322 5321 5323
5322 5323 5324
5324 5323 5325
5324 5325 5326
5322 5306 5310
5322 5310 5319
5324 5301 5306
5324 5306 5322
5324 5326 5298
5327 5328 5329
5327 5330 5299
5327 5299 5298
5329 5303 5302
5329 5302 5330
5328 5327 5298
5328 5298 5326
5329 5328 5303
5311 5317 5319
5311 5319 5310
5317 5282 5315
5317 5315 5320
5313 5302 5304
5316 5303 5328
5324 5298 5301
5330 5327 5329
5283 5311 5275
5283 5275 5331
5305 5300 5277
5271 5276 5305
5271 5305 5280
5297 5277 5300
5297 5300 5299
5280 5279 5272
5280 5272 5271
5305 5277 5280
5278 5277 5297
5278 5297 5296
5330 5295 5297
5330 5297 5299
5332 5293 5331
5332 5331 5333
5333 5331 5275
5333 5275 5274
5274 5273 5333
5283 5331 5281
5281 5331 5293
5328 5326 5325
5328 5325 5316
5315 5282 5291
5282 5281 5285
5291 5290 5315
5334 5335 5272
5279 5334 5272
5272 5335 5273
5336 5337 5338
5336 5338 5339
5340 5341 5342
5343 5344 5345
5343 5345 5346
5347 5348 5349
5347 5349 5350
5351 5352 5353
5351 5353 5354
5355 5356 5338
5343 5353 5352
5343 5352 5340
5354 5353 5357
5354 5357 5358
5352 5359 5360
5347 5361 5362
5363 5364 5365
5366 5367 5348
5355 5337 5368
5369 5370 5371
5348 5372 5366
5350 5373 5374
5337 5355 5338
5375 5355 5376
5375 5376 5369
5340 5377 5341
5351 5359 5352
5378 5379 5367
5363 5380 5381
5382 5359 5351
5382 5351 5383
5384 5380 5385
5386 5369 5371
5387 5388 5379
5348 5347 5372
5389 5347 5390
5355 5368 5391
5355 5391 5376
5392 5393 5376
5368 5337 5394
5395 5396 5397
5395 5397 5336
5344 5343 5340
5344 5340 5342
5346 5357 5353
5346 5353 5343
5352 5360 5340
5397 5394 5337
5397 5337 5336
5284 5398 5285
5389 5399 5400
5401 5402 5383
5358 5403 5354
5354 5383 5351
5404 5291 5405
5406 5407 5408
5409 5404 5406
5410 5411 5408
5411 5406 5408
5411 5409 5406
5381 5412 5413
5381 5413 5363
5412 5414 5413
5415 5416 5417
5382 5415 5381
5382 5381 5380
5288 5416 5286
5417 5418 5412
5292 5418 5416
5292 5416 5288
5419 5416 5415
5382 5383 5415
5416 5402 5286
5401 5383 5354
5418 5414 5412
5381 5415 5417
5381 5417 5412
5416 5418 5417
5379 5420 5367
5420 5379 5375
5369 5393 5370
5378 5367 5366
5387 5379 5378
5379 5388 5375
5421 5422 5339
5421 5339 5338
5339 5423 5395
5339 5395 5336
5420 5424 5373
5425 5385 5380
5377 5360 5426
5377 5426 5427
5359 5380 5384
5360 5384 5426
5386 5428 5369
5374 5363 5413
5365 5425 5363
5375 5428 5420
5420 5428 5424
5369 5428 5375
5424 5428 5386
5373 5349 5367
5373 5367 5420
5427 5429 5341
5427 5341 5377
5360 5377 5340
5392 5376 5391
5392 5391 5430
5376 5393 5369
5388 5387 5431
5388 5431 5421
5375 5388 5356
5356 5388 5421
5338 5356 5421
5375 5356 5355
5367 5349 5348
5422 5432 5423
5422 5423 5339
5372 5433 5366
5402 5419 5383
5402 5416 5419
5400 5361 5389
5389 5361 5347
5382 5380 5359
5359 5384 5360
5415 5383 5419
5354 5403 5401
5405 5407 5406
5398 5407 5405
5411 5434 5409
5410 5434 5411
5410 5400 5399
5390 5350 5374
5390 5374 5435
5435 5434 5390
5435 5413 5414
5434 5435 5409
5390 5434 5399
5434 5410 5399
5289 5436 5418
5436 5289 5404
5436 5414 5418
5414 5409 5435
5436 5404 5409
5292 5289 5418
5289 5291 5404
5436 5409 5414
5349 5373 5350
5425 5380 5363
5373 5364 5374
5374 5413 5435
5398 5405 5285
5285 5405 5291
5405 5406 5404
5437 5438 5439
5440 5441 5442
5443 5444 5445
5443 5445 5446
5447 5448 5441
5362 5441 5440
5361 5441 5362
5440 5449 5362
5446 5445 5450
5446 5450 5451
5452 5453 5454
5452 5454 5455
5455 5454 5440
5440 5454 5456
5457 5453 5452
5442 5455 5440
5449 5458 5433
5449 5433 5372
5444 5443 5447
5400 5447 5361
5447 5443 5448
5447 5441 5361
5444 5447 5400
5294 5438 5398
5294 5398 5284
5442 5441 5448
5450 5445 5408
5407 5450 5408
5437 5439 5451
5437 5451 5450
5450 5407 5437
5407 5398 5437
5445 5410 5408
5400 5410 5444
5398 5438 5437
5362 5449 5372
5372 5347 5362
5444 5410 5445
5295 5330 5403
5279 5459 5334
5278 5460 5279
5461 5462 5296
5278 5296 5463
5463 5460 5278
5460 5459 5279
5464 5462 5461
5346 5345 5465
5346 5465 5466
5461 5295 5403
5357 5346 5466
5357 5466 5467
5467 5468 5358
5467 5358 5357
5468 5469 5403
5468 5403 5358
5296 5462 5463
5461 5296 5295
5469 5461 5403
5464 5461 5469
5390 5399 5389
5390 5347 5350
5302 5403 5330
5402 5302 5286
5401 5403 5302
5402 5401 5302
5424 5365 5373
5470 5458 5449
5453 5471 5454
5457 5471 5453
5366 5433 5472
5472 5433 5458
5472 5458 5473
5458 5470 5473
5474 5475 5476
5476 5471 5457
5470 5471 5477
5471 5476 5478
5476 5457 5474
5471 5478 5479
5470 5477 5480
5470 5449 5456
5454 5471 5470
5477 5471 5479
5473 5470 5480
5476 5475 5478
5365 5364 5373
5374 5364 5363
5440 5456 5449
5470 5456 5454
5481 5482 5483
5481 5483 5484
5485 5484 5483
5485 5483 5486
5487 5488 5489
5487 5489 5490
5491 5492 5493
5494 5491 5495
5496 5497 5498
5499 5500 5501
5501 5502 5499
5497 5502 5501
5498 5497 5501
5293 5491 5494
5293 5494 5294
5503 5504 5505
5506 5507 5508
5506 5508 5509
5510 5511 5512
5507 5513 5514
5507 5514 5508
5515 5501 5516
5517 5498 5515
5498 5501 5515
5518 5519 5485
5518 5485 5486
5496 5498 5517
5520 5496 5517
5521 5510 5496
5521 5496 5520
5522 5501 5523
5513 5518 5486
5513 5486 5514
5511 5524 5512
5500 5495 5493
5519 5525 5493
5519 5493 5492
5522 5516 5501
5526 5527 5525
5526 5525 5528
5529 5526 5528
5529 5528 5530
5530 5531 5532
5530 5532 5529
5531 5533 5534
5531 5534 5532
5530 5528 5518
5530 5518 5513
5531 5530 5513
5531 5513 5507
5531 5506 5533
5535 5536 5537
5535 5506 5509
5535 5509 5538
5536 5538 5510
5536 5510 5512
5537 5533 5506
5537 5506 5535
5536 5512 5537
5519 5518 5528
5519 5528 5525
5525 5523 5493
5525 5527 5523
5521 5511 5510
5524 5537 5512
5531 5507 5506
5538 5536 5535
5492 5539 5485
5492 5485 5519
5514 5489 5508
5483 5490 5514
5483 5514 5486
5504 5509 5508
5504 5508 5489
5482 5487 5490
5482 5490 5483
5514 5490 5489
5504 5489 5488
5504 5488 5505
5538 5509 5504
5538 5504 5503
5332 5540 5539
5332 5539 5293
5540 5484 5485
5540 5485 5539
5484 5540 5481
5492 5491 5539
5491 5293 5539
5537 5524 5534
5537 5534 5533
5523 5500 5493
5493 5495 5491
5500 5523 5501
5541 5482 5542
5487 5482 5541
5482 5481 5542
5543 5544 5545
5543 5545 5546
5547 5548 5549
5550 5551 5552
5550 5552 5553
5554 5555 5556
5554 5556 5557
5558 5559 5560
5558 5560 5561
5562 5545 5563
5550 5547 5561
5550 5561 5560
5559 5564 5565
5559 5565 5560
5561 5566 5567
5554 5568 5569
5570 5571 5572
5573 5557 5574
5562 5575 5546
5576 5577 5578
5557 5573 5579
5555 5580 5581
5546 5545 5562
5582 5576 5583
5582 5583 5562
5547 5549 5584
5558 5561 5567
5585 5574 5586
5570 5587 5588
5589 5590 5558
5589 5558 5567
5591 5592 5588
5593 5577 5576
5594 5586 5595
5557 5579 5554
5596 5597 5554
5562 5583 5598
5562 5598 5575
5599 5583 5600
5575 5601 5546
5602 5543 5603
5602 5603 5604
5553 5548 5547
5553 5547 5550
5551 5550 5560
5551 5560 5565
5561 5547 5566
5603 5543 5546
5603 5546 5601
5494 5495 5605
5596 5606 5607
5608 5590 5609
5564 5559 5610
5559 5558 5590
5611 5612 5500
5613 5614 5615
5616 5613 5611
5617 5614 5618
5618 5614 5613
5618 5613 5616
5587 5570 5619
5587 5619 5620
5620 5619 5621
5622 5623 5624
5589 5588 5587
5589 5587 5622
5497 5496 5624
5623 5620 5625
5502 5497 5624
5502 5624 5625
5626 5622 5624
5589 5622 5590
5624 5496 5609
5608 5559 5590
5625 5620 5621
5587 5620 5623
5587 5623 5622
5624 5623 5625
5586 5574 5627
5627 5582 5586
5576 5578 5600
5585 5573 5574
5594 5585 5586
5586 5582 5595
5628 5545 5544
5628 5544 5629
5544 5543 5602
5544 5602 5630
5627 5581 5631
5632 5588 5592
5584 5633 5634
5584 5634 5566
5567 5591 5588
5566 5634 5591
5593 5576 5635
5580 5619 5570
5571 5570 5632
5582 5627 5635
5627 5631 5635
5576 5582 5635
5631 5593 5635
5581 5627 5574
5581 5574 5556
5633 5584 5549
5633 5549 5636
5566 5547 5584
5599 5637 5598
5599 5598 5583
5583 5576 5600
5595 5628 5638
5595 5638 5594
5582 5563 5595
5563 5628 5595
5545 5628 5563
5582 5562 5563
5574 5557 5556
5629 5544 5630
5629 5630 5639
5579 5573 5640
5609 5590 5626
5609 5626 5624
5606 5596 5569
5596 5554 5569
5589 5567 5588
5567 5566 5591
5622 5626 5590
5559 5608 5610
5612 5613 5615
5605 5612 5615
5618 5616 5641
5617 5618 5641
5617 5607 5606
5597 5642 5580
5597 5580 5555
5642 5597 5641
5642 5621 5619
5641 5616 5642
5597 5607 5641
5641 5607 5617
5499 5625 5643
5643 5611 5499
5643 5625 5621
5621 5642 5616
5643 5616 5611
5502 5625 5499
5499 5611 5500
5643 5621 5616
5556 5555 5581
5632 5570 5588
5581 5580 5572
5580 5642 5619
5605 5495 5612
5495 5500 5612
5612 5611 5613
5644 5645 5438
5646 5647 5648
5649 5650 5651
5649 5651 5652
5653 5648 5654
5568 5646 5648
5569 5568 5648
5646 5568 5655
5650 5656 5657
5650 5657 5651
5658 5659 5660
5658 5661 5659
5661 5646 5659
5646 5662 5659
5663 5658 5660
5647 5646 5661
5655 5579 5640
5655 5640 5664
5652 5653 5649
5606 5569 5653
5653 5654 5649
5653 5569 5648
5652 5606 5653
5294 5494 5605
5294 5605 5438
5647 5654 5648
5657 5614 5651
5615 5614 5657
5644 5657 5656
5644 5656 5645
5657 5644 5615
5615 5644 5605
5651 5614 5617
5606 5652 5617
5605 5644 5438
5568 5579 5655
5579 5568 5554
5652 5651 5617
5503 5610 5538
5487 5541 5665
5488 5487 5666
5667 5505 5668
5488 5669 5505
5669 5488 5666
5666 5487 5665
5670 5667 5668
5551 5671 5672
5551 5672 5552
5667 5610 5503
5565 5673 5671
5565 5671 5551
5673 5565 5564
5673 5564 5674
5674 5564 5610
5674 5610 5675
5505 5669 5668
5667 5503 5505
5675 5610 5667
5670 5675 5667
5597 5596 5607
5597 5555 5554
5510 5538 5610
5609 5496 5510
5608 5510 5610
5609 5510 5608
5631 5581 5571
5676 5655 5664
5660 5659 5677
5663 5660 5677
5573 5678 5640
5678 5679 5664
5678 5664 5640
5664 5679 5676
5680 5681 5682
5681 5663 5677
5676 5683 5677
5677 5684 5681
5681 5680 5663
5677 5685 5684
5676 5686 5683
5676 5662 5655
5659 5676 5677
5683 5685 5677
5679 5686 5676
5681 5684 5682
5571 5581 5572
5580 5570 5572
5646 5655 5662
5676 5659 5662
5687 5688 5689
5690 5691 5692
5690 5692 5693
5264 5263 5694
5264 5694 5695
5269 5696 5697
5269 5697 5270
5698 5332 5699
5699 5700 5698
5701 5273 5702
5334 5459 5703
5704 5705 5703
5698 5540 5332
5540 5698 5481
5706 5707 5481
5698 5706 5481
5541 5542 5708
5709 5710 5708
5711 5699 5333
5711 5333 5273
5699 5332 5333
5701 5711 5273
5698 5700 5706
5334 5703 5335
5541 5708 5665
5703 5459 5712
5665 5708 5710
5713 5714 5715
5713 5715 5690
5716 5714 5713
5715 5691 5690
5687 5689 5717
5695 5694 5688
5695 5688 5687
5692 5697 5696
5692 5696 5693
5703 5705 5702
5718 5708 5707
5704 5703 5712
5709 5708 5718
5707 5708 5542
5703 5702 5335
5702 5273 5335
5481 5707 5542
5719 4499 4502
5719 4502 5720
5721 4501 4500
5721 4500 5722
5723 4503 4501
5723 4501 5721
5720 4502 4504
5720 4504 5724
4508 4507 5725
4508 5725 5726
4506 4505 5727
4506 5727 5728
4507 4503 5723
4507 5723 5725
5724 4504 4506
5724 4506 5728
4512 4511 5729
4512 5729 5730
4510 4509 5731
4510 5731 5732
4514 4510 5732
4514 5732 5733
4511 4513 5734
4511 5734 5729
5735 4515 4518
5735 4518 5736
5737 4517 4516
5737 4516 5738
5739 4519 4517
5739 4517 5737
5736 4518 4520
5736 4520 5740
5734 4513 4515
5734 4515 5735
4516 4514 5733
4516 5733 5738
5741 4536 4535
5741 4535 5742
4534 4533 5743
4534 5743 5744
4538 4508 5726
4538 5726 5745
4505 4537 5746
4505 5746 5727
4540 4499 5719
4540 5719 5747
4500 4539 5748
4500 5748 5722
4539 4542 5749
4539 5749 5748
4541 4540 5747
4541 5747 5750
5751 4543 4546
5751 4546 5752
5753 4545 4544
5753 4544 5754
5749 4542 4543
5749 4543 5751
4544 4541 5750
4544 5750 5754
5755 4547 4512
5755 4512 5730
5731 4509 4548
5731 4548 5756
5756 4548 4550
5756 4550 5757
5758 4549 4547
5758 4547 5755
4554 4553 5759
4554 5759 5760
4552 4551 5761
4552 5761 5762
4553 4556 5763
4553 5763 5759
4555 4552 5762
4555 5762 5764
5757 4550 4554
5757 4554 5760
4551 4549 5758
4551 5758 5761
5765 4563 4566
5765 4566 5766
5767 4565 4564
5767 4564 5768
5752 4546 4568
5752 4568 5769
5770 4567 4545
5770 4545 5753
5104 5103 5771
5104 5771 5772
5102 5101 5773
5102 5773 5774
5101 5106 5775
5101 5775 5773
5105 5104 5772
5105 5772 5776
5777 5107 5110
5777 5110 5778
5779 5109 5108
5779 5108 5780
5775 5106 5107
5775 5107 5777
5108 5105 5776
5108 5776 5780
5781 5111 5114
5781 5114 5782
5783 5113 5112
5783 5112 5784
5784 5112 5116
5784 5116 5785
5786 5115 5111
5786 5111 5781
5120 5119 5787
5120 5787 5788
5118 5117 5789
5118 5789 5790
5117 5122 5791
5117 5791 5789
5121 5120 5788
5121 5788 5792
5119 5115 5786
5119 5786 5787
5785 5116 5118
5785 5118 5790
5135 5138 5793
5135 5793 5794
5795 5137 5136
5795 5136 5796
5778 5110 5140
5778 5140 5797
5798 5139 5109
5798 5109 5779
5771 5103 5142
5771 5142 5799
5800 5141 5102
5800 5102 5774
5801 5143 5141
5801 5141 5800
5799 5142 5144
5799 5144 5802
5148 5147 5803
5148 5803 5804
5146 5145 5805
5146 5805 5806
5147 5143 5801
5147 5801 5803
5802 5144 5146
5802 5146 5806
5114 5150 5807
5114 5807 5782
5149 5113 5783
5149 5783 5808
5152 5149 5808
5152 5808 5809
5150 5151 5810
5150 5810 5807
5811 5153 5156
5811 5156 5812
5813 5155 5154
5813 5154 5814
5815 5157 5153
5815 5153 5811
5814 5154 5158
5814 5158 5816
5156 5152 5809
5156 5809 5812
5810 5151 5155
5810 5155 5813
5168 5167 5817
5168 5817 5818
5166 5165 5819
5166 5819 5820
5170 5148 5804
5170 5804 5821
5145 5169 5822
5145 5822 5805
1195 1194 1234
1199 1201 5823
5824 5825 5826
5824 5826 5827
1196 1199 5823
1204 1203 1269
1204 1269 5828
1207 1206 1265
1207 1265 1266
1210 1209 1261
1210 1261 1262
1213 1212 1257
1213 1257 1258
1239 1190 1189
1243 1240 1214
1247 1244 1217
1251 1248 1220
1255 1252 1223
1213 1232 1211
1210 1230 1208
1207 1228 1205
5829 1587 1586
5829 1586 5830
5831 1590 1589
5831 1589 1644
5832 1593 1592
5832 1592 1641
5833 1596 1595
5833 1595 1638
1612 1615 1598
1617 5834 5835
1617 5835 1618
1617 1620 1597
1622 5836 5837
1622 5837 1623
1622 1625 1600
1627 5838 5839
1627 5839 1628
1627 1630 1602
1632 5840 5841
1632 5841 1633
1632 1635 1604
1586 5842 5843
1586 5843 5830
5844 5845 5846
5844 5846 5847
1639 1595 1594
1642 1592 1591
1645 1589 1588
1189 1191 5848
5849 5825 5824
5850 1191 1190
5850 1190 1238
5851 5826 5825
5851 5825 5848
1200 1192 1195
1200 1195 1201
5852 1237 1239
5852 1239 1216
5853 1241 1243
5853 1243 1219
5854 1245 1247
5854 1247 1222
5855 1249 1251
5855 1251 1225
5856 1253 1255
5856 1255 1227
1597 5834 1617
1600 5836 1622
1602 5838 1627
1604 5840 1632
1585 5842 1586
1610 5845 5844
5857 1637 1639
5857 1639 1609
5858 1640 1642
5858 1642 1608
5859 1643 1645
5859 1645 1607
5860 1215 1240
5860 1240 1242
5861 1218 1244
5861 1244 1246
5862 1221 1248
5862 1248 1250
5863 1224 1252
5863 1252 1254
5864 1226 1204
5864 1204 5828
5865 1235 1194
5865 1194 1193
1616 5835 5834
1616 5834 1599
1621 5837 5836
1621 5836 1601
1626 5839 5838
1626 5838 1603
1631 5841 5840
1631 5840 1605
1636 5843 5842
1636 5842 1606
5866 5846 5845
5866 5845 1611
1143 1113 5867
5868 1115 5869
1145 1119 5869
5870 5871 5872
1151 1131 5873
1154 1137 5874
5875 1143 5867
1115 1145 5869
1121 1148 5876
1127 1151 5873
1133 1154 5874
1517 5877 5878
1513 1543 5879
1519 1517 5878
1525 1523 1555
1531 1529 1554
1537 1535 1560
1121 1118 5880
1127 5881 5882
1133 5883 5884
1139 5885 5886
5887 1523 1522
5888 1529 1528
5889 1535 1534
5890 1541 1540
5878 1555 1520
5891 5892 5893
1554 1560 1532
1560 1564 1538
1162 5867 5869
1162 5869 1159
5894 5895 5896
5894 5896 5897
1163 5876 5873
1163 5873 1165
1165 5873 5874
1165 5874 1158
1158 5874 5898
1158 5898 1155
1567 5878 5879
1567 5879 1568
5899 5875 5900
1543 1542 5901
1141 5875 5899
1544 1543 1513
1141 1143 5875
1544 1513 1512
1515 1517 5902
1517 1545 5902
1517 1516 5877
5903 1517 1519
5877 1516 5904
5903 1519 1518
5878 5877 1514
1521 1523 5905
1523 1551 5905
1552 1523 1525
5887 1522 5906
1552 1525 1524
5887 1555 1523
1527 1529 5907
1529 1557 5907
5888 1528 5908
1558 1529 1531
1558 1531 1530
5888 1554 1529
1533 1535 5909
1535 1561 5909
1562 1535 1537
5889 1534 5910
5889 1560 1535
1562 1537 1536
1140 1139 5886
1539 1541 5911
5886 5885 1136
5890 1540 5912
5898 5885 1139
5890 1564 1541
1134 1133 5884
5913 1133 1132
1152 1133 5913
1152 1154 1133
5884 5883 1130
5874 5883 1133
1128 1127 5882
5914 1127 1126
1149 1127 5914
1149 1151 1127
5882 5881 1124
5873 5881 1127
1122 1121 5880
5915 1121 1120
1146 1121 5915
1146 1148 1121
5880 1118 5916
5876 1118 1121
1117 1145 5917
1118 1117 5916
1116 1115 5918
5919 1115 1114
1144 1115 5919
1145 1144 5917
5918 5868 1112
5918 1115 5868
968 966 964
974 972 970
974 976 973
978 979 5920
979 981 5920
1377 1379 1375
1383 1385 1381
1385 1386 1387
1390 1389 1391
1390 1392 1393
948 949 951
950 949 952
955 954 952
960 961 962
963 961 964
1361 1360 5921
1362 1361 5921
1366 1365 1367
1371 1373 1369
1373 1374 1375
937 938 5922
938 940 5922
942 943 944
945 943 946
1348 1350 1346
1352 1350 1349
1355 1354 1356
1355 1357 1358
931 932 933
934 932 935
1342 1344 1340
1344 1345 1346
924 926 928
927 926 929
1336 1338 1334
1339 1338 1337
1299 1303 1301
1303 1304 1306
1214 1216 1189
1217 1219 1214
1220 1222 1217
1223 1225 1220
1202 1227 1223
1205 1229 1202
1208 1231 1205
1211 1233 1208
1234 1236 1211
1597 1599 5834
1599 1598 1615
1600 1601 5836
1601 1597 1620
1602 1603 5838
1603 1600 1625
1604 1605 5840
1605 1602 1630
1585 1606 5842
1606 1604 1635
1588 1607 1645
1607 1585 1587
1591 1608 1642
1608 1588 1590
1594 1609 1639
1609 1591 1593
1610 1611 5845
1611 1594 1596
5851 5848 1191
5851 1191 5850
5852 1216 1215
5852 1215 5860
5853 1219 1218
5853 1218 5861
5854 1222 1221
5854 1221 5862
5855 1225 1224
5855 1224 5863
5856 1227 1226
5856 1226 5864
1256 1236 1235
1256 1235 5865
5859 1607 1587
5859 1587 5829
5858 1608 1590
5858 1590 5831
5857 1609 1593
5857 1593 5832
5866 1611 1596
5866 1596 5833
1189 5848 5849
1189 1216 1239
1214 1219 1243
1217 1222 1247
1220 1225 1251
1223 1227 1255
1202 1229 1203
1205 1231 1206
1208 1233 1209
1211 1236 1212
5849 5848 5825
1234 1201 1195
5823 1201 1234
1111 1113 1142
1117 1119 1145
1123 1125 1147
1129 1131 1150
1135 1137 1153
5923 1520 5924
5869 1113 5868
5867 1113 5869
5876 1119 1118
5869 1119 5876
5925 5871 5926
5872 5871 5925
5874 1131 5883
5873 1131 5874
5898 1137 5885
5874 1137 5898
5878 1520 1519
1520 1555 5887
5891 5893 5927
5893 5892 5928
1554 1532 1531
1532 1560 5889
1560 1538 1537
1538 1564 5890
5929 1514 5904
5879 1514 1513
5878 1514 5879
5930 1526 5908
5931 1532 5910
5932 1538 5912
1113 1112 5868
1125 1124 5881
1131 1130 5883
1137 1136 5885
1512 1514 5929
1518 1520 5923
1524 1526 5930
1530 1532 5931
1536 1538 5932
1142 1113 1143
1147 1125 1148
1150 1131 1151
1153 1137 1154
5924 1520 5887
5904 1514 5877
5908 1526 5888
5910 1532 5889
5912 1538 5890
