byte offset: 0
first index: 0
index count: 17889
topology: trianglelist
format: DXGI_FORMAT_R16_UINT

0 1 2
0 2 3
4 5 6
4 6 7
8 9 5
8 5 4
10 11 12
13 14 15
16 17 5
16 5 9
18 19 20
18 20 21
9 8 19
9 19 18
5 17 22
5 22 6
0 23 24
0 24 1
9 18 25
9 25 16
14 26 15
27 28 29
30 31 32
30 32 33
30 34 35
30 35 31
36 35 34
36 34 37
38 39 40
38 40 41
42 29 28
42 28 43
44 45 46
47 10 12
48 21 12
48 12 11
39 42 43
39 43 40
24 13 15
24 15 1
2 1 15
2 15 26
41 36 37
41 37 38
22 0 6
6 0 3
6 3 7
48 25 18
48 18 21
33 32 44
33 44 46
20 47 12
20 12 21
23 0 22
49 50 51
52 53 54
55 54 53
55 53 56
57 58 59
60 61 62
60 62 63
64 62 61
64 61 65
65 55 56
65 56 64
66 67 68
69 70 71
51 72 73
51 73 49
70 73 72
70 72 71
58 60 63
58 63 59
74 75 76
77 78 79
77 79 80
81 82 83
81 83 84
85 86 87
80 83 82
80 82 77
88 79 78
84 89 90
84 90 81
91 92 93
91 93 94
95 96 97
95 97 98
92 97 96
92 96 93
94 99 100
94 100 91
101 102 103
101 103 104
99 101 104
99 104 100
105 106 107
105 107 108
109 110 111
109 111 112
113 114 108
113 108 107
103 102 112
103 112 111
106 105 110
106 110 109
115 116 117
115 117 118
114 113 116
114 116 115
119 118 117
120 121 122
123 120 124
123 124 125
123 125 126
126 125 127
126 127 128
129 128 127
129 127 130
130 131 132
130 132 129
132 131 133
134 135 136
136 95 98
136 98 134
85 90 89
85 89 86
137 138 139
140 138 137
140 137 141
142 143 139
142 139 138
144 142 138
144 138 140
145 146 147
145 147 148
149 150 151
149 151 148
150 152 151
151 152 153
154 155 156
154 156 157
140 158 147
140 147 144
158 140 141
158 141 159
160 161 162
160 163 161
149 163 160
149 160 150
160 152 150
164 165 166
164 166 167
166 168 167
169 170 171
171 172 169
173 174 175
173 175 176
176 177 178
176 178 173
179 180 74
179 74 181
182 179 181
182 181 183
142 184 143
185 184 142
185 142 144
144 147 146
144 146 185
186 139 143
187 188 189
190 191 192
190 192 193
193 192 194
193 194 195
196 197 198
196 198 199
200 197 196
200 196 201
202 203 204
202 204 205
205 204 206
205 206 207
208 209 210
208 210 211
212 213 214
212 214 215
216 217 212
216 212 215
218 219 220
218 220 221
222 223 220
222 220 219
221 220 224
221 224 225
224 220 223
224 223 226
227 225 224
227 224 226
228 229 230
228 230 231
232 233 234
232 234 235
236 237 238
236 238 239
240 241 242
240 242 243
244 245 246
247 248 180
247 180 179
249 250 251
249 251 252
253 254 255
256 257 258
256 258 211
209 259 260
209 260 210
261 262 263
264 260 259
256 265 266
256 266 267
268 269 270
268 270 267
261 271 262
272 273 274
272 274 275
276 277 278
276 278 279
279 278 280
281 282 283
281 283 277
277 284 285
277 285 281
283 286 278
283 278 277
280 278 286
287 288 289
290 291 292
292 293 294
292 294 287
267 266 295
267 295 268
296 260 264
211 210 265
211 265 256
209 297 272
209 272 275
296 265 210
296 210 260
211 258 298
211 298 208
299 297 300
299 300 301
297 209 208
297 208 300
155 302 303
155 303 156
304 232 235
304 235 305
273 272 297
273 297 299
257 256 267
257 267 270
228 231 306
228 306 307
207 198 197
207 197 205
202 205 197
202 197 200
179 182 308
179 308 247
298 309 300
298 300 208
301 300 309
74 180 75
174 76 310
174 310 175
248 311 75
248 75 180
171 170 312
287 294 288
289 290 292
289 292 287
266 262 271
266 271 295
263 262 266
263 266 265
270 313 257
314 315 316
269 268 317
269 317 318
319 269 318
319 318 320
320 321 319
313 270 269
313 269 319
293 292 291
293 291 322
315 314 317
315 317 268
323 324 325
323 325 326
161 327 328
161 328 329
324 330 331
324 331 325
332 330 333
332 333 334
335 162 161
335 161 336
335 152 162
326 337 338
326 338 323
337 339 338
340 327 159
328 327 340
159 141 341
163 149 158
163 158 159
342 343 344
345 346 347
243 236 239
243 239 240
217 222 219
217 219 212
219 218 213
219 213 212
348 349 350
351 352 353
351 353 354
355 356 357
358 359 360
358 360 361
359 362 363
359 363 360
364 356 355
364 355 365
366 367 68
366 68 59
368 369 63
368 63 62
53 370 56
367 66 68
348 350 371
348 371 372
373 374 375
64 376 377
375 378 379
375 379 380
381 56 370
382 383 384
385 378 374
385 374 386
387 353 352
387 352 388
378 385 389
390 391 355
355 357 390
251 392 393
251 393 252
195 394 395
195 395 193
193 395 396
193 396 190
397 230 229
397 229 398
201 196 399
201 399 400
399 196 199
399 199 401
305 238 237
305 237 304
155 154 216
155 216 215
302 155 215
302 215 214
402 403 404
405 406 407
405 407 408
407 409 410
407 410 408
411 410 409
411 409 412
403 402 413
403 413 414
414 413 406
414 406 415
416 417 418
416 418 419
417 420 418
419 421 422
419 422 416
422 423 424
416 425 426
416 426 417
422 424 425
422 425 416
417 426 420
427 428 429
430 431 432
430 432 433
434 435 436
434 436 437
438 436 435
438 435 439
440 347 346
440 346 441
344 434 437
344 437 342
442 430 433
442 433 443
353 387 386
353 386 374
374 373 353
382 363 362
382 362 383
183 181 173
183 173 178
181 74 174
181 174 173
365 391 388
365 388 352
59 63 369
59 369 366
371 358 361
371 361 372
352 351 364
352 364 365
175 310 312
175 312 170
177 176 169
177 169 444
175 170 169
175 169 176
148 151 153
148 153 145
395 399 401
395 401 396
395 394 400
395 400 399
398 393 392
398 392 397
250 249 255
250 255 254
194 192 445
192 191 445
446 121 447
64 56 381
376 64 381
62 64 377
368 62 377
57 59 68
448 57 68
357 449 390
68 67 448
174 74 76
189 301 309
189 309 187
158 149 148
158 148 147
332 331 330
379 378 389
441 432 431
441 431 440
439 442 443
439 443 438
450 451 452
453 334 333
454 455 456
457 458 459
460 461 459
460 459 458
462 463 464
465 466 467
465 467 468
469 470 466
469 466 465
461 460 470
461 470 469
471 472 473
474 475 476
455 454 477
455 477 478
478 477 476
478 476 475
464 463 468
464 468 467
479 480 481
482 483 484
482 484 485
486 487 488
486 488 489
490 491 492
485 484 487
485 487 486
493 483 482
494 495 489
494 489 488
496 497 498
496 498 499
500 501 502
500 502 503
497 496 503
497 503 502
504 505 499
504 499 498
506 507 508
506 508 509
505 504 509
505 509 508
510 511 512
510 512 513
514 515 516
514 516 517
513 518 519
513 519 510
506 514 517
506 517 507
511 516 515
511 515 512
520 521 522
520 522 523
521 519 518
521 518 522
524 520 523
525 526 527
528 529 525
528 530 531
528 531 529
532 531 530
532 530 533
532 533 534
532 534 535
536 537 535
536 535 534
536 538 537
539 540 541
501 500 540
501 540 539
490 492 495
490 495 494
542 543 544
542 544 545
542 545 546
543 547 548
543 548 544
544 548 549
544 549 545
550 551 552
550 552 553
554 555 556
554 556 551
555 554 557
554 558 557
559 560 561
559 561 562
545 549 552
545 552 563
546 545 563
546 563 564
565 557 566
567 568 569
556 555 565
556 565 568
565 555 557
570 571 572
570 572 573
572 571 574
575 576 577
576 575 578
579 580 581
579 581 582
583 584 582
583 582 581
585 586 479
585 479 587
588 589 586
588 586 585
548 547 590
591 549 548
591 548 590
549 591 553
549 553 552
592 547 543
593 594 595
596 597 598
596 598 599
597 600 601
597 601 598
602 603 604
602 604 605
606 607 604
606 604 603
608 609 610
608 610 611
609 612 613
609 613 610
614 615 616
614 616 617
618 619 620
618 620 621
622 621 620
622 620 623
624 625 626
624 626 627
628 625 624
628 624 629
627 630 631
627 631 624
631 632 629
631 629 624
633 631 630
633 632 631
634 635 636
634 636 637
638 639 640
638 640 641
642 643 644
642 644 645
646 647 648
646 648 649
648 650 649
587 651 652
587 652 585
653 654 655
653 655 656
657 658 659
660 615 661
660 661 662
617 616 663
617 663 664
665 666 667
668 664 663
660 669 670
660 670 671
672 673 674
672 674 669
665 667 675
676 677 678
676 679 677
680 681 682
680 682 683
683 684 680
685 681 686
685 686 687
681 688 689
681 685 688
680 690 686
680 686 681
684 690 680
691 692 693
694 695 696
697 698 695
697 695 691
699 670 669
699 669 674
700 668 663
671 616 615
671 615 660
617 679 676
617 676 701
700 663 616
700 616 671
702 661 615
702 615 614
703 704 705
703 705 701
701 705 614
701 614 617
706 707 560
706 560 559
641 640 708
641 708 709
701 676 678
701 678 703
662 672 669
662 669 660
710 635 634
710 634 711
603 602 612
603 612 609
608 606 603
608 603 609
585 652 712
585 712 588
702 614 705
702 705 713
704 713 705
479 481 587
580 579 714
580 714 480
651 587 481
651 481 715
576 716 577
691 693 697
695 717 718
695 718 691
670 699 675
670 675 667
666 671 670
666 670 667
672 662 719
720 721 722
723 674 673
723 673 724
725 726 724
725 724 673
726 725 727
719 725 673
719 673 672
696 695 698
696 698 728
722 674 723
722 723 720
729 730 731
729 731 732
569 733 734
569 734 567
735 736 730
735 730 729
737 736 738
737 738 739
569 566 740
569 740 741
740 566 557
732 731 742
732 742 743
743 742 744
568 567 564
734 745 567
564 745 546
563 556 568
563 568 564
746 747 748
749 750 751
643 642 647
643 647 646
623 620 625
623 625 628
619 626 625
619 625 620
752 753 754
755 756 757
755 757 758
759 760 761
762 763 764
762 764 765
766 767 765
766 765 764
759 761 768
759 768 769
472 770 771
472 771 463
772 465 468
772 468 773
459 461 774
770 472 471
752 775 776
752 776 753
777 778 779
469 780 781
782 783 778
782 778 784
785 774 461
786 787 788
779 783 789
779 789 790
756 755 791
756 791 792
783 793 789
794 759 795
759 794 760
655 654 796
655 796 797
600 597 798
600 798 799
800 798 597
800 597 596
801 802 637
801 637 636
803 604 607
803 607 804
605 604 803
605 803 805
645 644 709
645 709 708
622 561 560
622 560 621
707 618 621
707 621 560
806 807 808
809 810 811
809 811 812
811 810 813
811 813 814
815 816 814
815 814 813
808 817 818
808 818 806
817 819 812
817 812 818
820 821 822
820 822 823
821 820 824
823 822 825
823 825 826
825 827 828
829 830 822
829 822 821
830 827 825
830 825 822
821 824 829
831 832 833
834 835 836
834 836 837
838 839 840
838 840 841
839 838 842
839 842 843
751 750 844
751 844 845
841 840 747
841 747 746
846 847 835
846 835 834
790 791 755
790 755 779
779 755 777
786 788 767
786 767 766
589 583 581
589 581 586
586 581 580
586 580 479
792 795 769
792 769 756
463 771 773
463 773 468
763 762 776
763 776 775
756 769 768
756 768 757
716 714 579
716 579 577
584 848 575
584 575 582
575 577 579
575 579 582
558 554 551
558 551 550
798 800 805
798 805 803
798 803 804
798 804 799
797 796 802
797 802 801
656 659 658
656 658 653
601 849 598
598 849 599
850 851 527
469 785 461
781 785 469
465 780 469
772 780 465
462 472 463
852 472 462
760 794 853
472 852 473
580 480 479
713 704 594
713 594 593
563 552 551
563 551 556
738 736 735
782 793 783
837 836 845
837 845 844
847 846 843
847 843 842
854 855 856
856 737 857
858 859 860
858 860 861
862 863 864
862 864 865
865 864 866
865 866 867
868 869 870
868 870 871
872 873 871
872 871 870
873 866 864
873 864 871
863 868 871
863 871 864
874 870 869
874 869 875
876 872 870
876 870 874
877 878 879
877 879 859
880 860 859
881 879 865
881 865 867
878 862 865
878 865 879
882 883 884
882 884 885
886 887 883
886 883 882
888 889 890
888 890 891
890 889 892
890 892 893
890 894 891
893 894 890
887 895 896
887 896 883
897 884 883
897 883 896
898 899 900
898 900 901
902 899 898
902 898 903
875 886 882
875 882 874
874 882 885
874 885 876
898 901 892
898 892 889
889 888 903
889 903 898
902 897 896
902 896 899
899 896 895
899 895 900
880 859 879
881 880 879
904 877 859
904 859 858
905 906 907
905 907 908
909 910 911
909 911 912
910 913 914
910 914 911
915 916 917
915 917 918
919 917 916
919 916 920
911 914 920
911 920 916
912 911 916
912 916 915
918 917 921
918 921 922
917 919 923
917 923 921
924 925 926
924 926 906
927 906 905
928 913 910
928 910 924
925 924 910
925 910 909
929 930 931
929 931 932
933 929 932
933 932 934
935 936 937
935 937 938
935 939 940
935 940 936
935 938 941
939 935 941
934 932 942
934 942 943
932 931 944
932 944 942
945 946 947
945 947 948
945 948 949
945 949 950
922 921 929
922 929 933
921 923 930
921 930 929
945 936 940
945 940 946
936 945 950
936 950 937
942 944 949
942 949 948
943 942 948
943 948 947
906 926 951
906 951 907
927 924 906
928 924 927
952 953 954
952 954 955
954 956 957
954 957 958
959 960 961
959 961 962
963 964 965
963 965 966
967 968 969
966 965 970
966 970 971
972 973 974
975 976 977
975 977 960
978 962 961
978 961 979
980 981 982
980 982 983
984 985 986
984 986 987
988 989 990
988 990 991
992 993 994
995 994 996
987 997 998
987 998 984
989 999 1000
989 1000 990
1001 1002 1003
1001 1003 1004
1005 1006 1007
1005 1007 981
1008 1009 1002
1008 1002 1001
1002 1010 1011
1002 1011 1003
1004 998 997
1004 997 1001
970 1012 1013
970 1013 971
999 1014 1015
999 1015 1000
953 1016 956
953 956 954
979 961 1017
979 1017 1018
1019 958 957
1019 957 1020
977 1017 961
977 961 960
1021 975 960
1021 960 959
958 1019 1022
958 1022 1023
1024 1022 1019
1024 1019 1025
1026 1027 964
1026 964 963
1028 1029 1030
1028 1030 1031
1032 1033 1027
1032 1027 1026
1034 1035 1036
1034 1036 1025
1037 1028 1031
1037 1031 1038
1025 1036 1039
1025 1039 1024
1040 1036 1035
1040 1035 1041
1042 1043 1033
1042 1033 1032
1044 1037 1038
1044 1038 1045
1040 1046 1047
1040 1041 1048
1040 1048 1046
1049 1050 1051
1051 1050 1052
1051 1052 1053
1054 1055 1056
1054 1056 1057
1058 1059 1043
1058 1043 1042
1060 1044 1045
1060 1045 1061
1062 1063 1064
1064 1065 1066
1064 1066 1062
1059 1058 1055
1059 1055 1054
976 975 1067
976 1067 1068
985 1069 1070
985 1070 986
1071 988 991
1071 991 1072
1069 1073 1074
1069 1074 1070
1075 1076 1068
1075 1068 1067
1071 1072 1077
1071 1077 1078
1079 1075 1067
1079 1067 1080
1076 1075 1081
1076 1081 1082
1073 1083 1084
1073 1084 1074
1078 1077 1085
1078 1085 1086
1087 1088 1081
1089 1082 1081
1089 1081 1088
1090 1091 1092
1093 1094 1095
1093 1096 1097
1093 1097 1094
1098 1099 1090
1098 1090 1100
1083 1101 1102
1083 1102 1084
1086 1085 1103
1086 1103 1104
1105 1106 1107
1087 1081 1079
1108 1109 1106
1108 1106 1105
1101 1098 1100
1101 1100 1102
1103 1097 1096
1103 1096 1104
1053 1052 1060
1053 1060 1061
1110 1111 1089
1110 1089 1088
1109 1108 1112
1109 1112 1113
1113 1112 1114
1113 1114 1115
1116 1115 1114
1116 1114 1117
1118 1116 1117
1118 1117 1119
1120 1121 1122
1120 1122 1123
1124 1125 1126
1124 1126 1127
1124 1127 1128
1124 1128 1129
1125 1120 1123
1125 1123 1126
1121 1118 1119
1121 1119 1122
1048 1130 1131
1048 1131 1046
1132 1066 1065
1132 1065 1133
1134 1132 1133
1134 1133 1135
1134 1135 1136
1134 1136 1137
1137 1136 1138
1137 1138 1139
1140 1141 1142
1140 1142 1143
1144 1145 1146
1144 1146 1147
980 1148 1005
980 1005 981
1146 1149 1147
1143 1142 1145
1143 1145 1144
1139 1138 1141
1139 1141 1140
1111 1110 1150
1151 1131 1130
1102 1100 1152
1102 1152 1153
1153 1154 1084
1153 1084 1102
1155 1152 1100
1155 1100 1090
1099 1091 1090
1154 1156 1074
1154 1074 1084
1156 1157 1070
1156 1070 1074
1157 1158 986
1157 986 1070
1159 1008 1001
1159 1001 997
1015 1014 972
1015 972 974
1160 1159 997
1160 997 987
1158 1160 987
1158 987 986
1058 1161 1162
1058 1162 1055
1042 1163 1161
1042 1161 1058
1055 1162 1164
1055 1164 1056
1032 1165 1163
1032 1163 1042
1026 1166 1165
1026 1165 1032
963 1167 1166
963 1166 1026
966 1168 1167
966 1167 963
971 1013 1169
971 1169 1170
1171 1010 1002
1171 1002 1009
1172 1173 1174
1175 1173 1176
1175 1176 1177
1174 1173 1175
1174 1175 1178
1179 1180 1181
1179 1181 1182
1183 1184 1185
1186 1175 1177
1186 1177 1187
1178 1175 1186
1178 1186 1188
1189 1179 1182
1189 1182 1190
1191 1186 1187
1191 1187 1192
1188 1186 1191
1188 1191 1193
1194 1195 1196
1194 1196 1197
1190 1198 1189
1195 1199 1200
1195 1200 1196
1191 1192 1201
1191 1201 1202
1193 1191 1202
1193 1202 1203
1204 1205 1206
1204 1206 1207
1208 1204 1207
1208 1207 1209
1210 1211 1212
1213 1214 1215
1213 1215 1216
1199 1213 1216
1199 1216 1200
1209 1207 1217
1209 1217 1218
1207 1206 1217
1219 1181 1180
1173 1220 1221
1173 1221 1176
1222 1223 1224
1222 1224 1225
1226 1224 1227
1226 1227 1228
1227 1224 1223
1227 1223 1229
1230 1183 1185
1231 1232 1233
1231 1233 1234
1235 1236 1237
1228 1227 1238
1228 1238 1239
1238 1227 1229
1238 1229 1240
1234 1233 1241
1234 1241 1242
1243 1238 1240
1243 1240 1244
1245 1246 1247
1245 1247 1248
1249 1250 1251
1252 1253 1246
1252 1246 1245
1254 1255 1256
1254 1256 1257
1258 1243 1244
1258 1244 1259
1260 1251 1250
1261 1262 1263
1264 1265 1266
1267 1268 1269
1267 1269 1270
1270 1269 1253
1270 1253 1252
1271 1261 1263
1271 1263 1272
1261 1271 1273
1231 1274 1232
1275 1225 1224
1275 1224 1226
1276 1277 1278
1276 1278 1279
1280 1281 1277
1280 1277 1276
1282 1283 1284
1285 1286 1287
1282 1284 1222
1282 1222 1225
1225 1275 1288
1225 1288 1282
1286 1289 1287
1290 1282 1288
1273 1291 1258
1273 1258 1261
1291 1292 1243
1291 1243 1258
1292 1239 1238
1292 1238 1243
1293 1294 1295
1281 1280 1289
1281 1289 1296
1297 1298 1293
1297 1293 1295
1299 1300 1298
1299 1298 1297
1279 1278 1300
1279 1300 1299
1255 1242 1241
1255 1241 1256
1237 1301 1235
1302 1303 1304
1018 1006 1005
1018 1005 979
992 995 1016
992 1016 953
1148 978 979
1148 979 1005
1305 992 953
1305 953 952
1029 1306 1307
1029 1307 1030
966 971 1170
966 1170 1168
1306 967 969
1306 969 1307
954 958 1023
954 1023 955
1025 1019 1020
1025 1020 1034
975 1021 1080
975 1080 1067
981 1007 1308
981 1308 982
1309 982 1310
1311 982 1309
1036 1040 1039
1264 1266 1268
1264 1268 1267
1214 1210 1212
1214 1212 1215
1202 1201 1205
1202 1205 1204
1203 1202 1204
1203 1204 1208
1129 1303 1302
1128 1303 1129
1172 1220 1173
1312 1220 1172
1296 1289 1286
1248 1301 1237
1247 1301 1248
1230 1197 1183
1194 1197 1230
1258 1262 1261
1259 1262 1258
1260 1257 1251
1254 1257 1260
1090 1092 1155
1057 1056 1313
1164 1314 1056
1314 1313 1056
1290 1283 1282
992 994 995
1305 993 992
1308 1315 982
1310 982 1315
169 172 444
578 575 848
355 391 365
795 759 769
160 162 152
565 566 569
375 374 378
779 778 783
353 373 354
777 755 758
1079 1081 1075
1039 1040 1047
1316 1317 1318
1316 1318 1319
1320 1321 1322
1320 1322 1323
1323 1324 1325
1323 1325 1320
1324 1326 1327
1324 1327 1325
1326 1328 1329
1326 1329 1327
1329 1328 1330
1329 1330 1331
1318 1322 1321
1318 1321 1319
1332 1333 1334
1332 1334 1335
1336 1337 1338
1338 1337 1339
1340 1341 1342
1340 1342 1343
1343 1342 1344
1343 1344 1345
1345 1344 1346
1345 1346 1347
1348 1349 1350
1348 1350 1351
1350 1352 1353
1350 1353 1351
1336 1338 1341
1336 1341 1340
1341 1338 1339
1341 1339 1354
1350 1355 1356
1350 1356 1352
1349 1357 1355
1349 1355 1350
1344 1358 1359
1344 1359 1346
1342 1360 1358
1342 1358 1344
1341 1354 1360
1341 1360 1342
1361 1362 1317
1361 1317 1316
1331 1330 1363
1364 1365 1362
1364 1362 1361
1356 1366 1334
1356 1334 1352
1352 1334 1333
1352 1333 1353
1346 1359 1357
1346 1357 1349
1347 1346 1349
1347 1349 1348
1335 1334 1366
1335 1366 1367
1368 1335 1367
1368 1367 1369
1370 1371 1365
1370 1365 1364
1372 1332 1335
1372 1335 1368
122 121 446
527 526 850
124 120 122
525 529 526
1373 1374 1375
1376 1377 1373
1376 1373 1375
1377 1378 1373
1379 1380 1381
1377 1382 1383
1384 1385 1386
1384 1386 1387
1388 1386 1385
1388 1385 1389
1390 1391 1392
1390 1392 1393
1393 1392 1394
1393 1394 1395
1393 1395 1396
1393 1396 1397
1398 1399 1385
1398 1385 1384
1399 1400 1389
1399 1389 1385
1401 1402 1403
1401 1403 1404
1405 1406 1402
1405 1402 1401
1407 1408 1406
1407 1406 1405
1409 1410 1408
1409 1408 1407
1411 1412 1410
1411 1410 1409
1386 1411 1413
1386 1413 1387
1412 1386 1388
1378 1374 1373
1379 1414 1415
1416 1414 1379
1416 1379 1381
1414 1416 1417
1414 1417 1383
1383 1417 1418
1383 1418 1378
1419 1420 1421
1419 1421 1422
1423 1424 1425
1426 1427 1428
1426 1428 1429
1422 1421 1429
1422 1429 1428
1430 1431 1425
1430 1425 1424
1432 1433 1434
1432 1434 1435
1436 1437 1438
1436 1438 1439
1440 1436 1439
1440 1439 1441
1433 1432 1442
1433 1442 1443
1442 1444 1445
1442 1445 1443
1446 1447 1448
1446 1448 1449
1447 1450 1448
1451 1452 1453
1451 1453 1454
1455 1456 1457
1455 1457 1458
1458 1459 1460
1458 1460 1455
1440 1435 1461
1440 1461 1436
1436 1461 1462
1436 1462 1437
1441 1460 1459
1441 1459 1440
1451 1454 1450
1420 1419 1463
1420 1463 1464
1463 1462 1465
1463 1465 1464
1461 1466 1465
1461 1465 1462
1435 1434 1466
1435 1466 1461
1452 1451 1447
1452 1447 1446
1458 1457 1444
1458 1444 1442
1459 1458 1442
1459 1442 1432
1459 1432 1435
1459 1435 1440
1447 1451 1450
1467 1444 1457
1467 1457 1468
1468 1457 1456
1468 1456 1469
1470 1445 1444
1470 1444 1467
1427 1426 1431
1427 1431 1430
1446 1467 1468
1446 1468 1452
1452 1468 1469
1452 1469 1453
1449 1470 1467
1449 1467 1446
1437 1462 1463
1471 1472 1473
1474 1471 1473
1475 1476 1477
1478 1479 1471
1478 1471 1474
1479 1480 1472
1479 1472 1471
1481 1482 1483
1484 1377 1376
1485 1486 1487
1482 1481 1488
1489 1488 1481
1489 1481 1490
1490 1481 1483
1490 1483 1491
1477 1415 1492
1493 1494 1495
1493 1495 1496
1497 1496 1495
1497 1495 1498
1499 1500 1501
1492 1382 1502
1503 1486 1485
1504 1505 1506
1504 1506 1507
1476 1475 1508
1476 1508 1380
1400 1399 1509
1400 1509 1510
1511 1509 1399
1511 1399 1398
1512 1513 1514
1515 1514 1516
1515 1516 1517
1518 1519 1520
1518 1520 1521
1491 1522 1523
1491 1523 1490
1519 1518 1524
1519 1524 1525
1489 1490 1523
1489 1523 1526
1479 1516 1513
1479 1513 1480
1517 1516 1479
1517 1479 1478
1392 1519 1525
1392 1525 1394
1519 1392 1391
1519 1391 1520
1524 1518 1523
1524 1523 1522
1518 1521 1526
1518 1526 1523
1514 1515 1510
1514 1510 1509
1509 1511 1512
1509 1512 1514
1527 1528 1529
1529 1530 1531
1532 1533 1534
1535 1536 1537
1538 1536 1535
1538 1535 1539
1493 1540 1494
1485 1531 1530
1541 1542 1543
1500 1499 1544
1500 1544 1541
1545 1503 1485
1545 1485 1530
1506 1546 1547
1548 1528 1549
1548 1549 1550
1548 1530 1528
1546 1551 1547
1549 1533 1550
1537 1552 1543
1537 1543 1542
1551 1553 1554
1551 1554 1550
1555 1553 1551
1556 1557 1548
1534 1549 1527
1537 1558 1559
1539 1560 1561
1537 1559 1562
1537 1562 1535
1548 1545 1530
1557 1545 1548
1563 1546 1505
1505 1546 1506
1532 1506 1547
1507 1506 1532
1379 1476 1380
1415 1476 1379
1378 1564 1374
1418 1564 1378
1484 1502 1377
1494 1540 1539
1561 1494 1539
1544 1542 1541
1565 1542 1544
1383 1378 1377
1566 1397 1396
1411 1386 1412
1403 1567 1404
1476 1415 1477
1539 1540 1538
1550 1556 1548
1554 1556 1550
1546 1555 1551
1563 1555 1546
1533 1549 1534
1547 1533 1532
1549 1528 1527
1528 1530 1529
1487 1531 1485
1415 1382 1492
1542 1558 1537
1565 1558 1542
1535 1560 1539
1562 1560 1535
1383 1382 1414
1415 1414 1382
1377 1502 1382
1537 1536 1552
1547 1551 1533
1550 1533 1551
1568 1390 1393
1568 1393 1397
1566 1569 1568
1566 1568 1397
1570 1571 1572
1573 1571 1570
1573 1570 1574
1574 1570 1575
1576 1577 1578
1574 1579 1580
1581 1582 1583
1581 1583 1584
1585 1586 1584
1585 1584 1583
1587 1588 1589
1587 1589 1590
1588 1591 1592
1588 1592 1589
1588 1593 1591
1588 1594 1593
1595 1581 1584
1595 1584 1596
1596 1584 1586
1596 1586 1597
1598 1599 1600
1598 1600 1601
1602 1598 1601
1602 1601 1603
1604 1602 1603
1604 1603 1605
1606 1604 1605
1606 1605 1607
1608 1606 1607
1608 1607 1609
1583 1582 1610
1583 1610 1608
1609 1585 1583
1575 1570 1572
1576 1611 1612
1613 1577 1576
1613 1576 1612
1612 1579 1614
1612 1614 1613
1579 1575 1615
1579 1615 1614
1616 1617 1618
1616 1618 1619
1620 1621 1622
1623 1624 1625
1623 1625 1626
1617 1625 1624
1617 1624 1618
1627 1622 1621
1627 1621 1628
1629 1630 1631
1629 1631 1632
1633 1634 1635
1633 1635 1636
1637 1638 1634
1637 1634 1633
1632 1639 1640
1632 1640 1629
1640 1639 1641
1640 1641 1642
1643 1644 1645
1643 1645 1646
1646 1645 1647
1648 1649 1650
1648 1650 1651
1652 1653 1654
1652 1654 1655
1653 1652 1656
1653 1656 1657
1637 1633 1658
1637 1658 1630
1633 1636 1659
1633 1659 1658
1638 1637 1657
1638 1657 1656
1648 1647 1649
1619 1660 1661
1619 1661 1616
1661 1660 1662
1661 1662 1659
1658 1659 1662
1658 1662 1663
1630 1658 1663
1630 1663 1631
1651 1643 1646
1651 1646 1648
1653 1640 1642
1653 1642 1654
1657 1629 1640
1657 1640 1653
1657 1637 1630
1657 1630 1629
1646 1647 1648
1664 1665 1654
1664 1654 1642
1665 1666 1655
1665 1655 1654
1667 1664 1642
1667 1642 1641
1626 1627 1628
1626 1628 1623
1643 1651 1665
1643 1665 1664
1651 1650 1666
1651 1666 1665
1644 1643 1664
1644 1664 1667
1636 1661 1659
1668 1669 1670
1671 1669 1668
1672 1673 1674
1675 1671 1668
1675 1668 1676
1676 1668 1670
1676 1670 1677
1678 1679 1680
1681 1573 1574
1682 1683 1684
1680 1685 1678
1686 1687 1678
1686 1678 1685
1687 1688 1679
1687 1679 1678
1673 1689 1611
1690 1691 1692
1690 1692 1693
1694 1695 1692
1694 1692 1691
1696 1697 1698
1689 1699 1580
1700 1682 1684
1701 1702 1703
1701 1704 1702
1674 1578 1705
1674 1705 1672
1597 1706 1707
1597 1707 1596
1708 1595 1596
1708 1596 1707
1709 1710 1711
1712 1713 1714
1712 1714 1710
1715 1716 1717
1715 1717 1718
1688 1687 1719
1688 1719 1720
1718 1721 1722
1718 1722 1715
1686 1723 1719
1686 1719 1687
1676 1677 1711
1676 1711 1714
1713 1675 1676
1713 1676 1714
1589 1592 1721
1589 1721 1718
1718 1717 1590
1718 1590 1589
1722 1720 1719
1722 1719 1715
1715 1719 1723
1715 1723 1716
1710 1707 1706
1710 1706 1712
1707 1710 1709
1707 1709 1708
1724 1725 1726
1725 1727 1728
1729 1730 1731
1732 1733 1734
1735 1736 1732
1735 1732 1734
1690 1693 1737
1682 1728 1727
1738 1739 1740
1698 1738 1741
1698 1741 1696
1742 1728 1682
1742 1682 1700
1702 1743 1744
1745 1746 1747
1745 1747 1726
1745 1726 1728
1744 1743 1748
1747 1746 1731
1733 1740 1739
1733 1739 1749
1748 1746 1750
1748 1750 1751
1752 1748 1751
1753 1745 1754
1730 1724 1747
1733 1755 1756
1736 1757 1758
1733 1732 1759
1733 1759 1755
1745 1728 1742
1754 1745 1742
1760 1703 1744
1703 1702 1744
1729 1743 1702
1704 1729 1702
1576 1578 1674
1611 1576 1674
1575 1572 1761
1615 1575 1761
1681 1574 1699
1693 1736 1737
1757 1736 1693
1741 1738 1740
1762 1741 1740
1579 1574 1575
1763 1593 1594
1608 1609 1583
1600 1599 1764
1674 1673 1611
1736 1735 1737
1746 1745 1753
1750 1746 1753
1744 1748 1752
1760 1744 1752
1731 1730 1747
1743 1729 1731
1747 1724 1726
1726 1725 1728
1683 1682 1727
1611 1689 1580
1740 1733 1756
1762 1740 1756
1732 1736 1758
1759 1732 1758
1579 1612 1580
1611 1580 1612
1574 1580 1699
1733 1749 1734
1743 1731 1748
1746 1748 1731
1765 1594 1588
1765 1588 1587
1763 1594 1765
1763 1765 1766
1514 1513 1516
1711 1710 1714
159 327 163
564 567 745
161 163 327
569 568 565
1767 1768 1769
1770 1771 1772
1773 1774 1775
1776 1777 1778
1779 1780 1781
1779 1781 1782
1783 1784 1785
1786 1787 1788
1786 1788 1789
1790 1791 1792
1790 1792 1793
1794 1795 1796
1794 1796 1797
1798 1799 1800
1798 1800 1801
1802 1790 1793
1802 1793 1803
1804 1805 1806
1804 1806 1807
1808 1799 1798
1809 1810 1811
1812 1813 1795
1812 1795 1794
1809 1811 1814
1815 1816 1817
1815 1817 1818
1819 1815 1818
1819 1818 1820
1821 1822 1823
1821 1823 1824
1825 1826 1780
1825 1780 1779
1827 1825 1779
1827 1779 1828
1828 1779 1782
1828 1782 1829
1827 1828 1830
1827 1830 1831
1832 1833 1834
1835 1836 1837
1835 1837 1838
1839 1840 1841
1839 1841 1842
1830 1828 1829
1830 1829 1843
1838 1837 1844
1838 1844 1845
1846 1839 1842
1846 1842 1847
1837 1836 1848
1837 1848 1849
1850 1851 1852
1850 1852 1853
1854 1855 1856
1854 1856 1857
1844 1837 1849
1844 1849 1858
1832 1859 1833
1860 1861 1862
1771 1863 1864
1771 1864 1778
1865 1866 1867
1776 1868 1869
1870 1871 1872
1870 1872 1785
1807 1806 1873
1874 1875 1876
1780 1826 1874
1871 1870 1877
1871 1877 1878
1879 1880 1783
1881 1882 1883
1778 1864 1868
1778 1868 1776
1853 1852 1884
1853 1884 1885
1829 1886 1882
1829 1882 1881
1811 1818 1817
1811 1817 1814
1887 1888 1889
1890 1883 1822
1891 1892 1771
1891 1771 1770
1893 1894 1895
1893 1895 1896
1897 1898 1899
1900 1901 1902
1900 1902 1903
1904 1905 1906
1904 1906 1907
1908 1909 1910
1908 1910 1911
1912 1908 1911
1912 1911 1913
1914 1912 1913
1915 1916 1917
1915 1917 1918
1888 1887 1919
1888 1919 1920
1824 1889 1921
1824 1921 1922
1864 1863 1923
1864 1923 1924
1925 1926 1927
1882 1928 1883
1929 1930 1922
1898 1931 1899
1932 1933 1934
1932 1934 1935
1936 1937 1938
1936 1938 1939
1940 1941 1942
1940 1942 1943
1944 1937 1936
1944 1936 1945
1810 1820 1818
1810 1818 1811
1946 1947 1813
1946 1813 1812
1948 1949 1920
1948 1920 1919
1857 1856 1862
1857 1862 1861
1850 1853 1833
1850 1833 1859
1853 1885 1834
1853 1834 1833
1950 1924 1934
1950 1934 1951
1952 1953 1954
1952 1954 1955
1956 1957 1949
1956 1949 1948
1958 1783 1880
1935 1934 1924
1935 1924 1923
1769 1923 1863
1769 1863 1767
1959 1960 1905
1959 1905 1961
1962 1963 1964
1892 1767 1863
1892 1863 1771
1924 1950 1868
1924 1868 1864
1950 1865 1867
1950 1867 1868
1866 1869 1867
1948 1919 1965
1948 1965 1928
1829 1782 1886
1966 1967 1886
1968 1956 1969
1968 1969 1967
1961 1970 1959
1971 1972 1973
1934 1953 1951
1912 1974 1975
1912 1975 1908
1865 1950 1951
1865 1951 1976
1912 1914 1974
1977 1964 1961
1977 1961 1978
1971 1976 1952
1908 1975 1979
1908 1979 1909
1980 1981 1901
1980 1901 1900
1965 1823 1883
1769 1935 1923
1773 1982 1768
1983 1769 1768
1983 1768 1982
1930 1821 1824
1930 1824 1922
1921 1929 1922
1774 1892 1891
1774 1891 1775
1914 1984 1974
1980 1985 1986
1980 1986 1981
1975 1987 1988
1975 1988 1979
1989 1893 1917
1974 1984 1987
1974 1987 1975
1845 1844 1937
1845 1937 1944
1846 1847 1942
1846 1942 1941
1937 1844 1858
1937 1858 1938
1990 1796 1926
1990 1926 1925
1801 1800 1786
1791 1878 1877
1791 1877 1792
1979 1988 1985
1979 1985 1980
1909 1979 1980
1909 1980 1900
1909 1900 1903
1909 1903 1910
1986 1915 1918
1986 1918 1981
1981 1918 1896
1981 1896 1901
1960 1991 1906
1960 1906 1905
1978 1961 1905
1978 1905 1904
1901 1896 1895
1901 1895 1902
1893 1896 1918
1893 1918 1917
1906 1991 1931
1906 1931 1898
1916 1989 1917
1907 1906 1898
1907 1898 1897
1893 1989 1894
1768 1774 1773
1852 1936 1939
1852 1939 1884
1940 1943 1855
1940 1855 1854
1851 1945 1936
1851 1936 1852
1971 1952 1955
1971 1955 1972
1951 1953 1952
1951 1952 1976
1805 1804 1947
1805 1947 1946
1802 1803 1815
1802 1815 1819
1803 1808 1816
1803 1816 1815
1785 1872 1879
1785 1879 1783
1785 1784 1788
1785 1788 1870
1992 1789 1788
1992 1788 1784
1877 1787 1792
1792 1800 1793
1877 1870 1788
1877 1788 1787
1956 1948 1928
1956 1928 1969
1956 1968 1957
1886 1969 1882
1836 1830 1993
1836 1993 1848
1840 1994 1995
1840 1995 1841
1831 1830 1835
1803 1799 1808
1793 1799 1803
1876 1780 1874
1781 1780 1876
1958 1784 1783
1992 1784 1958
1965 1887 1823
1919 1887 1965
1824 1887 1889
1823 1887 1824
1767 1774 1768
1892 1774 1767
1983 1935 1769
1932 1935 1983
1996 1997 1998
1964 1970 1961
1963 1970 1964
1954 1953 1933
1933 1953 1934
1793 1800 1799
1925 1927 1999
1927 2000 1997
1786 1800 1787
1792 1787 1800
1835 1830 1836
1883 1928 1965
1886 1967 1969
1886 1782 1966
1772 1771 1778
1778 1777 1772
1869 1868 1867
1822 1883 1823
1881 1883 1890
1882 1969 1928
2001 2002 2003
2001 2003 2004
2005 2006 2007
2004 2006 2008
2004 2008 2009
2010 2011 2002
2010 2002 2001
2012 2001 2004
2012 2004 2009
2013 2014 2015
2014 2013 2016
2016 2017 2018
2017 2016 2013
2001 2012 2019
2001 2019 2010
2005 2008 2006
2006 2004 2003
2006 2003 2007
2020 2021 2022
2015 2014 2010
2015 2010 2019
2011 2010 2014
2011 2014 2022
2023 2014 2016
2014 2020 2022
2024 2025 2026
2024 2026 2027
2028 2029 2030
2028 2030 2031
2032 2033 2034
2032 2034 2035
2034 2036 2035
2037 2038 2039
2037 2039 2040
2041 2042 2043
2041 2043 2030
2024 2027 2044
2024 2044 2045
2046 2047 2048
2046 2048 2049
2049 2050 2051
2049 2051 2046
2052 2053 2054
2052 2054 2055
2056 2057 2058
2059 2060 2061
2059 2061 2062
2060 2063 2061
2061 2063 2064
2065 2062 2061
2065 2061 2064
2031 2030 2043
2031 2043 2066
2067 2032 2035
2067 2035 2068
2041 2030 2029
2041 2029 2069
2036 2068 2035
2070 2071 2072
2073 2074 2032
2073 2032 2067
2072 2040 2039
2072 2039 2070
2033 2032 2074
2033 2074 2075
2076 2077 2078
2079 2080 2081
2079 2081 2082
2078 2083 2084
2078 2084 2076
2085 2086 2087
2085 2087 2088
2089 2090 2091
2089 2091 2092
2093 2094 2095
2093 2095 2096
2058 2057 2052
2058 2052 2055
2093 2097 2098
2093 2098 2099
2099 2100 2086
2099 2086 2093
2086 2100 2101
2086 2101 2087
2102 2103 2083
2102 2083 2078
2077 2102 2078
2091 2090 2051
2091 2051 2050
2054 2053 2089
2054 2089 2092
2081 2104 2105
2081 2105 2082
2106 2107 2105
2106 2105 2104
2087 2101 2084
2087 2084 2083
2103 2088 2087
2103 2087 2083
2028 2075 2074
2028 2074 2029
2029 2074 2073
2029 2073 2069
2079 2038 2037
2079 2037 2080
2025 2108 2109
2066 2043 2062
2066 2062 2065
2042 2059 2062
2042 2062 2043
2048 2047 2045
2048 2045 2044
2025 2110 2108
2110 2111 2108
2025 2109 2026
2112 2113 2114
2112 2114 2115
2116 2117 2118
2119 2120 2121
2120 2119 2122
2123 2120 2124
2118 2117 2125
2126 2127 2128
2129 2130 2128
2130 2129 2131
2112 2132 2133
2112 2133 2134
2135 2128 2130
2130 2136 2133
2134 2137 2138
2134 2138 2139
2140 2141 2139
2140 2139 2138
2142 2143 2121
2143 2116 2119
2127 2129 2128
2118 2122 2119
2122 2118 2125
2134 2133 2144
2134 2144 2137
2130 2133 2132
2130 2132 2135
2140 2142 2141
2124 2114 2113
2124 2113 2123
2139 2141 2123
2139 2123 2113
2115 2145 2132
2115 2132 2112
2134 2139 2113
2134 2113 2112
2145 2146 2135
2145 2135 2132
2135 2126 2128
2146 2126 2135
2123 2121 2120
2141 2121 2123
2141 2142 2121
2121 2143 2119
2119 2116 2118
2133 2136 2144
2144 2136 2147
2148 2130 2131
2148 2131 2149
2150 2151 2152
2150 2152 2153
2154 2155 2156
2154 2156 2157
2158 2159 2154
2158 2154 2157
2160 2150 2153
2161 2162 2163
2161 2163 2164
2165 2166 2161
2165 2161 2164
2151 2167 2168
2151 2168 2152
2169 2164 2163
2169 2165 2164
2170 2161 2166
2170 2166 2171
2162 2161 2170
2162 2170 2172
2167 2173 2174
2167 2174 2168
2175 2176 2172
2175 2172 2170
2175 2170 2171
2175 2171 2177
2177 2158 2157
2177 2157 2175
2176 2175 2157
2176 2157 2156
2149 2174 2173
2149 2173 2148
2178 2179 2180
2181 2182 2183
2184 2185 2186
2187 2188 2189
2190 2191 2192
2190 2192 2193
2194 2195 2196
2197 2198 2199
2197 2199 2200
2201 2202 2203
2201 2203 2204
2205 2206 2207
2205 2207 2208
2209 2210 2211
2209 2211 2212
2213 2214 2202
2213 2202 2201
2215 2216 2217
2215 2217 2218
2219 2209 2212
2220 2221 2222
2223 2205 2208
2223 2208 2224
2220 2225 2221
2226 2227 2228
2226 2228 2229
2230 2231 2227
2230 2227 2226
2232 2233 2234
2232 2234 2235
2236 2190 2193
2236 2193 2237
2238 2239 2190
2238 2190 2236
2239 2240 2191
2239 2191 2190
2238 2241 2242
2238 2242 2239
2243 2244 2245
2246 2247 2248
2246 2248 2249
2250 2251 2252
2250 2252 2253
2242 2254 2240
2242 2240 2239
2247 2255 2256
2247 2256 2248
2257 2258 2251
2257 2251 2250
2248 2259 2260
2248 2260 2249
2261 2262 2263
2261 2263 2264
2265 2266 2267
2265 2267 2268
2256 2269 2259
2256 2259 2248
2243 2245 2270
2271 2272 2273
2183 2188 2274
2183 2274 2275
2276 2277 2278
2187 2279 2280
2281 2195 2282
2281 2282 2283
2216 2284 2217
2285 2286 2287
2193 2285 2237
2283 2288 2289
2283 2289 2281
2290 2194 2291
2292 2293 2294
2188 2187 2280
2188 2280 2274
2262 2295 2296
2262 2296 2263
2240 2292 2294
2240 2294 2297
2221 2225 2228
2221 2228 2227
2298 2299 2300
2301 2235 2293
2302 2181 2183
2302 2183 2303
2304 2305 2306
2304 2306 2307
2308 2309 2310
2311 2312 2313
2311 2313 2314
2315 2316 2317
2315 2317 2318
2319 2320 2321
2319 2321 2322
2323 2324 2320
2323 2320 2319
2325 2324 2323
2326 2327 2328
2326 2328 2329
2300 2330 2331
2300 2331 2298
2233 2332 2333
2233 2333 2299
2274 2334 2335
2274 2335 2275
2336 2337 2338
2294 2293 2339
2340 2332 2341
2310 2309 2342
2343 2344 2345
2343 2345 2346
2347 2348 2349
2347 2349 2350
2351 2352 2353
2351 2353 2354
2355 2356 2347
2355 2347 2350
2222 2221 2227
2222 2227 2231
2357 2223 2224
2357 2224 2358
2359 2331 2330
2359 2330 2360
2266 2273 2272
2266 2272 2267
2261 2270 2245
2261 2245 2262
2262 2245 2244
2262 2244 2295
2361 2362 2345
2361 2345 2334
2363 2364 2365
2363 2365 2366
2367 2359 2360
2367 2360 2368
2369 2291 2194
2344 2335 2334
2344 2334 2345
2179 2178 2275
2179 2275 2335
2370 2371 2318
2370 2318 2372
2373 2374 2375
2303 2183 2275
2303 2275 2178
2334 2274 2280
2334 2280 2361
2361 2280 2277
2361 2277 2276
2278 2277 2279
2359 2339 2376
2359 2376 2331
2240 2297 2191
2377 2297 2378
2379 2378 2380
2379 2380 2367
2371 2370 2381
2382 2383 2384
2345 2362 2366
2323 2319 2385
2323 2385 2386
2276 2387 2362
2276 2362 2361
2323 2386 2325
2388 2389 2371
2388 2371 2374
2382 2363 2387
2319 2322 2390
2319 2390 2385
2391 2311 2314
2391 2314 2392
2376 2293 2234
2179 2335 2344
2184 2180 2393
2394 2393 2180
2394 2180 2179
2341 2332 2233
2341 2233 2232
2333 2332 2340
2186 2185 2302
2186 2302 2303
2325 2386 2395
2391 2392 2396
2391 2396 2397
2385 2390 2398
2385 2398 2399
2400 2328 2304
2386 2385 2399
2386 2399 2395
2255 2355 2350
2255 2350 2256
2257 2354 2353
2257 2353 2258
2350 2349 2269
2350 2269 2256
2401 2402 2403
2401 2403 2336
2210 2197 2211
2204 2203 2289
2204 2289 2288
2390 2391 2397
2390 2397 2398
2322 2311 2391
2322 2391 2390
2322 2321 2312
2322 2312 2311
2396 2392 2327
2396 2327 2326
2392 2314 2305
2392 2305 2327
2372 2318 2317
2372 2317 2404
2389 2315 2318
2389 2318 2371
2314 2313 2306
2314 2306 2305
2304 2328 2327
2304 2327 2305
2317 2310 2342
2317 2342 2404
2329 2328 2400
2316 2308 2310
2316 2310 2317
2304 2307 2400
2180 2184 2186
2263 2296 2348
2263 2348 2347
2351 2265 2268
2351 2268 2352
2264 2263 2347
2264 2347 2356
2382 2384 2364
2382 2364 2363
2362 2387 2363
2362 2363 2366
2218 2357 2358
2218 2358 2215
2213 2230 2226
2213 2226 2214
2214 2226 2229
2214 2229 2219
2195 2194 2290
2195 2290 2282
2195 2281 2199
2195 2199 2196
2405 2196 2199
2405 2199 2198
2289 2203 2200
2203 2202 2211
2289 2200 2199
2289 2199 2281
2367 2380 2339
2367 2339 2359
2367 2368 2379
2297 2294 2380
2249 2260 2406
2249 2406 2242
2253 2252 2407
2253 2407 2408
2241 2246 2242
2214 2219 2212
2202 2214 2212
2286 2285 2193
2192 2286 2193
2369 2194 2196
2405 2369 2196
2376 2234 2298
2331 2376 2298
2233 2299 2298
2234 2233 2298
2178 2180 2186
2303 2178 2186
2394 2179 2344
2343 2394 2344
2409 2338 2410
2374 2371 2381
2375 2374 2381
2365 2346 2366
2346 2345 2366
2202 2212 2211
2336 2411 2337
2337 2410 2412
2197 2200 2211
2203 2211 2200
2246 2249 2242
2293 2376 2339
2297 2380 2378
2297 2377 2191
2182 2188 2183
2188 2182 2189
2279 2277 2280
2235 2234 2293
2292 2301 2293
2294 2339 2380
2413 2414 2415
2413 2415 2416
2417 2418 2419
2414 2420 2421
2414 2421 2419
2422 2413 2416
2422 2416 2423
2424 2420 2414
2424 2414 2413
2425 2426 2427
2427 2428 2425
2428 2429 2430
2430 2425 2428
2413 2422 2431
2413 2431 2424
2417 2419 2421
2419 2418 2415
2419 2415 2414
2432 2433 2434
2426 2431 2422
2426 2422 2427
2423 2433 2427
2423 2427 2422
2432 2428 2427
2427 2433 2432
2435 2436 2437
2435 2437 2438
2439 2440 2441
2439 2441 2442
2443 2444 2445
2443 2445 2446
2445 2444 2447
2448 2449 2450
2448 2450 2451
2452 2441 2453
2452 2453 2454
2435 2455 2456
2435 2456 2436
2457 2458 2459
2457 2459 2460
2458 2457 2461
2458 2461 2462
2463 2464 2465
2463 2465 2466
2467 2468 2469
2470 2471 2472
2470 2472 2473
2473 2472 2474
2472 2475 2474
2476 2475 2472
2476 2472 2471
2440 2477 2453
2440 2453 2441
2478 2479 2444
2478 2444 2443
2452 2480 2442
2452 2442 2441
2447 2444 2479
2481 2482 2483
2484 2478 2443
2484 2443 2485
2482 2481 2450
2482 2450 2449
2446 2486 2485
2446 2485 2443
2487 2488 2489
2490 2491 2492
2490 2492 2493
2488 2487 2494
2488 2494 2495
2496 2497 2498
2496 2498 2499
2500 2501 2502
2500 2502 2503
2504 2505 2506
2504 2506 2507
2468 2464 2463
2468 2463 2469
2504 2508 2509
2504 2509 2510
2508 2504 2499
2508 2499 2511
2499 2498 2512
2499 2512 2511
2513 2488 2495
2513 2495 2514
2489 2488 2513
2502 2462 2461
2502 2461 2503
2465 2501 2500
2465 2500 2466
2492 2491 2515
2492 2515 2516
2517 2516 2515
2517 2515 2518
2498 2495 2494
2498 2494 2512
2514 2495 2498
2514 2498 2497
2439 2442 2485
2439 2485 2486
2442 2480 2484
2442 2484 2485
2490 2493 2448
2490 2448 2451
2438 2519 2520
2477 2476 2471
2477 2471 2453
2454 2453 2471
2454 2471 2470
2459 2456 2455
2459 2455 2460
2438 2520 2521
2521 2520 2522
2438 2437 2519
2523 2524 2525
2523 2525 2526
2527 2528 2529
2530 2531 2532
2532 2533 2530
2534 2535 2532
2528 2536 2529
2537 2538 2539
2540 2538 2541
2541 2542 2540
2523 2543 2544
2523 2544 2545
2546 2541 2538
2541 2544 2547
2543 2548 2549
2543 2549 2550
2551 2549 2548
2551 2548 2552
2553 2531 2554
2554 2530 2527
2539 2538 2540
2528 2530 2533
2533 2536 2528
2543 2550 2555
2543 2555 2544
2541 2546 2545
2541 2545 2544
2551 2552 2553
2535 2534 2526
2535 2526 2525
2548 2526 2534
2548 2534 2552
2524 2523 2545
2524 2545 2556
2543 2523 2526
2543 2526 2548
2556 2545 2546
2556 2546 2557
2546 2538 2537
2557 2546 2537
2534 2532 2531
2552 2534 2531
2552 2531 2553
2531 2530 2554
2530 2528 2527
2544 2555 2547
2555 2558 2547
2559 2560 2542
2559 2542 2541
2561 2562 2563
2561 2563 2564
2565 2566 2567
2565 2567 2568
2569 2566 2565
2569 2565 2570
2571 2562 2561
2572 2573 2574
2572 2574 2575
2576 2573 2572
2576 2572 2577
2564 2563 2578
2564 2578 2579
2580 2574 2573
2580 2573 2576
2581 2582 2577
2581 2577 2572
2575 2583 2581
2575 2581 2572
2579 2578 2584
2579 2584 2585
2586 2581 2583
2586 2583 2587
2586 2588 2582
2586 2582 2581
2588 2586 2566
2588 2566 2569
2587 2567 2566
2587 2566 2586
2560 2559 2585
2560 2585 2584
2589 2590 2591
2589 2591 2592
2593 2594 2595
2593 2595 2596
2597 2598 2599
2597 2599 2600
2598 2601 2602
2603 2604 2605
2603 2605 2602
2596 2606 2593
2589 2607 2608
2589 2608 2609
2610 2611 2612
2610 2612 2613
2593 2606 2614
2596 2595 2615
2596 2615 2616
2617 2618 2619
2620 2621 2622
2621 2623 2622
2624 2603 2625
2626 2627 2628
2626 2628 2629
2630 2631 2632
2633 2634 2635
2636 2637 2638
2639 2640 2641
2642 2643 2644
2642 2644 2645
2646 2647 2648
2640 2633 2635
2640 2635 2649
2638 2650 2636
2651 2652 2653
2654 2655 2656
2654 2656 2657
2658 2659 2656
2634 2660 2661
2662 2663 2664
2665 2666 2667
2668 2669 2670
2667 2671 2665
2663 2672 2673
2674 2675 2676
2674 2676 2677
2678 2679 2680
2681 2682 2683
2681 2683 2684
2685 2686 2687
2688 2689 2690
2662 2654 2691
2692 2693 2694
2692 2694 2695
2684 2696 2681
2680 2697 2698
2680 2698 2678
2699 2695 2700
2699 2700 2701
2702 2703 2624
2690 2704 2705
2706 2707 2708
2709 2710 2711
2709 2711 2712
2713 2714 2715
2713 2715 2716
2717 2706 2718
2719 2709 2712
2719 2712 2720
2721 2717 2722
2704 2723 2724
2704 2724 2725
2726 2727 2728
2673 2729 2671
2673 2671 2667
2726 2730 2731
2726 2731 2732
2733 2734 2634
2657 2734 2735
2734 2657 2660
2736 2737 2738
2728 2739 2640
2740 2728 2639
2739 2733 2633
2736 2734 2733
2741 2606 2596
2613 2742 2743
2613 2743 2610
2744 2745 2746
2722 2718 2747
2628 2748 2749
2628 2749 2629
2718 2708 2750
2718 2750 2751
2632 2752 2753
2632 2753 2630
2716 2715 2754
2716 2754 2755
2756 2619 2610
2756 2610 2743
2757 2758 2759
2757 2759 2760
2761 2762 2758
2761 2758 2757
2763 2764 2765
2763 2765 2766
2764 2763 2767
2764 2767 2768
2764 2768 2769
2764 2769 2770
2764 2770 2765
2762 2771 2772
2762 2772 2758
2772 2773 2758
2774 2775 2776
2777 2705 2778
2777 2778 2696
2700 2779 2780
2776 2781 2774
2782 2783 2784
2782 2784 2785
2786 2787 2788
2786 2789 2790
2791 2792 2793
2794 2795 2796
2797 2798 2794
2799 2800 2797
2801 2802 2803
2798 2804 2805
2798 2805 2795
2806 2782 2803
2807 2805 2808
2807 2808 2809
2801 2810 2800
2797 2794 2811
2797 2811 2812
2811 2794 2813
2814 2802 2815
2816 2817 2818
2816 2818 2819
2792 2820 2821
2792 2821 2822
2804 2823 2808
2804 2808 2805
2785 2824 2825
2785 2825 2782
2826 2827 2810
2826 2810 2828
2665 2829 2830
2665 2830 2831
2832 2666 2665
2832 2665 2831
2782 2806 2783
2811 2813 2833
2811 2833 2834
2835 2836 2793
2837 2838 2814
2834 2839 2812
2834 2812 2811
2840 2841 2842
2840 2842 2843
2844 2845 2846
2846 2847 2844
2848 2849 2850
2848 2850 2851
2852 2853 2854
2852 2854 2855
2856 2857 2858
2856 2858 2859
2854 2860 2855
2836 2861 2862
2849 2848 2863
2849 2863 2864
2865 2866 2867
2865 2867 2868
2869 2870 2871
2869 2871 2872
2855 2873 2868
2869 2874 2844
2875 2876 2877
2875 2877 2878
2878 2877 2879
2878 2879 2880
2881 2853 2882
2881 2882 2883
2872 2884 2874
2872 2874 2869
2868 2885 2855
2886 2885 2868
2886 2868 2867
2887 2888 2841
2889 2890 2891
2889 2891 2888
2892 2841 2888
2879 2888 2891
2789 2893 2796
2894 2895 2896
2894 2896 2897
2870 2869 2898
2866 2899 2900
2866 2900 2867
2901 2877 2876
2901 2876 2902
2872 2903 2904
2872 2904 2884
2867 2900 2905
2867 2905 2886
2890 2906 2907
2890 2907 2891
2880 2879 2891
2880 2891 2907
2793 2822 2835
2908 2909 2910
2908 2910 2911
2912 2913 2914
2912 2914 2915
2916 2917 2918
2916 2918 2919
2920 2921 2922
2923 2924 2909
2923 2909 2908
2925 2926 2927
2925 2927 2928
2929 2930 2925
2916 2919 2931
2916 2931 2932
2933 2934 2935
2935 2921 2936
2935 2936 2933
2928 2927 2937
2938 2912 2939
2939 2940 2938
2941 2942 2943
2941 2943 2944
2945 2946 2947
2947 2948 2942
2947 2942 2941
2949 2950 2935
2947 2916 2945
2917 2916 2947
2917 2947 2941
2935 2951 2949
2934 2952 2953
2954 2955 2956
2911 2910 2957
2911 2957 2958
2959 2960 2961
2962 2925 2928
2963 2964 2965
2966 2967 2968
2969 2970 2971
2969 2971 2972
2973 2974 2975
2973 2975 2976
2977 2974 2978
2977 2978 2979
2968 2980 2966
2971 2981 2982
2971 2982 2972
2979 2978 2981
2983 2984 2980
2983 2980 2968
2976 2975 2985
2976 2985 2986
2968 2987 2988
2968 2988 2983
2989 2976 2986
2989 2986 2990
2991 2992 2993
2594 2608 2607
2594 2607 2595
2994 2995 2996
2994 2996 2997
2998 2989 2990
2999 3000 3001
2999 3001 3002
3003 3004 3005
2999 3006 3007
2999 3007 3008
3009 3010 3011
3012 3013 3014
3008 3015 3000
3008 3000 2999
3016 3017 3018
3019 3002 3001
3019 3001 3020
3021 3022 3020
3021 3020 3001
3015 3023 3024
3015 3024 3000
3003 3009 3021
3003 3021 3024
3012 3025 3013
3024 3021 3001
3024 3001 3000
3026 3027 3028
3026 3028 3029
2961 3030 3026
3031 3032 3033
3031 3033 3034
3035 3036 3037
3035 3038 3036
3039 3040 3041
3039 3041 3042
3043 3044 3045
3046 3047 3040
3046 3040 3039
3048 3043 3045
3048 3045 3049
3050 3051 3052
2821 3053 3054
2821 3054 2822
3055 3056 3057
3055 3057 3058
3059 3060 3061
3059 3061 3062
3063 3064 3060
3063 3060 3059
3065 3064 3063
3065 3063 3066
3067 3065 3066
3067 3066 3068
3069 3070 3071
3069 3071 3072
3073 3074 3075
3073 3075 3076
3077 3078 3079
3077 3079 3080
3081 3082 3083
3081 3083 3084
2983 2988 3085
2983 3085 3086
3086 3087 2984
3086 2984 2983
3088 2998 2990
3089 3090 3091
3089 3091 3092
3093 3094 3090
3093 3090 3089
3095 3096 3094
3095 3094 3093
3097 3098 3096
3097 3096 3095
3099 3100 3101
3099 3101 3102
3092 3091 3103
3092 3103 3104
3105 3106 3107
3108 3109 3110
3107 3111 3112
3104 3103 3106
3104 3106 3105
3112 3113 3114
3115 3116 3117
3115 3117 3118
3119 3120 3121
3122 3123 3124
3122 3124 3125
3126 3122 3125
3126 3125 3127
3128 3129 3130
3128 3130 3131
3123 3132 3124
3133 3134 3135
3136 3137 3100
3136 3100 3099
3138 3139 3140
3138 3140 3141
3141 3140 3142
3141 3142 3143
3144 3145 3146
3144 3146 3147
3147 3146 3148
3147 3148 3149
3150 3151 3152
3150 3152 3153
3151 3154 3152
3155 3156 3153
3155 3153 3152
3152 3157 3158
3159 3160 3161
3159 3161 3162
3162 3161 3163
3164 3159 3165
3165 3162 3166
3167 3164 3168
3168 3165 3169
2685 3170 2780
2631 2630 2614
3080 3079 3171
3080 3171 3172
2748 3173 3174
2748 3174 2749
3175 3176 3177
3175 3177 3178
3179 3180 3181
3117 3116 3182
3117 3182 3183
3113 3184 3114
3103 3185 3106
3113 3111 3186
3113 3186 3184
3187 3109 3188
3187 3188 3189
3111 3190 3186
3103 3091 3191
3103 3191 3185
3192 3193 3118
3192 3118 3117
3098 3194 3195
3098 3195 3096
3096 3195 3196
3096 3196 3094
3090 3094 3196
3090 3196 3197
3091 3090 3197
3091 3197 3191
2670 3198 3199
2664 2673 3200
2656 2655 2658
3178 3177 3201
3178 3201 3202
3203 3204 3205
3203 3205 3123
3206 3207 3129
3206 3129 3128
3208 3122 3126
3208 3126 3209
3208 3203 3123
3208 3123 3122
3002 3006 2999
2720 2712 3210
2720 3210 3211
2712 2711 3212
2712 3212 3210
2708 3213 3214
2708 3214 2750
3215 3216 3173
3215 3173 2748
3217 3218 3171
3217 3171 3079
3219 3217 3079
3219 3079 3078
3220 3221 3075
3220 3075 3074
3222 3223 3071
3222 3071 3070
3224 3225 3065
3224 3065 3067
3225 3226 3064
3225 3064 3065
3227 3228 3229
3227 3229 3230
3231 3232 3061
3231 3061 3060
3233 3234 3057
3226 3231 3060
3226 3060 3064
3009 3011 3022
3009 3022 3021
2614 2630 2593
3235 3228 3236
3237 3238 3239
3237 3239 3240
3241 3242 3238
3241 3238 3237
3140 3243 3244
3140 3244 3142
3139 3245 3243
3139 3243 3140
3246 3247 3248
2892 2877 2901
3249 3238 3242
3249 3242 3250
3251 3239 3238
3251 3238 3249
2882 2887 2841
2882 2841 2840
3252 3253 2967
3252 2967 2966
3254 2994 2997
3254 2997 3255
3199 3256 2675
3199 2675 2674
2783 2791 2862
3257 3258 3259
3257 3259 3260
3261 3262 2895
3261 2895 2894
3263 3264 2666
3263 2666 2832
2966 2977 2979
2966 2979 3252
3265 3266 3267
3267 3266 3268
3204 3265 3267
3204 3267 3205
3205 3267 3268
3205 3268 3269
3270 3206 3128
3270 3128 3134
3134 3128 3271
2973 3272 3230
3273 3274 3275
3276 3048 3049
3276 3049 3277
3278 3279 3051
3278 3051 3050
3040 3047 3280
3045 3281 3282
3045 3282 3283
3280 3284 3040
3049 3045 3285
3286 3038 3035
3287 3288 2963
3287 2963 2965
3289 3290 3291
3289 3291 3047
3292 3289 3047
3292 3047 3046
3293 3294 2965
3293 2965 3295
3296 3297 3298
3261 2894 2850
3261 2850 3299
2911 2942 2948
2911 2948 2908
2908 2948 2946
2908 2946 2923
2942 2911 2958
2942 2958 2943
2940 3300 3301
3302 3031 3034
3302 3034 3303
2949 3304 2939
2939 2915 2949
2915 2914 3305
2915 3305 2950
2943 2958 3031
2943 3031 3302
2958 2957 3031
2944 2943 3302
2944 3302 2954
3306 3088 3307
3229 3121 2978
3229 2978 3230
3230 2978 2973
3307 3088 3308
3257 3309 3310
3257 3310 3087
3260 3311 3309
3260 3309 3257
3023 3004 3003
3023 3003 3024
3005 3010 3009
3005 3009 3003
3312 3313 2930
3312 2930 2929
2787 3314 3315
2795 2805 2807
2795 2807 2790
3216 3316 3317
3216 3317 3173
3174 3173 3317
3174 3317 3318
2590 2589 2609
2590 2609 3319
2819 2818 2820
2819 2820 2792
3320 3215 2748
3320 2748 2628
3321 3322 3323
3324 3325 2745
3326 3327 3328
3329 3330 3331
3329 3331 3332
2703 3329 3332
2653 2650 2658
2661 2659 2638
2649 2635 2646
2638 3333 2661
3264 3334 3200
3335 3336 3337
3323 3338 3339
3323 3339 2592
3322 3340 3341
3342 3343 3344
3345 3346 3347
2594 2593 2630
2594 2630 2753
3340 3348 3341
2851 2850 2894
2851 2894 2897
3349 3350 3262
3349 3262 3261
2902 3351 3350
2902 3350 3349
3352 3241 3237
3352 3237 3353
3353 3237 3240
3353 3240 3354
3029 3028 3355
3151 3356 3357
3151 3357 3154
3358 3356 3151
3358 3151 3150
2843 2842 3359
2843 3359 3299
2883 3360 2881
2864 2840 2843
2864 2843 2849
2849 2843 3299
2849 3299 2850
3349 3261 3299
3349 3299 3359
3361 3362 3363
3361 3363 3364
3365 3362 3361
3365 3361 3366
3367 3361 3364
3367 3364 3368
3366 3361 3367
3366 3367 3369
3370 3367 3368
3370 3368 3371
3369 3367 3370
3369 3370 3372
3373 3374 3375
3373 3375 3376
3377 3373 3376
3377 3376 3378
3379 3376 3375
3379 3375 3380
3378 3376 3379
3378 3379 3381
3382 3383 3384
3385 3386 3383
3385 3383 3382
3387 3388 3389
3387 3389 3390
3391 3387 3390
3391 3390 3392
3390 3389 3393
3390 3393 3394
3392 3390 3394
3392 3394 3395
3394 3393 3396
3394 3396 3397
3395 3394 3397
3395 3397 3398
3399 3400 3401
3402 3399 3401
3402 3401 3403
3401 3404 3405
3401 3405 3406
3403 3401 3406
3403 3406 3407
3408 3406 3409
3407 3406 3408
3233 3057 3056
3234 3410 3058
3234 3058 3057
2975 2980 2984
2975 2984 2985
2974 2977 2980
2974 2980 2975
3311 3306 3307
3311 3307 3309
3309 3307 3308
3309 3308 3310
3411 3304 2926
2926 2951 2927
2934 2933 2952
3300 2940 3411
2824 2828 2810
2824 2810 2825
2816 2838 2817
2803 2825 2801
2803 2816 2806
2619 2618 2610
3412 2601 2598
3412 2598 2597
2605 2599 2598
2605 2598 2602
3413 2619 2756
3414 3415 2702
2856 2859 3416
3417 2925 2962
3417 2962 3418
2839 2815 2812
3301 3419 2946
2938 3301 2945
3420 2924 3421
3420 3421 3422
2932 2931 2913
2932 2913 2912
2945 2932 2938
3423 3420 3422
3423 3422 3424
2957 3026 3032
2910 2961 2957
3032 3029 3425
3032 3425 3033
3272 3236 3227
3426 3182 3116
3426 3116 3427
3428 2893 2789
2833 2813 3429
2788 3428 2789
2788 2789 2786
2790 2807 2786
2809 3314 2787
2809 2787 2807
3430 3427 3116
3430 3116 3115
3136 3431 3432
3136 3432 3137
3432 3431 3433
3101 3434 3435
3101 3435 3102
3436 3251 3249
3436 3249 3192
3183 3436 3192
3183 3192 3117
3437 3426 3427
3418 3435 3434
3418 3434 3417
2924 2923 3419
2924 3419 3421
3421 3419 3300
3421 3300 3313
2959 2909 2924
2959 2924 3420
2961 2910 2959
3313 3300 3411
3313 3411 2930
2930 3411 2926
2930 2926 2925
3438 2858 3439
3439 2857 3440
3294 3441 2965
3442 3287 3441
3287 3443 3288
3444 2856 3416
3258 3257 3087
3258 3087 3086
3086 3085 2996
3086 2996 3258
3255 2997 3083
3255 3083 3082
3087 3310 2985
3087 2985 2984
2988 3084 3083
2988 3083 3085
2987 2964 3084
2987 3084 2988
2964 2987 3295
2995 3259 3258
2995 3258 2996
3085 3083 2997
3085 2997 2996
3310 3308 2986
3310 2986 2985
3308 3088 2990
3308 2990 2986
3445 2716 2755
3445 2755 3446
3447 2713 2716
3447 2716 3445
3448 2724 2723
3448 2723 3449
3449 2723 3450
3449 3450 3451
2689 3450 2723
2689 2723 2704
2689 3452 3450
3006 3453 3007
3454 3455 3456
3454 3456 3457
3458 3459 3460
3458 3460 3461
3461 3460 3462
3461 3462 3463
3464 3465 3463
3464 3463 3462
3466 3467 3468
3466 3468 3469
3469 3470 3471
3469 3471 3466
3470 3472 3473
3470 3473 3471
3472 3474 3475
3472 3475 3473
3476 3475 3474
3476 3474 3477
3477 3478 3479
3477 3479 3476
3480 3481 3482
3480 3482 3483
3484 3485 3486
3487 3488 3489
3487 3489 3490
3490 3489 3491
3490 3491 3492
3493 3494 3495
3493 3495 3496
3496 3495 3497
3496 3497 3498
3499 2646 2648
3500 3501 3502
3500 3502 3503
3501 3504 3505
3501 3505 3502
3506 3507 3505
3506 3505 3504
3508 3509 3510
3508 3510 3511
3512 3513 3514
3512 3514 3515
3516 3517 3515
3516 3515 3514
3518 3519 3520
3518 3520 3521
3522 3523 3518
3522 3518 3521
3524 3525 3523
3524 3523 3522
3526 3527 3525
3526 3525 3524
3528 3529 3530
3528 3530 3531
3532 3528 3531
3532 3531 3533
3534 3532 3533
3534 3533 3535
3535 3536 3537
3535 3537 3534
3538 3539 3540
3538 3540 3541
3542 3543 3274
3542 3274 3273
3544 3545 3543
3544 3543 3542
3546 3547 3545
3546 3545 3544
3548 3549 3550
3548 3550 3551
2609 2608 2623
2609 2623 2621
2608 2594 2753
2608 2753 2623
3319 2609 2621
3319 2621 2620
2627 3552 2628
3553 3035 3037
3553 3037 3554
3555 3286 3035
3555 3035 3553
3556 3557 3558
3556 3558 3559
3560 3557 3556
3560 3556 3561
3562 3563 3564
3562 3564 3565
3566 3564 3563
3566 3563 3567
3568 3569 3563
3568 3563 3562
3567 3563 3569
3567 3569 3570
3571 3572 3573
3571 3573 3574
3575 3573 3572
3575 3572 3576
3577 3578 3579
3577 3579 3580
3581 3582 3578
3581 3578 3577
3583 3584 3580
3583 3581 3584
3585 3586 3587
3587 3586 3588
3589 3585 3587
3589 3587 3590
3590 3587 3588
3590 3588 3591
3589 3590 3592
3589 3592 3593
3590 3591 3594
3590 3594 3592
3593 3592 3595
3593 3595 3596
3592 3594 3597
3592 3597 3595
3596 3595 3598
3596 3598 3599
3595 3597 3600
3595 3600 3598
3601 3602 3603
3601 3603 3604
3604 3603 3605
3604 3605 3606
3607 3601 3604
3607 3604 3608
3608 3604 3606
3608 3606 3609
3610 3611 3612
3610 3612 3613
3614 3615 3616
3614 3616 3617
3618 3619 3620
3618 3620 3621
3610 3613 3619
3610 3619 3618
3622 3623 3624
3625 3626 3627
3625 3627 3628
3629 3625 3628
3629 3628 3630
3631 3629 3630
3631 3630 3632
3633 3631 3632
3633 3632 3634
3635 3636 3633
3635 3633 3634
3636 3635 3637
3638 2675 3256
3638 3256 3639
3639 3256 3640
3641 2676 2675
3641 2675 3638
3640 3198 3642
3199 2671 2670
2670 2729 2668
2674 2829 3199
2677 2830 2829
2677 2829 2674
3539 3643 3644
3539 3644 3540
3645 3646 3402
3646 3647 3399
3648 3649 3650
3648 3650 3651
3397 3396 3652
3397 3652 3653
3398 3397 3653
3398 3653 3654
3536 3655 3656
3536 3656 3537
3483 3657 3658
3483 3658 3480
3659 3187 3189
3659 3189 3660
3110 3187 3659
3110 3659 3661
2806 2819 2791
3662 3279 3278
3663 3193 3192
3664 3665 3666
3664 3666 3667
3668 3270 3134
3668 3134 3133
3277 3049 3285
3277 3285 3669
2944 2917 2941
3519 3517 3516
3519 3516 3520
3372 3370 3373
3372 3373 3377
3370 3371 3374
3370 3374 3373
3670 3671 3513
3670 3513 3512
3386 3381 3379
3386 3379 3383
3383 3379 3380
3383 3380 3672
3549 3548 3673
3549 3673 3674
3207 3675 3676
3207 3676 3129
3129 3676 3677
3129 3677 3130
3621 3620 3615
3621 3615 3614
3570 3569 3573
3570 3573 3575
3574 3573 3569
3574 3569 3568
3617 3616 3623
3617 3623 3622
3582 3576 3572
3582 3572 3578
3578 3572 3571
3578 3571 3579
3611 3651 3650
3611 3650 3612
3561 3556 3564
3561 3564 3566
3565 3564 3556
3565 3556 3559
3678 3679 3680
3678 3680 3681
2992 3255 3082
2992 3082 3336
3336 3082 3081
3336 3081 3337
3680 3050 3052
3295 2967 3253
3295 3253 3293
3655 3644 3643
3655 3643 3656
3653 3652 3646
3654 3653 3645
3676 3126 3127
3676 3127 3677
3675 3209 3126
3675 3126 3676
3674 3673 3547
3674 3547 3546
3627 3626 3665
3627 3665 3664
3598 3600 3605
3598 3605 3603
3599 3598 3603
3599 3603 3602
2823 2804 2827
2823 2827 2826
2799 2797 2812
2799 2812 2815
2800 2827 2798
2802 2801 2799
2653 2658 3334
3263 2651 3264
3200 3334 2664
3330 2744 3331
3220 3074 3171
3220 3171 3218
3172 3171 3074
3172 3074 3073
2604 2612 2611
2604 2611 2605
3682 2759 2773
3457 3456 3683
3457 3683 3684
3221 3222 3070
3221 3070 3075
3076 3075 3070
3076 3070 3069
3455 3454 3459
3455 3459 3458
3223 3224 3067
3223 3067 3071
3071 3067 3068
3071 3068 3072
3339 2615 2595
3339 2595 2607
3341 3342 3338
3415 3414 3343
3338 3323 3341
3348 3415 3342
3338 3344 2615
3338 2615 3339
2592 3339 2607
2592 2607 2589
2616 2615 3344
2616 3344 3346
2592 2591 3321
2592 3321 3323
2616 3685 3686
2752 2622 2623
2752 2623 2753
3452 3451 3450
3236 3228 3227
3687 3119 3121
3687 3121 3229
3228 3235 3687
3228 3687 3229
3121 3120 2981
3252 2979 2981
3252 2981 2971
3688 3689 2724
3688 2724 3448
2696 2778 3690
2696 3690 3691
2725 2724 3689
2725 3689 3692
2776 2777 2684
2780 3693 2685
2684 2683 2776
3692 3690 2778
3692 2778 2725
2715 2722 2754
2714 2721 2715
2725 2778 2705
2725 2705 2704
2654 2657 3694
2662 2664 2655
2662 2655 2654
2683 2686 2781
2781 3693 3695
2682 3696 2686
2682 2686 2683
2765 2770 2771
2765 2771 2762
2679 2694 2693
2679 2693 3697
3325 3324 3328
3325 3328 3327
3316 3219 3078
3316 3078 3317
2766 2765 2762
2766 2762 2761
3318 3317 3078
3318 3078 3077
3485 3484 3481
3109 3179 3181
3109 3181 3188
3108 3437 3179
3478 3658 3657
3478 3657 3479
3659 3660 3194
3659 3194 3098
3661 3659 3098
3661 3098 3097
2853 2887 2882
2886 2905 2906
2886 2906 2890
2885 2886 2890
2885 2890 2889
2887 2852 2889
2874 2865 2845
2865 2874 2866
2884 2904 2899
2884 2899 2866
3498 3497 2643
3498 2643 2642
2711 3178 3202
2711 3202 3212
2710 3175 3178
2710 3178 2711
3492 3491 3494
3492 3494 3493
3213 2720 3211
3213 3211 3214
2707 2719 3213
3511 3510 3507
3511 3507 3506
3284 3282 3281
3284 3281 3041
3041 3281 3042
2733 2739 2736
2732 3698 2726
2728 2740 2726
2971 2970 3253
2971 3253 3252
3161 3155 3699
3161 3160 3156
3161 3156 3155
3296 3298 2970
3296 2970 2969
3293 3253 2970
3293 2970 3298
2860 3700 2873
2685 3701 3170
3695 2779 2679
2774 3695 2678
2695 2694 2700
2678 2698 2774
2842 2892 2901
2842 2901 3359
2857 2856 3702
2883 2882 2840
2883 2840 2864
3359 2901 2902
3359 2902 3349
3703 3704 3705
3703 3705 3706
3707 3708 3704
3707 3704 3703
3709 3710 3711
3709 3711 3712
3713 3714 3715
3713 3715 3716
2864 2863 3360
2864 3360 2883
3717 2820 2818
3717 2818 3718
2817 3719 3720
3720 3718 2818
3720 2818 2817
2783 2862 3721
2783 3721 2784
3722 2821 2820
3722 2820 3717
3712 3711 3708
3712 3708 3707
3146 3141 3143
3146 3143 3148
3145 3138 3141
3145 3141 3146
3713 3716 3710
3713 3710 3709
3358 3144 3147
3358 3147 3356
3356 3147 3149
3356 3149 3357
3351 3723 3724
3351 3724 3350
3350 3724 3725
3350 3725 3262
3262 3725 3726
3262 3726 2895
3727 3243 3245
3243 3728 3244
3062 3061 3058
3062 3058 3410
2895 3726 3729
2895 3729 2896
3232 3055 3058
3232 3058 3061
3246 2876 2875
3246 2875 3247
3332 3331 2612
3332 2612 2604
2613 2746 3730
2613 3730 2742
2613 2612 3331
2613 3331 2746
2703 3332 2604
2703 2604 2603
3731 2692 2695
3731 2695 2699
2780 3732 2700
2600 2618 2617
2618 2599 2611
3313 3422 3421
3447 3445 3733
3446 3734 3445
2616 3686 2741
2616 2741 2596
3733 3445 3734
3346 3685 2616
3345 3685 3346
3278 3050 3679
3679 3050 3680
3735 3736 2936
3735 2936 3737
3287 3442 3443
3254 2992 2991
3255 2992 3254
2992 3336 2993
2950 3305 2922
2950 2922 2921
2993 3336 3335
2920 2936 2921
3737 2936 2920
3406 3405 3409
3352 3353 3738
3354 3739 3353
2981 3120 2982
3738 3353 3739
3249 3663 3192
3250 3663 3249
3429 2893 3740
2872 2871 3741
2872 3741 2903
3428 3740 2893
2599 2618 2600
2727 2737 2736
3413 3742 2617
3413 2617 2619
2687 3701 2685
2736 3743 2734
2738 3743 2736
3698 2737 2727
2837 2815 2839
2814 2815 2837
3744 3053 2821
3744 2821 3722
3243 3727 3728
3106 3745 3111
3452 2689 2688
2689 2704 2690
3312 3422 3313
3424 3422 3312
3427 3180 3179
3430 3180 3427
3415 3348 2703
3348 3329 2703
2802 2814 2816
2649 2646 2641
2641 2646 3499
2637 2647 3333
3333 2647 2646
3205 3132 3123
3269 3132 3205
3018 3025 3012
3017 3025 3018
2918 2917 3746
3746 2917 2944
3303 2955 3302
3302 2955 2954
2760 2759 3682
3747 3500 3503
3747 3503 3748
3749 3051 3289
3749 3289 3292
3279 3290 3289
3279 3289 3051
3750 3751 3649
3750 3649 3648
3560 3555 3553
3560 3553 3557
3557 3553 3554
3557 3554 3558
3752 3753 3527
3752 3527 3526
3438 3439 3362
3438 3362 3365
3362 3439 3440
3362 3440 3363
2879 2877 2892
2889 2888 2887
2842 2841 2892
2852 2887 2853
2892 2888 2879
3264 2651 2653
2653 2652 2650
2965 3441 3287
2927 2951 2934
2949 2951 3304
2926 3304 2951
3411 2940 3304
2939 3304 2940
2935 2934 2951
2937 2927 2953
3110 3109 3187
2813 2794 2796
2797 2800 2798
2796 2795 2790
2796 2893 2813
3429 2813 2893
2855 2885 2852
2889 2852 2885
2656 2659 2660
2658 2650 2659
2664 3334 2655
2636 2650 2652
2803 2802 2816
2803 2782 2825
2801 2825 2810
2800 2810 2827
2799 2801 2800
3230 3272 3227
2973 2978 2974
2981 2978 3121
2945 3301 2946
2938 2932 2912
2945 2916 2932
3301 3300 3419
2815 2802 2799
3342 3415 3343
3341 3348 3342
3341 3323 3322
3338 3342 3344
3344 3343 3346
3343 3414 3347
3347 3346 3343
3199 3198 3256
2670 2671 2729
3199 2829 2671
2862 2791 2793
2783 2806 2791
2791 2819 2792
2806 2816 2819
2798 2827 2804
2794 2798 2795
2866 2874 2884
2845 2865 2873
2846 2845 3700
2844 2847 2898
2844 2874 2845
2898 2869 2844
2959 2910 2909
2957 2961 3026
3029 3355 3425
3646 3652 3647
3399 3647 3400
3401 3400 3404
3402 3646 3399
3645 3653 3646
3200 2673 2667
3264 3200 2666
2653 3334 3264
2658 2655 3334
2660 2657 2656
2634 2734 2660
2661 2660 2659
2638 2659 2650
2638 2637 3333
2640 2739 2633
2633 2733 2634
3032 3026 3029
2965 2964 3295
3295 2987 2967
2968 2967 2987
2966 2980 2977
2855 2860 2873
2873 3700 2845
3165 3159 3162
3168 3164 3165
3169 3165 3166
3166 3162 3163
3163 3161 3699
3699 3155 3158
3152 3154 3157
3152 3158 3155
2934 2953 2927
2952 2933 3754
3213 2719 2720
2708 2707 3213
2718 2706 2708
2747 2718 2751
2722 2717 2718
2715 2721 2722
2754 2722 2747
2681 2696 3691
2684 2777 2696
2776 2775 2777
2776 2683 2781
2774 2781 3695
2687 2686 3696
2780 3170 3732
2700 3732 2701
2685 3693 2686
3694 2657 2735
2691 2654 3694
2611 2599 2605
2735 2734 3743
2781 2686 3693
3695 3693 2779
2780 2779 3693
2679 2779 2694
2700 2694 2779
2746 2745 3730
3324 2745 2744
2758 2773 2759
2680 2679 3697
2678 3695 2679
2774 2698 2775
2628 3552 3320
3112 3111 3113
3107 3106 3111
3111 3745 3190
3106 3185 3755
3031 2957 3032
2961 2960 3030
3026 3030 3027
3271 3128 3131
3052 3051 3749
3285 3045 3283
3642 3198 2669
2862 2861 3721
2793 2836 2862
2670 2669 3198
2668 2729 2672
2673 2672 2729
2664 2663 2673
2665 2671 2829
2667 2666 3200
3640 3256 3198
3331 2744 2746
2610 2618 2611
2641 2640 2649
2790 2789 2796
2786 2807 2787
3315 3314 3756
2788 2787 3315
2736 2739 2727
2602 2601 2625
2625 2603 2602
2624 2703 2603
2702 3415 2703
2816 2814 2838
2793 2792 2822
2835 2822 3054
2635 2634 2661
2661 3333 2635
2646 2635 3333
2728 2727 2739
2639 2728 2640
2726 2740 2730
2726 3698 2727
2938 2940 3301
2949 2915 2950
2935 2950 2921
2939 2912 2915
2946 3419 2923
2868 2873 2865
3702 2856 3444
3440 2857 3702
3384 3383 3672
3439 2858 2857
3040 3284 3041
3280 3047 3291
3135 3134 3271
2947 2946 2948
3042 3281 3044
3045 3044 3281
3108 3179 3109
3437 3427 3179
3757 3758 3759
3757 3759 3760
3761 3762 3763
3761 3763 3764
3765 3766 3767
3765 3767 3768
3768 3769 3770
3771 3769 3772
3771 3772 3773
3762 3761 3774
3757 3775 3776
3757 3776 3777
3778 3779 3780
3778 3780 3781
3761 3782 3774
3762 3783 3784
3762 3784 3763
3785 3786 3787
3788 3789 3790
3790 3789 3791
3792 3793 3771
3794 3795 3796
3794 3796 3797
3798 3799 3800
3801 3802 3803
3804 3805 3806
3807 3808 3809
3810 3811 3812
3810 3812 3813
3814 3815 3816
3809 3817 3802
3809 3802 3801
3805 3804 3818
3819 3820 3821
3822 3823 3824
3822 3824 3825
3826 3824 3827
3803 3828 3829
3830 3831 3832
3833 3834 3835
3836 3837 3838
3834 3833 3839
3832 3840 3841
3842 3843 3844
3842 3844 3845
3846 3847 3848
3849 3850 3851
3849 3851 3852
3853 3854 3855
3856 3857 3858
3830 3859 3822
3860 3861 3862
3860 3862 3863
3850 3849 3864
3847 3846 3865
3847 3865 3866
3867 3868 3869
3867 3869 3861
3870 3792 3871
3857 3872 3873
3874 3875 3876
3877 3878 3879
3877 3879 3880
3881 3882 3883
3881 3883 3884
3885 3886 3874
3887 3888 3878
3887 3878 3877
3889 3890 3885
3873 3891 3892
3873 3892 3893
3894 3895 3896
3840 3834 3839
3840 3839 3897
3894 3898 3899
3894 3899 3900
3901 3803 3902
3823 3903 3902
3902 3829 3823
3904 3905 3906
3895 3809 3907
3908 3807 3895
3907 3801 3901
3904 3901 3902
3909 3762 3774
3779 3778 3910
3779 3910 3911
3912 3913 3914
3890 3915 3886
3796 3795 3916
3796 3916 3917
3886 3918 3919
3886 3919 3875
3799 3798 3920
3799 3920 3921
3882 3922 3923
3882 3923 3883
3924 3910 3778
3924 3778 3786
3925 3926 3927
3925 3927 3928
3929 3925 3928
3929 3928 3930
3931 3932 3933
3931 3933 3934
3934 3935 3936
3934 3936 3931
3934 3937 3935
3934 3933 3938
3934 3938 3937
3930 3928 3939
3930 3939 3940
3939 3928 3941
3942 3943 3944
3945 3864 3946
3945 3946 3872
3869 3947 3948
3943 3942 3949
3950 3951 3952
3950 3952 3953
3954 3955 3956
3954 3957 3958
3959 3960 3961
3962 3963 3964
3965 3962 3966
3967 3965 3968
3969 3970 3971
3966 3964 3972
3966 3972 3973
3974 3970 3950
3975 3976 3977
3975 3977 3972
3969 3968 3978
3965 3979 3980
3965 3980 3962
3980 3981 3962
3982 3983 3971
3984 3985 3986
3984 3986 3987
3961 3988 3989
3961 3989 3990
3973 3972 3977
3973 3977 3991
3951 3950 3992
3951 3992 3993
3994 3995 3978
3994 3978 3996
3833 3997 3998
3833 3998 3999
4000 3997 3833
4000 3833 3835
3950 3953 3974
3980 4001 4002
3980 4002 3981
4003 3960 4004
4005 3982 4006
4001 3980 3979
4001 3979 4007
4008 4009 4010
4008 4010 4011
4012 4013 4014
4013 4012 4015
4016 4017 4018
4016 4018 4019
4020 4021 4022
4020 4022 4023
4024 4025 4026
4024 4026 4027
4022 4021 4028
4004 4029 4030
4019 4031 4032
4019 4032 4016
4033 4034 4035
4033 4035 4036
4037 4038 4039
4037 4039 4040
4021 4034 4041
4037 4012 4042
4043 4044 4045
4043 4045 4046
4044 4047 4048
4044 4048 4045
4049 4050 4051
4049 4051 4023
4038 4037 4042
4038 4042 4052
4034 4021 4053
4054 4035 4034
4054 4034 4053
4055 4011 4056
4057 4056 4058
4057 4058 4059
4060 4056 4011
4048 4058 4056
3958 3963 4061
4062 4063 4064
4062 4064 4065
4040 4066 4037
4036 4035 4067
4036 4067 4068
4069 4070 4046
4069 4046 4045
4038 4052 4071
4038 4071 4072
4035 4054 4073
4035 4073 4067
4059 4058 4074
4059 4074 4075
4047 4074 4058
4047 4058 4048
3960 4003 3988
4076 4077 4078
4076 4078 4079
4080 4081 4082
4080 4082 4083
4084 4085 4086
4084 4086 4087
4088 4089 4090
4091 4076 4079
4091 4079 4092
4093 4094 4095
4093 4095 4096
4097 4093 4098
4084 4099 4100
4084 4100 4085
4101 4102 4103
4102 4101 4104
4102 4104 4090
4094 4105 4095
4106 4107 4080
4107 4106 4108
4109 4110 4111
4109 4111 4112
4113 4114 4115
4114 4109 4112
4114 4112 4116
4117 4102 4118
4114 4113 4084
4087 4109 4114
4087 4114 4084
4102 4117 4119
4103 4120 4121
4122 4123 4124
4077 4125 4126
4077 4126 4078
4127 4128 4129
4130 4094 4093
4131 4132 4133
4134 4135 4136
4137 4138 4139
4137 4139 4140
4141 4142 4143
4141 4143 4144
4145 4146 4147
4145 4147 4144
4135 4134 4148
4139 4138 4149
4139 4149 4150
4146 4150 4147
4151 4135 4148
4151 4148 4152
4142 4153 4154
4142 4154 4143
4135 4151 4155
4135 4155 4156
4157 4158 4153
4157 4153 4142
4159 4160 4161
3764 3763 3777
3764 3777 3776
4162 4163 4164
4162 4164 4165
4166 4158 4157
4167 4168 4169
4167 4169 4170
4171 4172 4173
4167 4174 4175
4167 4175 4176
4177 4178 4179
4180 4181 4182
4174 4167 4170
4174 4170 4183
4184 4185 4186
4187 4188 4169
4187 4169 4168
4189 4169 4188
4189 4188 4190
4183 4170 4191
4183 4191 4192
4171 4191 4189
4171 4189 4177
4180 4182 4193
4191 4170 4169
4191 4169 4189
4194 4195 4196
4194 4196 4197
4128 4194 4198
4199 4200 4201
4199 4201 4202
4203 4204 4205
4203 4205 4206
4207 4208 4209
4207 4209 4210
4211 4212 4213
4214 4207 4210
4214 4210 4215
4216 4217 4212
4216 4212 4211
4218 4219 4220
3989 3988 4221
3989 4221 4222
4223 4224 4225
4223 4225 4226
4227 4228 4229
4227 4229 4230
4231 4227 4230
4231 4230 4232
4233 4234 4231
4233 4231 4232
4235 4236 4234
4235 4234 4233
4237 4238 4239
4237 4239 4240
4241 4242 4243
4241 4243 4244
4245 4246 4247
4245 4247 4248
4249 4250 4251
4249 4251 4252
4151 4253 4254
4151 4254 4155
4253 4151 4152
4253 4152 4255
4256 4158 4166
4257 4258 4259
4257 4259 4260
4261 4257 4260
4261 4260 4262
4263 4261 4262
4263 4262 4264
4265 4263 4264
4265 4264 4266
4267 4268 4269
4267 4269 4270
4258 4271 4272
4258 4272 4259
4273 4274 4275
4276 4277 4278
4274 4279 4280
4271 4273 4275
4271 4275 4272
4279 4281 4282
4283 4284 4285
4283 4285 4286
4287 4288 4289
4290 4291 4292
4290 4292 4293
4294 4295 4291
4294 4291 4290
4296 4297 4298
4296 4298 4299
4293 4292 4300
4301 4302 4303
4304 4267 4270
4304 4270 4305
4306 4307 4308
4306 4308 4309
4307 4310 4311
4307 4311 4308
4312 4313 4314
4312 4314 4315
4313 4316 4317
4313 4317 4314
4318 4319 4320
4318 4320 4321
4321 4320 4322
4323 4320 4319
4323 4319 4324
4320 4325 4326
4327 4328 4329
4327 4329 4330
4328 4331 4329
4332 4333 4327
4333 4334 4328
4335 4336 4332
4336 4337 4333
3853 3947 4338
3800 3782 3798
4246 4339 4340
4246 4340 4247
3917 3916 4341
3917 4341 4342
4343 4344 4345
4343 4345 4346
4347 4348 4349
4285 4350 4351
4285 4351 4286
4282 4281 4352
4272 4275 4353
4282 4352 4354
4282 4354 4280
4355 4356 4357
4355 4357 4278
4280 4354 4358
4272 4353 4359
4272 4359 4259
4360 4285 4284
4360 4284 4361
4266 4264 4362
4266 4362 4363
4264 4262 4364
4264 4364 4362
4260 4365 4364
4260 4364 4262
4259 4359 4365
4259 4365 4260
3837 4366 4367
3831 4368 3840
3824 3826 3825
4344 4369 4370
4344 4370 4345
4371 4293 4372
4371 4372 4373
4374 4296 4299
4374 4299 4375
4376 4377 4294
4376 4294 4290
4376 4290 4293
4376 4293 4378
4168 4167 4176
3888 4379 4380
3888 4380 3878
3878 4380 4381
3878 4381 3879
3875 3919 4382
3875 4382 4383
4384 3917 4342
4384 4342 4385
4386 4247 4340
4386 4340 4387
4388 4248 4247
4388 4247 4386
4389 4244 4243
4389 4243 4390
4391 4240 4239
4391 4239 4392
4393 4235 4233
4393 4233 4394
4394 4233 4232
4394 4232 4395
4396 4397 4398
4396 4398 4399
4400 4230 4229
4400 4229 4401
4402 4225 4403
4395 4232 4230
4395 4230 4400
4177 4189 4190
4177 4190 4178
3782 3761 3798
4404 4405 4399
4406 4407 4408
4406 4408 4409
4410 4406 4409
4410 4409 4411
4308 4311 4412
4308 4412 4413
4309 4308 4413
4309 4413 4414
4415 4416 4417
4060 4069 4045
4418 4419 4411
4418 4411 4409
4420 4418 4409
4420 4409 4408
4051 4008 4011
4051 4011 4055
4421 4134 4136
4421 4136 4422
4423 4424 4163
4423 4163 4162
4366 3842 3845
4366 3845 4425
3953 4029 3959
4426 4427 4428
4426 4428 4429
4430 4062 4065
4430 4065 4431
4432 4000 3835
4432 3835 4433
4134 4421 4146
4134 4146 4145
4434 4435 4436
4435 4437 4436
4373 4372 4435
4373 4435 4438
4372 4439 4437
4372 4437 4435
4440 4303 4296
4440 4296 4374
4303 4441 4296
4141 4397 4442
4443 4444 4445
4446 4447 4217
4446 4217 4216
4448 4218 4220
4448 4220 4449
4210 4450 4215
4212 4451 4452
4212 4452 4453
4450 4210 4454
4217 4455 4212
4456 4203 4206
4457 4132 4131
4457 4131 4458
4459 4215 4460
4459 4460 4461
4462 4214 4215
4462 4215 4459
4463 4464 4132
4463 4132 4465
4466 4467 4468
4430 4469 4018
4430 4018 4062
4077 4076 4116
4077 4116 4112
4076 4091 4115
4076 4115 4116
4112 4111 4125
4112 4125 4077
4108 4470 4471
4472 4473 4200
4472 4200 4199
4117 4107 4474
4107 4117 4081
4081 4118 4475
4081 4475 4082
4111 4472 4199
4111 4199 4125
4125 4199 4126
4110 4122 4472
4110 4472 4111
4476 4477 4256
4398 4397 4147
4398 4147 4288
4397 4141 4147
4477 4478 4256
4426 4255 4479
4426 4479 4480
4427 4426 4480
4427 4480 4481
4192 4191 4171
4192 4171 4173
4172 4171 4177
4172 4177 4179
4482 4097 4098
4482 4098 4483
3956 4484 4485
3964 3957 3975
3964 3975 3972
4385 4342 4486
4385 4486 4487
4341 4488 4486
4341 4486 4342
3760 4489 3775
3760 3775 3757
3985 3961 3990
3985 3990 3986
4490 3796 3917
4490 3917 4384
4491 4492 4493
4494 3914 4495
4496 4497 4498
4499 4500 4501
4499 4501 4502
3871 4500 4499
3820 3826 3818
3828 3805 3827
3817 3814 3802
3805 3828 4503
4433 4368 4504
4505 4506 4507
4492 3758 4508
4492 4508 4509
4493 4510 4511
4512 4513 4514
4515 4516 4517
3764 3920 3798
3764 3798 3761
4511 4510 4518
4017 4063 4062
4017 4062 4018
4519 4430 4431
4519 4431 4520
4070 4519 4520
4070 4520 4521
4522 4523 4406
4522 4406 4410
4523 4524 4407
4523 4407 4406
4195 4525 4196
4321 4322 4526
4321 4526 4527
4528 4318 4321
4528 4321 4527
4009 4469 4529
4009 4529 4010
4050 4049 4530
4031 4019 4009
4031 4009 4008
4019 4018 4469
4019 4469 4009
4519 4529 4469
4519 4469 4430
4531 4532 4533
4531 4533 4534
4535 4536 4531
4535 4531 4534
4537 4538 4532
4537 4532 4531
4536 4539 4537
4536 4537 4531
4540 4541 4538
4540 4538 4537
4539 4542 4540
4539 4540 4537
4543 4544 4545
4543 4545 4546
4547 4548 4544
4547 4544 4543
4549 4550 4545
4549 4545 4544
4548 4551 4549
4548 4549 4544
4552 4553 4554
4555 4552 4554
4555 4554 4556
4557 4558 4559
4557 4559 4560
4561 4562 4558
4561 4558 4557
4558 4563 4564
4558 4564 4559
4562 4565 4563
4562 4563 4558
4563 4566 4567
4563 4567 4564
4565 4568 4566
4565 4566 4563
4569 4570 4571
4572 4573 4570
4572 4570 4569
4570 4574 4575
4570 4575 4576
4573 4577 4574
4573 4574 4570
4578 4579 4574
4580 4578 4574
4402 4226 4225
4403 4225 4224
4403 4224 4581
4143 4154 4152
4143 4152 4148
4144 4143 4148
4144 4148 4145
4481 4480 4477
4481 4477 4476
4480 4479 4478
4480 4478 4477
4582 4096 4474
4096 4095 4119
4103 4121 4101
4471 4582 4108
3993 3992 3978
3993 3978 3995
3984 3987 4006
3970 3969 3992
3970 3974 3984
3786 3778 3787
4583 3765 3768
4583 3768 3770
3772 3769 3768
3772 3768 3767
4584 3924 3786
4585 3870 4586
4024 4587 4025
4588 4589 4130
4588 4130 4093
4007 3979 3983
4470 4115 4590
4106 4113 4470
4591 4592 4593
4591 4593 4092
4099 4080 4083
4099 4083 4100
4113 4106 4099
4594 4595 4592
4594 4592 4591
4126 4202 4194
4078 4126 4128
4202 4201 4596
4202 4596 4195
4442 4396 4405
4597 4598 4286
4597 4286 4351
4599 3958 4061
4002 4600 3981
3955 3954 3958
3955 3958 4599
3957 3954 3975
3976 3975 3956
3976 3956 4485
4601 4283 4286
4601 4286 4598
4304 4305 4602
4304 4602 4603
4602 4604 4603
4269 4268 4605
4269 4605 4606
4607 4360 4418
4607 4418 4420
4350 4285 4360
4350 4360 4607
4608 4598 4597
4589 4588 4606
4589 4606 4605
4092 4593 4590
4092 4590 4091
4593 4483 4471
4593 4471 4590
4127 4591 4092
4127 4092 4079
4128 4127 4078
4483 4098 4582
4483 4582 4471
4098 4093 4096
4098 4096 4582
4609 4610 4026
4610 4611 4027
4465 4132 4612
4613 4612 4457
4457 4458 4614
4615 4587 4024
4429 4253 4255
4429 4255 4426
4253 4429 4164
4253 4164 4254
4424 4252 4251
4424 4251 4163
4255 4152 4154
4255 4154 4479
4155 4254 4251
4155 4251 4250
4156 4155 4250
4156 4250 4133
4616 4464 4156
4165 4164 4429
4165 4429 4428
4254 4164 4163
4254 4163 4251
4479 4154 4153
4479 4153 4478
4478 4153 4158
4478 4158 4256
4617 4618 3922
4617 3922 3882
4619 4617 3882
4619 3882 3881
4620 4621 3893
4620 3893 3892
4621 4622 4623
4621 4623 3893
3858 3873 3893
3858 3893 4623
3858 4623 4624
4176 4175 4625
4626 4627 4628
4626 4628 4629
4630 4631 4632
4630 4632 4633
4631 4634 4635
4631 4635 4632
4636 4635 4634
4636 4634 4637
4638 4639 4640
4638 4640 4641
4639 4638 4642
4639 4642 4643
4643 4642 4644
4643 4644 4645
4645 4644 4646
4645 4646 4647
4648 4649 4647
4648 4647 4646
4649 4648 4650
4649 4650 4651
4652 4653 4654
4652 4654 4655
4656 4657 4658
4659 4660 4661
4659 4661 4662
4660 4663 4664
4660 4664 4661
4665 4666 4667
4665 4667 4668
4666 4669 4670
4666 4670 4667
4671 3815 3814
4672 4673 4674
4672 4674 4675
4675 4674 4676
4675 4676 4677
4678 4677 4676
4678 4676 4679
4680 4681 4682
4680 4682 4683
4684 4685 4686
4684 4686 4687
4688 4686 4685
4688 4685 4689
4690 4691 4692
4690 4692 4693
4694 4691 4690
4694 4690 4695
4696 4694 4695
4696 4695 4697
4698 4696 4697
4698 4697 4699
4700 4701 4702
4700 4702 4703
4704 4705 4701
4704 4701 4700
4706 4707 4705
4706 4705 4704
4707 4706 4708
4707 4708 4709
4710 4711 4712
4710 4712 4713
4714 4715 4445
4714 4445 4716
4717 4714 4716
4717 4716 4718
4719 4717 4718
4719 4718 4720
4721 4722 4723
4721 4723 4724
3775 3790 3791
3775 3791 3776
3776 3791 3920
3776 3920 3764
4489 3788 3790
4489 3790 3775
3797 3796 4725
4726 4727 4204
4726 4204 4203
4728 4726 4203
4728 4203 4456
4729 4730 4731
4729 4731 4732
4733 4734 4729
4733 4729 4732
4735 4736 4737
4735 4737 4738
4739 4740 4736
4739 4736 4735
4736 4741 4742
4736 4742 4737
4740 4743 4741
4740 4741 4736
4744 4745 4746
4744 4746 4747
4748 4749 4745
4748 4745 4744
4750 4751 4752
4750 4752 4753
4754 4750 4753
4754 4753 4755
4756 4751 4750
4756 4750 4754
4757 4758 4759
4758 4760 4759
4761 4762 4758
4761 4758 4757
4762 4763 4760
4762 4760 4758
4761 4764 4765
4761 4765 4762
4762 4765 4766
4762 4766 4763
4764 4767 4768
4764 4768 4765
4765 4768 4769
4765 4769 4766
4767 4770 4771
4767 4771 4768
4768 4771 4772
4768 4772 4769
4773 4774 4775
4773 4775 4776
4774 4777 4778
4774 4778 4775
4779 4780 4774
4779 4774 4773
4780 4781 4777
4780 4777 4774
4782 4783 4784
4782 4784 4785
4786 4787 4788
4786 4788 4789
4790 4791 4792
4790 4792 4793
4782 4790 4793
4782 4793 4783
4794 4795 4796
4797 4798 4799
4797 4799 4800
4801 4802 4798
4801 4798 4797
4803 4804 4802
4803 4802 4801
4805 4806 4804
4805 4804 4803
4807 4806 4805
4807 4805 4808
4808 4809 4807
4810 4811 4425
4810 4425 3845
4811 4812 4425
4813 4810 3845
4813 3845 3844
4812 4814 4367
4366 3837 3839
3837 3836 3897
3842 4366 3999
3843 3842 3999
3843 3999 3998
4713 4712 4815
4713 4815 4816
4817 4572 4818
4818 4569 4819
4820 4821 4822
4820 4822 4823
4566 4824 4825
4566 4825 4567
4568 4826 4824
4568 4824 4566
4709 4708 4827
4709 4827 4828
4653 4652 4829
4653 4829 4830
4831 4832 4356
4831 4356 4355
4277 4833 4831
4277 4831 4355
3974 3959 3985
4834 4448 4449
4835 4360 4361
4836 4837 4838
4836 4838 4839
4840 4301 4303
4840 4303 4440
4447 4841 4455
4447 4455 4217
4110 4109 4087
4693 4692 4688
4693 4688 4689
4542 4547 4543
4542 4543 4540
4540 4543 4546
4540 4546 4541
4842 4684 4687
4842 4687 4843
4556 4554 4549
4556 4549 4551
4554 4844 4550
4554 4550 4549
4724 4845 4846
4724 4846 4721
4375 4299 4847
4375 4847 4848
4299 4298 4849
4299 4849 4847
4791 4786 4789
4791 4789 4792
4743 4748 4744
4743 4744 4741
4741 4744 4747
4741 4747 4742
4787 4794 4796
4787 4796 4788
4755 4753 4745
4755 4745 4749
4753 4752 4746
4753 4746 4745
4785 4784 4822
4785 4822 4821
4734 4739 4735
4734 4735 4729
4729 4735 4738
4729 4738 4730
4850 4851 4852
4850 4852 4853
4161 4507 4252
4161 4252 4424
4507 4506 4249
4507 4249 4252
4852 4219 4218
4464 4463 4422
4464 4422 4136
4828 4827 4816
4828 4816 4815
4824 4818 4825
4826 4817 4824
4847 4849 4295
4847 4295 4294
4848 4847 4294
4848 4294 4377
4845 4719 4720
4845 4720 4846
4799 4836 4839
4799 4839 4800
4771 4775 4778
4771 4778 4772
4770 4776 4775
4770 4775 4771
3991 3994 3996
3991 3996 3973
3967 3983 3979
3967 3979 3965
3968 3966 3996
3971 3967 3969
3820 4504 3826
4432 4433 3819
4368 3831 4504
4502 4501 3912
4389 4387 4340
4389 4340 4244
4339 4241 4244
4339 4244 4340
3773 3772 3781
3773 3781 3780
4854 3941 3927
4627 4855 4856
4627 4856 4628
4390 4243 4240
4390 4240 4391
4242 4237 4240
4242 4240 4243
4629 4630 4633
4629 4633 4626
4392 4239 4235
4392 4235 4393
4239 4238 4236
4239 4236 4235
4508 3777 3763
4508 3763 3784
4510 4509 4512
4586 4514 4585
4509 4510 4492
4518 4512 4586
4509 4508 3784
4509 3784 4513
3758 3757 3777
3758 3777 4508
3783 4517 4513
3783 4513 3784
3758 4492 4491
3758 4491 3759
3783 4857 4858
3921 3920 3791
3921 3791 3789
4624 4623 4622
4405 4396 4399
4859 4398 4288
4859 4288 4287
4399 4398 4859
4399 4859 4404
4288 4150 4289
4421 4139 4150
4421 4150 4146
4860 4620 3892
4860 3892 4861
3864 4862 4863
3864 4863 3946
3891 4864 4861
3891 4861 3892
3943 3850 3945
3947 3853 4865
3850 3943 3851
4864 3891 3946
4864 3946 4863
3883 3923 3890
3884 3883 3889
3891 3873 3872
3891 3872 3946
3822 4866 3823
3830 3822 3825
3830 3825 3831
3851 3949 3855
3949 4867 4865
3852 3851 3855
3852 3855 4868
3933 3930 3940
3933 3940 3938
3848 4869 3863
3848 3863 3862
4495 4498 4497
4495 4497 4494
4487 4486 4248
4487 4248 4388
3932 3929 3930
3932 3930 3933
4488 4245 4248
4488 4248 4486
4658 4655 4656
4278 4357 4348
4278 4348 4347
4276 4347 4608
4651 4650 4830
4651 4830 4829
4831 4266 4363
4831 4363 4832
4833 4265 4266
4833 4266 4831
4023 4051 4055
4054 4059 4075
4054 4075 4073
4053 4057 4059
4053 4059 4054
4055 4057 4020
4042 4014 4033
4033 4036 4042
4052 4036 4068
4052 4068 4071
4669 3810 3813
4669 3813 4670
3879 4381 4369
3879 4369 4344
3880 3879 4344
3880 4344 4343
4663 4665 4668
4663 4668 4664
4383 4382 4379
4383 4379 3888
3876 4383 3887
4681 4678 4679
4681 4679 4682
4454 4209 4453
4454 4453 4452
4209 4208 4453
3901 3904 3907
3898 3894 4870
3895 3894 3908
4139 4421 4422
4139 4422 4140
4329 4871 4323
4329 4323 4324
4329 4324 4330
4466 4137 4140
4466 4140 4467
4463 4467 4140
4463 4140 4422
4028 4041 4872
3853 4338 4873
4867 3848 3948
3942 3846 4867
3861 3869 3862
3846 3942 3865
4010 4529 4069
4010 4069 4060
4027 4874 4024
4050 4031 4008
4050 4008 4051
4529 4519 4070
4529 4070 4069
4875 4876 4877
4875 4877 4878
4879 4875 4878
4879 4878 4880
4881 4882 4883
4881 4883 4884
4885 4886 4887
4885 4887 4888
4031 4050 4530
4031 4530 4032
4889 4890 3986
4889 3986 3990
3987 4891 4892
4891 3987 3986
4891 3986 4890
3953 3952 4893
3953 4893 4029
4894 4889 3990
4894 3990 3989
4882 4879 4880
4882 4880 4883
4314 4317 4310
4314 4310 4307
4315 4314 4307
4315 4307 4306
4885 4881 4884
4885 4884 4886
4528 4527 4313
4528 4313 4312
4527 4526 4316
4527 4316 4313
4521 4520 4895
4521 4895 4896
4520 4431 4897
4520 4897 4895
4431 4065 4898
4431 4898 4897
4899 4414 4413
4413 4412 4900
4228 4581 4224
4228 4224 4229
4065 4064 4901
4065 4901 4898
4401 4229 4224
4401 4224 4223
4415 4417 4043
4415 4043 4046
4500 3773 3780
4500 3780 4501
3779 3911 4902
3779 4902 3913
3779 3913 4501
3779 4501 3780
3871 3771 3773
3871 3773 4500
4903 3867 3861
4903 3861 3860
3947 3869 4904
3766 3785 3787
3787 3781 3767
4483 4593 4592
4619 4905 4617
4618 4617 4906
3783 3762 3909
3783 3909 4857
4905 4906 4617
4517 3783 4858
4515 4517 4858
4448 4853 4218
4853 4852 4218
4907 4908 4104
4907 4104 4909
4457 4614 4613
4423 4159 4161
4424 4423 4161
4161 4160 4507
4118 4090 4089
4118 4089 4475
4160 4505 4507
4088 4090 4104
4908 4088 4104
4574 4579 4575
4522 4910 4523
4524 4523 4911
4150 4149 4289
4910 4911 4523
4418 4360 4835
4419 4418 4835
4600 4912 4061
4038 4072 4913
4038 4913 4039
4599 4061 4912
3767 3766 3787
3896 3904 3906
4584 3786 3785
4584 3785 4914
3854 3853 4873
3904 3902 4915
3905 3904 4915
4870 3896 3906
4005 4007 3983
3982 4005 3983
4916 4894 3989
4916 3989 4222
4413 4900 4899
4275 4280 4917
4624 3856 3858
3858 3857 3873
4482 4483 4592
4595 4482 4592
4598 4347 4349
4601 4598 4349
4586 3871 4918
4518 3871 4499
3971 3984 3982
3817 3808 3814
3808 4671 3814
3806 4503 3816
4503 3814 3816
4372 4293 4300
4439 4372 4300
4185 4180 4193
4186 4185 4193
4086 4919 4087
4919 4110 4087
4473 4472 4920
4472 4122 4920
3926 4854 3927
4921 4922 4673
4921 4673 4672
4923 4462 4459
4923 4459 4220
4449 4220 4459
4449 4459 4461
4924 4820 4823
4924 4823 4925
4733 4732 4726
4733 4726 4728
4732 4731 4727
4732 4727 4726
4926 4698 4699
4926 4699 4927
4609 4535 4534
4609 4534 4610
4534 4533 4611
4534 4611 4610
4048 4060 4045
4057 4055 4056
4010 4060 4011
4020 4023 4055
4060 4048 4056
4433 3820 3819
3820 3818 3821
4132 4457 4612
4095 4103 4119
4117 4474 4119
4096 4119 4474
4582 4474 4108
4107 4108 4474
4102 4119 4103
4105 4120 4095
4277 4355 4278
3981 3963 3962
3965 3966 3968
3963 3957 3964
3963 3981 4061
4600 4061 3981
4021 4020 4053
4057 4053 4020
3824 3829 3827
3826 3827 3818
3831 3825 4504
3804 3821 3818
3970 3984 3971
3970 3992 3950
3969 3978 3992
3968 3996 3978
3967 3968 3969
4397 4396 4442
4141 4144 4147
4150 4288 4147
4113 4115 4470
4106 4080 4099
4113 4099 4084
4470 4590 4471
3983 3967 3971
4512 4514 4586
4510 4512 4518
4510 4493 4492
4509 4513 4512
4513 4517 4514
4514 4516 4585
4516 4514 4517
4366 4425 4367
3837 3897 3839
4366 3839 3999
4029 3960 3959
3953 3959 3974
3959 3961 3985
3974 3985 3984
3966 3973 3996
3962 3964 3966
4036 4052 4042
4014 4041 4033
4013 4872 4014
4012 4066 4015
4012 4014 4042
4066 4012 4037
4127 4079 4078
4126 4194 4128
4195 4596 4525
4818 4819 4825
4569 4571 4819
4570 4576 4571
4572 4569 4818
4817 4818 4824
4368 3834 3840
4433 3835 4368
3820 4433 4504
3826 4504 3825
3829 3824 3823
3803 3829 3902
3828 3827 3829
3805 3818 3827
3805 4503 3806
3809 3801 3907
3801 3803 3901
4202 4195 4194
4132 4464 4133
4464 4136 4156
4135 4156 4136
4134 4145 4148
4021 4041 4028
4041 4014 4872
4333 4328 4327
4336 4333 4332
4337 4334 4333
4334 4331 4328
4331 4871 4329
4871 4325 4323
4320 4326 4322
4320 4323 4325
4103 4095 4120
4121 4928 4101
4383 3888 3887
3875 4383 3876
3886 3875 3874
3915 3918 3886
3890 3886 3885
3883 3890 3889
3923 3915 3890
3849 4862 3864
3850 3864 3945
3943 3945 3944
3943 3949 3851
3942 4867 3949
3854 4868 3855
3947 4904 4338
3869 3868 4904
3853 3855 4865
4866 3903 3823
3859 4866 3822
3781 3772 3767
3903 4915 3902
3949 4865 3855
4867 3948 4865
3947 4865 3948
3848 3862 3948
3869 3948 3862
3913 4902 3914
4494 3912 3914
3928 3927 3941
3847 4869 3848
3846 3848 4867
3942 3944 3865
3796 4490 4725
4279 4282 4280
4274 4280 4275
4280 4358 4917
4275 4917 4353
4199 4202 4126
4128 4198 4129
4194 4197 4198
4441 4297 4296
4219 4923 4220
4455 4451 4212
4814 3838 4367
4029 4893 4030
3960 4029 4004
3837 4367 3838
3836 3841 3897
3840 3897 3841
3831 3840 3832
3833 3999 3839
3834 4368 3835
4812 4367 4425
4501 3913 3912
3778 3781 3787
3808 3817 3809
3957 3963 3958
3954 3956 3975
4484 4929 4485
3955 4484 3956
3904 3896 3907
3769 3793 3770
3793 3769 3771
3792 3771 3871
3870 3871 4586
3984 4006 3982
3960 3988 3961
4003 4221 3988
3802 3828 3803
3828 3802 4503
3814 4503 3802
3895 3907 3896
3807 3809 3895
3894 3900 3908
3894 3896 4870
4106 4470 4108
4117 4118 4081
4102 4090 4118
4107 4081 4080
4115 4091 4590
4034 4033 4041
4874 4615 4024
4611 4874 4027
4553 4844 4554
4610 4027 4026
4210 4209 4454
4450 4460 4215
4302 4441 4303
4114 4116 4115
4208 4213 4453
4212 4453 4213
4276 4278 4347
4608 4347 4598
3481 3484 3482
4656 4655 4654
453 451 450
453 333 451
856 857 854
857 737 739
4930 4931 4932
4930 4932 4933
4934 4935 4936
4934 4936 4937
4938 4939 4940
4938 4940 4941
4942 4943 4944
4942 4944 4945
