byte offset: 0
first index: 0
index count: 11007
topology: trianglelist
format: DXGI_FORMAT_R16_UINT

0 1 2
0 2 3
0 4 5
0 5 1
1 6 2
2 7 3
4 8 9
5 10 1
6 11 12
6 12 13
14 15 16
14 16 7
8 17 18
8 18 9
19 20 21
19 21 10
22 23 24
22 24 25
26 27 28
26 28 29
30 29 28
30 28 31
32 33 34
32 34 35
36 37 38
36 38 39
40 41 42
43 44 45
46 47 48
49 50 51
52 44 41
52 53 44
52 50 47
52 41 50
12 54 55
12 55 13
15 56 57
15 57 16
17 58 59
17 59 18
20 60 61
20 61 21
34 33 46
34 46 48
39 38 49
39 49 51
24 23 40
24 40 42
28 27 43
28 43 45
6 13 15
6 15 14
1 11 6
6 14 2
16 62 63
16 63 7
57 64 62
57 62 16
2 14 7
7 63 3
21 12 11
21 11 10
5 19 10
10 11 1
61 54 12
61 12 21
55 56 15
55 15 13
24 42 43
24 43 27
28 45 65
28 65 31
34 48 49
34 49 38
39 51 40
39 40 23
26 25 24
26 24 27
36 39 23
36 23 22
37 35 34
37 34 38
42 44 43
42 41 44
45 53 65
45 44 53
48 50 49
48 47 50
51 41 40
51 50 41
66 67 68
66 69 67
66 70 71
66 68 70
68 67 72
67 69 73
71 70 74
70 68 75
76 77 72
76 72 78
79 73 80
79 80 81
82 74 83
82 83 84
85 75 86
85 86 87
88 89 90
88 90 91
92 93 94
92 94 95
94 93 96
94 96 97
98 99 100
98 100 101
102 103 104
102 104 105
106 107 108
109 110 111
112 113 114
115 116 117
118 108 111
118 111 119
118 114 117
118 117 108
76 78 120
76 120 121
81 80 122
81 122 123
84 83 124
84 124 125
87 86 126
87 126 127
112 101 100
112 100 113
115 102 105
115 105 116
106 91 90
106 90 107
109 95 94
109 94 110
81 78 72
81 72 79
68 72 77
72 67 79
80 73 128
80 128 129
122 80 129
122 129 130
67 73 79
73 69 128
86 75 77
86 77 76
70 75 85
75 68 77
126 86 76
126 76 121
120 78 81
120 81 123
90 95 109
90 109 107
94 97 131
94 131 110
100 102 115
100 115 113
105 91 106
105 106 116
90 89 92
90 92 95
104 88 91
104 91 105
100 99 103
100 103 102
107 109 111
107 111 108
110 131 119
110 119 111
113 115 117
113 117 114
116 106 108
116 108 117
19 9 18
19 18 20
83 74 85
83 85 87
20 18 59
20 59 60
124 83 87
124 87 127
4 9 5
71 74 82
74 70 85
5 9 19
132 133 134
132 134 135
133 136 137
133 137 134
136 138 139
136 139 137
140 141 142
140 142 143
144 145 141
144 141 140
146 147 145
146 145 144
148 149 150
148 150 151
149 152 153
149 153 150
152 154 155
152 155 153
156 157 158
156 158 159
160 161 157
160 157 156
162 163 161
162 161 160
164 165 166
164 166 167
165 168 169
165 169 166
168 170 171
168 171 169
172 173 174
172 174 175
176 177 173
176 173 172
178 179 177
178 177 176
180 181 182
180 182 183
181 184 185
181 185 182
184 186 187
184 187 185
188 189 190
188 190 191
192 193 189
192 189 188
194 195 193
194 193 192
196 197 198
196 198 199
197 200 201
197 201 198
200 202 203
200 203 201
204 205 206
204 206 207
208 209 205
208 205 204
210 211 209
210 209 208
212 213 214
212 214 215
213 216 217
213 217 214
216 218 219
216 219 217
220 221 222
220 222 223
224 225 221
224 221 220
226 227 225
226 225 224
228 229 230
228 230 231
229 228 232
233 234 231
233 231 230
228 235 232
235 236 237
235 237 238
239 240 241
239 241 242
243 244 245
243 245 246
246 237 236
246 236 243
247 248 249
247 249 250
251 252 253
251 253 254
255 256 242
255 242 241
257 258 259
257 259 260
259 258 245
259 245 244
251 261 262
251 262 252
263 264 265
263 265 266
267 268 269
267 269 270
271 272 273
271 273 274
273 267 270
273 270 274
275 269 268
275 268 276
275 276 262
275 262 261
240 239 249
240 249 248
264 247 250
264 250 265
277 263 266
277 266 278
279 272 271
279 271 280
277 278 281
279 280 282
232 235 238
283 284 285
283 285 286
284 287 285
286 288 289
286 289 283
285 287 290
290 291 292
290 292 293
294 295 296
294 296 297
295 294 293
295 293 292
298 299 300
298 300 301
296 301 300
296 300 297
287 291 290
302 303 304
305 304 306
307 308 309
310 311 312
304 305 313
308 314 315
310 307 309
311 305 312
313 302 304
305 306 312
310 312 316
310 316 307
308 307 317
308 317 314
317 307 318
319 316 312
320 306 304
314 317 321
307 316 318
306 319 312
304 303 320
322 323 324
325 326 327
328 329 330
331 332 333
334 335 336
337 338 339
340 341 342
343 344 345
346 347 348
349 350 351
325 327 352
327 326 353
346 348 354
348 347 355
352 327 356
327 353 357
354 348 358
348 355 359
360 361 362
363 364 361
365 366 367
368 369 370
361 371 363
367 372 373
368 366 365
370 369 363
371 361 360
363 369 364
368 374 369
368 365 374
367 375 365
367 373 375
375 376 365
377 369 374
378 361 364
373 379 375
365 376 374
364 369 377
361 378 362
380 381 382
383 384 385
386 387 388
389 390 391
392 393 394
395 396 397
398 399 400
398 400 401
402 401 400
402 400 403
404 405 406
404 406 407
398 404 407
398 407 399
408 409 410
408 410 411
410 409 412
410 412 413
414 415 416
414 416 417
417 416 408
417 408 411
418 419 420
418 420 421
420 422 423
420 423 421
423 422 424
423 424 425
426 427 428
429 430 431
429 431 432
427 433 428
434 435 430
434 430 429
433 436 428
437 435 434
437 434 438
429 432 439
429 439 440
434 429 440
434 440 441
438 434 441
438 441 442
443 444 445
443 445 446
443 446 447
443 447 448
424 448 447
424 447 425
449 450 451
449 451 452
428 453 454
452 455 456
452 456 449
453 428 436
437 438 456
437 456 455
449 457 458
449 458 450
456 459 457
456 457 449
438 442 459
438 459 456
440 439 458
441 440 458
442 441 458
457 459 458
459 442 458
460 461 462
460 462 463
460 463 464
460 464 465
466 465 464
466 464 467
468 469 470
471 472 473
471 473 474
470 469 475
476 473 472
476 472 477
475 469 478
479 480 476
479 476 477
473 481 482
473 482 474
476 483 481
476 481 473
480 484 483
480 483 476
485 486 487
485 487 488
487 489 490
487 490 488
490 489 466
490 466 467
491 492 493
491 493 494
469 495 496
497 498 492
497 492 491
496 478 469
497 480 479
497 479 498
491 494 499
491 499 500
497 491 500
497 500 501
480 497 501
480 501 484
481 499 482
483 499 481
484 499 483
500 499 501
501 499 484
502 503 504
502 505 506
507 508 509
507 509 510
511 512 513
511 513 514
515 516 517
515 517 518
519 520 521
519 521 522
523 524 525
523 525 526
527 528 529
527 529 530
502 531 505
520 519 526
520 526 525
524 523 530
524 530 529
508 507 514
508 514 513
512 511 518
512 518 517
502 532 503
521 533 534
521 534 522
528 527 535
528 535 536
537 516 515
537 515 538
510 509 539
510 539 540
541 542 543
544 542 545
541 546 542
547 542 544
502 548 532
502 549 550
502 551 552
502 550 548
502 552 549
506 551 502
546 553 542
554 555 542
556 557 542
557 545 542
553 554 542
555 556 542
558 559 560
558 560 561
562 563 564
562 564 565
566 567 568
566 568 569
570 571 572
570 572 573
574 575 576
574 576 577
578 579 580
578 580 581
571 574 577
571 577 572
575 578 581
575 581 576
559 562 565
559 565 560
563 566 569
563 569 564
582 583 584
582 584 585
585 584 586
585 586 587
588 589 590
591 592 593
591 593 594
595 594 593
595 593 596
582 595 596
582 596 583
597 590 586
588 590 597
590 587 586
598 599 600
600 599 601
601 599 602
603 599 604
604 599 598
590 589 587
605 606 607
605 607 608
606 609 610
606 610 607
611 612 613
614 615 616
614 616 617
616 615 618
616 618 619
619 618 605
619 605 608
620 610 612
611 620 612
612 610 609
621 622 623
622 624 623
624 625 623
626 627 623
627 621 623
612 609 613
628 629 630
628 630 631
631 630 632
631 632 633
633 632 634
633 634 635
635 634 636
635 636 637
638 639 640
638 640 641
639 642 643
639 643 640
642 644 645
642 645 643
644 646 647
644 647 645
648 649 650
648 650 651
651 650 652
651 652 653
648 654 655
648 655 649
656 657 658
656 658 659
660 661 662
663 664 665
663 665 666
667 668 669
657 662 661
657 661 658
666 667 669
666 669 663
670 671 672
670 672 673
671 674 675
671 675 672
670 673 676
670 676 677
678 679 680
678 680 681
681 680 682
681 682 683
684 685 686
684 686 687
687 686 679
687 679 678
688 689 690
690 689 691
692 689 688
693 694 695
693 695 696
694 697 698
694 698 695
699 700 701
699 701 702
700 693 696
700 696 701
703 704 705
704 706 705
707 703 705
708 709 710
708 710 711
712 713 714
712 714 715
716 715 714
716 714 717
713 718 719
713 719 714
714 719 720
714 720 717
721 722 723
721 723 724
724 723 725
724 725 726
727 728 729
730 731 708
730 708 711
732 733 734
732 734 735
736 737 738
736 738 739
738 716 717
738 717 739
736 739 740
736 740 741
739 717 720
739 720 740
742 743 744
742 744 745
743 726 725
743 725 744
746 747 728
747 729 728
730 735 734
730 734 731
748 749 750
748 750 751
752 753 754
752 754 755
754 753 756
754 756 757
755 754 758
755 758 759
754 757 760
754 760 758
761 762 763
761 763 764
762 765 766
762 766 763
767 768 769
770 751 750
770 750 771
772 773 774
772 774 775
776 777 778
776 778 779
776 779 757
776 757 756
778 780 781
778 781 779
779 781 760
779 760 757
782 783 784
782 784 785
785 784 766
785 766 765
786 769 787
787 769 768
770 771 772
770 772 775
788 789 790
788 790 791
791 790 792
791 792 793
794 795 796
794 796 797
797 796 789
797 789 788
798 799 800
798 800 801
802 798 801
802 801 803
804 805 806
804 806 807
799 804 807
799 807 800
808 809 810
808 810 811
812 813 814
812 814 815
816 817 818
816 818 819
813 820 821
813 821 814
822 823 824
819 818 825
819 825 826
827 828 829
827 829 830
827 831 832
827 832 833
834 831 835
834 835 836
837 838 839
837 839 840
841 828 842
843 829 828
841 840 839
841 839 843
834 844 832
834 832 831
816 811 810
816 810 817
845 846 821
845 821 820
843 828 841
847 848 849
847 849 850
851 852 849
851 849 853
854 852 855
854 855 856
857 858 859
857 859 860
861 862 848
863 848 847
861 863 859
861 859 858
851 864 855
851 855 852
863 861 848
831 827 830
831 830 835
828 827 833
828 833 842
850 849 852
850 852 854
853 849 848
853 848 862
826 825 865
845 866 824
845 824 846
822 866 867
822 824 866
865 825 868
826 865 869
870 871 872
870 872 873
873 872 874
873 874 875
875 874 876
875 876 877
877 876 878
877 878 879
872 871 880
872 880 881
872 881 882
872 882 874
876 874 882
876 882 883
876 883 884
876 884 878
885 886 887
887 886 888
888 886 889
890 891 892
890 892 893
891 894 895
891 895 892
894 896 897
894 897 895
896 898 899
896 899 897
900 893 892
900 892 901
892 895 902
892 902 901
902 895 897
902 897 903
897 899 904
897 904 903
905 906 907
906 908 907
908 909 907
910 911 912
910 912 913
914 915 911
914 911 910
916 917 915
916 915 914
918 919 920
918 920 921
922 923 919
922 919 918
913 912 923
913 923 922
910 913 924
912 911 925
914 910 926
911 915 927
916 914 928
915 917 929
918 921 930
931 920 919
931 919 932
922 918 933
919 923 932
913 922 924
923 912 925
934 935 936
937 935 934
936 935 938
939 940 941
941 940 942
943 940 939
910 924 926
925 911 927
928 914 926
915 929 927
918 930 933
924 922 933
923 925 932
944 945 946
944 946 947
945 948 949
945 949 946
948 950 951
948 951 949
952 953 954
952 954 955
953 956 957
953 957 954
956 944 947
956 947 957
946 958 947
944 959 945
949 960 946
945 961 948
951 962 949
948 963 950
954 964 955
953 952 965
953 965 966
957 967 954
953 966 956
947 958 957
956 959 944
968 969 970
971 968 970
969 972 970
973 974 975
974 976 975
977 973 975
946 960 958
959 961 945
962 960 949
948 961 963
954 967 964
958 967 957
956 966 959
978 979 980
979 981 982
983 982 984
985 986 987
988 985 987
980 988 978
984 981 989
978 987 989
990 991 992
993 990 992
994 993 992
987 986 989
995 996 992
991 995 992
981 978 989
978 981 979
982 981 984
985 997 986
988 987 978
998 999 1000
1000 1001 1002
1003 1004 1001
1005 1006 1007
1008 1006 1005
999 998 1008
1004 1009 1002
998 1009 1006
1010 1011 1012
1013 1011 1010
1014 1011 1013
1006 1009 1007
1015 1011 1016
1012 1011 1015
1002 1009 998
998 1000 1002
1001 1004 1002
1005 1007 1017
1008 998 1006
1018 1019 1020
1018 1020 1021
1019 1022 1023
1019 1023 1020
1024 1025 1026
1027 1028 1029
1030 1031 1032
1030 1032 1033
1033 1032 1034
1033 1034 1035
1036 1037 1038
1039 1040 1041
1042 1043 1044
1045 1044 1043
1046 1044 1045
1047 1048 1049
1047 1049 1050
1050 1049 1051
1050 1051 1052
1052 1051 1053
1052 1053 1054
1054 1053 1055
1054 1055 1056
1057 1058 1059
1060 1059 1058
1061 1060 1058
1062 1063 1064
1062 1064 1065
1063 1066 1067
1063 1067 1064
1068 1069 1070
1071 1072 1073
1074 1075 1076
1074 1076 1077
1077 1076 1078
1077 1078 1079
1080 1081 1082
1083 1084 1085
1086 1087 1088
1089 1088 1087
1090 1088 1089
1091 1092 1093
1091 1093 1094
1094 1093 1095
1094 1095 1096
1096 1095 1097
1096 1097 1098
1098 1097 1099
1098 1099 1100
1101 1102 1103
1104 1103 1102
1105 1104 1102
1106 1107 1108
1106 1108 1109
1107 1110 1111
1107 1111 1108
1112 1113 1114
1115 1116 1117
1118 1119 1120
1118 1120 1121
1121 1120 1122
1121 1122 1123
1124 1125 1126
1127 1128 1129
1130 1131 1132
1133 1132 1131
1134 1132 1133
1135 1136 1137
1135 1137 1138
1138 1137 1139
1138 1139 1140
1140 1139 1141
1140 1141 1142
1142 1141 1143
1142 1143 1144
1145 1146 1147
1148 1147 1146
1149 1148 1146
1150 1151 1152
1150 1152 1153
1151 1154 1155
1151 1155 1152
1156 1157 1158
1159 1160 1161
1162 1163 1164
1162 1164 1165
1165 1164 1166
1165 1166 1167
1168 1169 1170
1171 1172 1173
1174 1175 1176
1177 1176 1175
1178 1176 1177
1179 1180 1181
1179 1181 1182
1182 1181 1183
1182 1183 1184
1184 1183 1185
1184 1185 1186
1186 1185 1187
1186 1187 1188
1189 1190 1191
1192 1191 1190
1193 1192 1190
1194 1195 1196
1194 1196 1197
1195 1198 1199
1195 1199 1196
1200 1201 1202
1203 1204 1205
1206 1207 1208
1206 1208 1209
1209 1208 1210
1209 1210 1211
1212 1213 1214
1215 1216 1217
1218 1219 1220
1221 1220 1219
1222 1220 1221
1223 1224 1225
1223 1225 1226
1226 1225 1227
1226 1227 1228
1228 1227 1229
1228 1229 1230
1230 1229 1231
1230 1231 1232
1233 1234 1235
1236 1235 1234
1237 1236 1234
1238 1239 1240
1238 1240 1241
1239 1242 1243
1239 1243 1240
1244 1245 1246
1247 1248 1249
1250 1251 1252
1250 1252 1253
1253 1252 1254
1253 1254 1255
1256 1257 1258
1259 1260 1261
1262 1263 1264
1265 1264 1263
1266 1264 1265
1267 1268 1269
1267 1269 1270
1270 1269 1271
1270 1271 1272
1272 1271 1273
1272 1273 1274
1274 1273 1275
1274 1275 1276
1277 1278 1279
1280 1279 1278
1281 1280 1278
1282 1283 1284
1282 1284 1285
1283 1286 1287
1283 1287 1284
1288 1289 1290
1291 1292 1293
1294 1295 1296
1294 1296 1297
1297 1296 1298
1297 1298 1299
1300 1301 1302
1303 1304 1305
1306 1307 1308
1309 1308 1307
1310 1308 1309
1311 1312 1313
1311 1313 1314
1314 1313 1315
1314 1315 1316
1316 1315 1317
1316 1317 1318
1318 1317 1319
1318 1319 1320
1321 1322 1323
1324 1323 1322
1325 1324 1322
1326 1327 1328
1326 1328 1329
1330 1331 1332
1333 1334 1335
1336 1337 1338
1336 1338 1339
1340 1341 1342
1340 1342 1343
1344 1345 1346
1344 1346 1347
1348 1349 1350
1348 1350 1351
1352 1353 1354
1352 1354 1355
1356 1357 1358
1358 1357 1359
1360 1357 1356
1361 1362 1363
1364 1362 1361
1363 1362 1365
1366 1367 1368
1366 1368 1369
1370 1371 1367
1370 1367 1366
1372 1373 1374
1372 1374 1375
1372 1369 1368
1372 1368 1373
1376 1377 1378
1377 1379 1378
1380 1376 1378
1381 1382 1383
1384 1381 1383
1382 1385 1383
1386 1387 1388
1386 1388 1389
1390 1386 1389
1390 1389 1391
1392 1393 1394
1392 1394 1395
1388 1387 1392
1388 1392 1395
1396 1397 1398
1396 1398 1399
1397 1400 1401
1397 1401 1398
1401 1400 1402
1401 1402 1403
1404 1405 1406
1407 1408 1409
1406 1405 1410
1407 1409 1411
1412 1413 1414
1412 1414 1415
1415 1414 1416
1415 1416 1417
1416 1403 1402
1416 1402 1417
1418 1419 1405
1420 1407 1421
1419 1410 1405
1421 1407 1411
1418 1405 1422
1423 1407 1420
1424 1425 1426
1424 1426 1427
1427 1426 1428
1427 1428 1429
1430 1429 1428
1430 1428 1431
1432 1433 1434
1435 1436 1437
1433 1438 1434
1435 1439 1436
1440 1441 1442
1440 1442 1443
1444 1440 1443
1444 1443 1445
1444 1445 1430
1444 1430 1431
1446 1434 1447
1448 1449 1435
1447 1434 1438
1449 1439 1435
1446 1450 1434
1451 1448 1435
1452 1453 1454
1452 1454 1455
1455 1454 1456
1455 1456 1457
1458 1459 1460
1458 1460 1461
1461 1460 1453
1461 1453 1452
1462 1463 1464
1462 1464 1465
1463 1466 1467
1463 1467 1464
1468 1469 1470
1468 1470 1471
1469 1462 1465
1469 1465 1470
1472 1473 1474
1474 1473 1475
1476 1473 1472
1477 1478 1479
1477 1479 1480
1481 1482 1478
1481 1478 1477
1483 1484 1485
1483 1485 1486
1480 1479 1484
1480 1484 1483
1487 1488 1489
1487 1489 1490
1491 1492 1488
1491 1488 1487
1493 1494 1495
1493 1495 1496
1490 1489 1494
1490 1494 1493
1488 1477 1480
1488 1480 1489
1497 1479 1478
1497 1478 1498
1492 1481 1477
1492 1477 1488
1498 1478 1482
1498 1482 1499
1494 1483 1486
1494 1486 1495
1500 1485 1484
1500 1484 1501
1489 1480 1483
1489 1483 1494
1501 1484 1479
1501 1479 1497
1502 1503 1504
1503 1505 1504
1506 1502 1504
1497 1498 1507
1497 1507 1508
1498 1499 1509
1498 1509 1507
1500 1501 1510
1500 1510 1511
1501 1497 1508
1501 1508 1510
1512 1513 1514
1512 1514 1515
1513 1516 1517
1513 1517 1514
1518 1519 1520
1518 1520 1521
1519 1512 1515
1519 1515 1520
1522 1523 1524
1522 1524 1525
1523 1526 1527
1523 1527 1524
1528 1529 1530
1528 1530 1531
1529 1522 1525
1529 1525 1530
1515 1514 1523
1515 1523 1522
1513 1512 1508
1513 1508 1507
1514 1517 1526
1514 1526 1523
1516 1513 1507
1516 1507 1509
1521 1520 1529
1521 1529 1528
1519 1518 1511
1519 1511 1510
1520 1515 1522
1520 1522 1529
1512 1519 1510
1512 1510 1508
1532 1533 1534
1533 1535 1534
1536 1532 1534
1537 1538 1539
1537 1539 1540
1541 1537 1540
1541 1540 1542
1543 1544 1545
1543 1545 1546
1538 1543 1546
1538 1546 1539
1547 1548 1549
1547 1549 1550
1551 1547 1550
1551 1550 1552
1553 1554 1555
1553 1555 1556
1548 1553 1556
1548 1556 1549
1538 1537 1550
1538 1550 1549
1540 1539 1557
1540 1557 1558
1537 1541 1552
1537 1552 1550
1542 1540 1558
1542 1558 1559
1544 1543 1556
1544 1556 1555
1546 1545 1560
1546 1560 1561
1543 1538 1549
1543 1549 1556
1539 1546 1561
1539 1561 1557
1562 1563 1564
1564 1563 1565
1566 1563 1562
1567 1558 1557
1567 1557 1568
1569 1559 1558
1569 1558 1567
1570 1561 1560
1570 1560 1571
1568 1557 1561
1568 1561 1570
1572 1573 1574
1572 1574 1575
1576 1577 1573
1576 1573 1572
1578 1579 1580
1578 1580 1581
1575 1574 1579
1575 1579 1578
1582 1583 1584
1582 1584 1585
1586 1587 1583
1586 1583 1582
1588 1589 1590
1588 1590 1591
1585 1584 1589
1585 1589 1588
1583 1572 1575
1583 1575 1584
1568 1574 1573
1568 1573 1567
1587 1576 1572
1587 1572 1583
1567 1573 1577
1567 1577 1569
1589 1578 1581
1589 1581 1590
1571 1580 1579
1571 1579 1570
1584 1575 1578
1584 1578 1589
1570 1579 1574
1570 1574 1568
1592 1593 1594
1592 1594 1595
1596 1592 1595
1596 1595 1597
1598 1595 1594
1598 1597 1595
1599 1600 1601
1599 1601 1602
1603 1604 1600
1603 1600 1599
1605 1601 1600
1605 1600 1604
1606 1607 1608
1606 1608 1609
1610 1606 1609
1610 1609 1611
1612 1609 1608
1612 1611 1609
1613 1614 1615
1613 1615 1616
1617 1618 1614
1617 1614 1613
1619 1615 1614
1619 1614 1618
1620 1621 1622
1620 1622 1623
1624 1620 1623
1624 1623 1625
1626 1623 1622
1626 1625 1623
1627 1628 1629
1627 1629 1630
1631 1632 1628
1631 1628 1627
1633 1629 1628
1633 1628 1632
1634 1635 1636
1634 1636 1637
1638 1634 1637
1638 1637 1639
1640 1637 1636
1640 1639 1637
1641 1642 1643
1641 1643 1644
1645 1646 1642
1645 1642 1641
1647 1643 1642
1647 1642 1646
1648 1649 1650
1648 1650 1651
1652 1648 1651
1652 1651 1653
1654 1651 1650
1654 1653 1651
1655 1656 1657
1655 1657 1658
1659 1660 1656
1659 1656 1655
1661 1657 1656
1661 1656 1660
1662 1663 1664
1662 1664 1665
1666 1662 1665
1666 1665 1667
1668 1665 1664
1668 1667 1665
1669 1670 1671
1669 1671 1672
1673 1674 1670
1673 1670 1669
1675 1671 1670
1675 1670 1674
1676 1677 1678
1676 1678 1679
1680 1676 1679
1680 1679 1681
1682 1679 1678
1682 1681 1679
1683 1684 1685
1683 1685 1686
1687 1688 1684
1687 1684 1683
1689 1685 1684
1689 1684 1688
1690 1691 1692
1690 1692 1693
1694 1695 1696
1694 1696 1697
1698 1691 1690
1698 1690 1699
1700 1698 1699
1700 1699 1701
1700 1701 1696
1700 1696 1695
1702 1703 1704
1702 1704 1705
1706 1707 1708
1706 1708 1709
1710 1711 1712
1710 1712 1713
1714 1715 1716
1714 1716 1717
1718 1719 1720
1718 1720 1721
1716 1715 1722
1716 1722 1723
1723 1722 1724
1723 1724 1725
1724 1719 1718
1724 1718 1725
1726 1727 1728
1726 1728 1729
1730 1731 1732
1730 1732 1733
1734 1703 1702
1734 1702 1735
1736 1734 1735
1736 1735 1737
1738 1739 1740
1738 1740 1741
1742 1743 1744
1742 1744 1745
1713 1742 1745
1713 1745 1710
1746 1747 1748
1746 1748 1749
1750 1751 1752
1753 1754 1747
1753 1747 1746
1755 1756 1757
1755 1757 1758
1759 1760 1761
1759 1761 1762
1763 1764 1765
1763 1765 1766
1767 1763 1766
1768 1769 1770
1768 1770 1771
1772 1773 1774
1772 1774 1775
1776 1775 1774
1776 1774 1777
1748 1747 1754
1748 1754 1778
1748 1778 1779
1748 1779 1780
1781 1782 1783
1781 1752 1751
1781 1751 1782
1784 1749 1748
1784 1748 1785
1786 1787 1788
1786 1788 1789
1790 1791 1792
1790 1792 1793
1794 1791 1790
1795 1796 1797
1795 1797 1798
1799 1800 1801
1799 1801 1802
1803 1804 1805
1803 1805 1806
1807 1806 1805
1807 1805 1808
1809 1810 1811
1812 1813 1814
1812 1814 1815
1809 1816 1817
1809 1817 1818
1819 1820 1821
1819 1821 1822
1823 1824 1825
1823 1825 1826
1827 1828 1829
1827 1829 1830
1830 1829 1823
1830 1823 1826
1831 1832 1833
1831 1833 1834
1835 1836 1837
1835 1837 1838
1839 1835 1838
1839 1838 1840
1841 1842 1843
1841 1843 1844
1845 1846 1847
1845 1847 1848
1847 1846 1849
1847 1849 1850
1851 1852 1853
1851 1853 1854
1818 1817 1855
1818 1855 1819
1855 1856 1820
1855 1820 1819
1857 1815 1814
1857 1814 1822
1858 1859 1860
1858 1860 1861
1862 1863 1864
1862 1864 1865
1866 1867 1868
1866 1868 1869
1819 1822 1870
1861 1860 1871
1861 1871 1872
1873 1874 1875
1873 1875 1876
1817 1877 1878
1817 1878 1855
1855 1878 1879
1855 1879 1856
1877 1817 1816
1880 1881 1882
1880 1882 1883
1863 1862 1884
1863 1884 1885
1857 1886 1887
1822 1886 1857
1886 1821 1888
1822 1821 1886
1819 1810 1809
1819 1809 1818
1811 1810 1889
1819 1870 1810
1870 1822 1890
1870 1890 1891
1892 1893 1894
1892 1894 1895
1837 1896 1897
1837 1897 1838
1838 1897 1898
1838 1898 1840
1899 1900 1901
1899 1901 1902
1903 1904 1850
1903 1850 1849
1905 1851 1906
1907 1908 1905
1907 1905 1909
1910 1911 1912
1910 1912 1913
1881 1914 1915
1881 1915 1882
1916 1885 1884
1916 1884 1917
1918 1919 1920
1918 1920 1921
1919 1869 1868
1919 1868 1920
1899 1922 1900
1915 1914 1923
1915 1923 1924
1844 1922 1841
1900 1922 1844
1905 1906 1909
1906 1851 1854
1925 1926 1927
1928 1929 1930
1928 1930 1931
1932 1933 1925
1932 1925 1934
1935 1936 1937
1935 1937 1938
1939 1932 1934
1939 1934 1937
1939 1937 1936
1939 1936 1940
1930 1929 1941
1930 1941 1938
1871 1942 1943
1871 1943 1872
1937 1944 1938
1945 1946 1932
1945 1932 1939
1939 1940 1947
1939 1947 1945
1946 1933 1932
1941 1948 1949
1938 1941 1949
1949 1950 1935
1938 1949 1935
1937 1934 1925
1937 1925 1927
1926 1951 1927
1937 1927 1944
1944 1952 1953
1944 1953 1938
1954 1955 1956
1954 1956 1957
1955 1873 1876
1955 1876 1956
1958 1959 1960
1958 1960 1961
1962 1963 1964
1965 1966 1967
1968 1969 1970
1968 1970 1971
1972 1973 1974
1972 1974 1975
1976 1977 1978
1976 1978 1979
1980 1981 1982
1980 1982 1983
1984 1985 1986
1984 1986 1987
1962 1972 1975
1962 1975 1963
1988 1989 1990
1988 1990 1991
1992 1993 1989
1992 1989 1988
1994 1995 1996
1994 1996 1997
1998 1999 2000
1998 2000 2001
2002 2003 1999
2002 1999 1998
1969 1968 2004
2005 2006 2007
1969 2008 2009
1969 2009 1970
2010 2011 2012
2010 2012 2013
2014 1958 1961
2014 1961 2015
2016 2014 2015
2016 2015 2017
2016 2017 2018
2016 2018 2019
1965 2020 2021
1965 1967 2020
2022 2023 2024
2024 2023 2025
2005 2026 2027
2028 2029 2030
2031 2032 2033
2031 2033 2034
1960 2035 2036
2037 2038 2039
2040 2041 2042
1960 1979 2035
1960 1959 2043
2037 2039 2044
2037 2044 2045
1976 1979 1960
2004 1968 2046
2046 1968 2047
2031 2048 2049
2031 2049 2032
1985 1984 2022
2026 2050 2051
2026 2005 2052
2026 2053 2050
1979 1978 1982
1979 1982 1981
1980 1983 1986
1980 1986 1985
1984 1987 2054
1984 2054 2023
2054 2055 2025
2054 2025 2023
1997 1996 1993
1997 1993 1992
2001 2000 1995
2001 1995 1994
2056 2011 2010
2034 2033 2036
2034 2036 2035
2057 2041 2058
2057 2058 2059
2041 2057 2042
1984 2023 2022
2006 2060 2007
2026 2052 2053
2029 2028 2051
2050 2029 2051
2005 2007 2061
2005 2061 2052
2022 2056 2062
2034 1981 2031
2009 2008 2063
2009 2063 2064
2044 2039 2065
1980 1985 2062
2035 1979 2034
1970 2066 1971
2067 2068 2069
2067 2069 2070
2071 2072 2073
2071 2073 2074
2074 2073 2075
2074 2075 2076
2077 2078 2079
2077 2079 2080
2045 2044 2081
2066 2082 1971
2082 2083 1971
2084 2085 2086
2087 1964 1963
2087 1963 2088
2089 2090 1964
2089 1964 2087
2089 2091 2092
2089 2092 2090
2093 2077 2080
2093 2080 2094
2009 2064 2095
2063 2008 2096
2095 2064 2097
2063 2096 2098
2084 2076 2075
2084 2075 2085
2056 2010 2062
2062 1981 1980
2099 2100 2101
2099 2101 2102
2103 2104 2105
2106 2107 2108
2109 2110 2111
2109 2111 2112
2113 2114 2115
2113 2115 2116
2117 2118 2119
2117 2119 2120
2121 2122 2123
2121 2123 2124
2112 2111 2103
2112 2103 2105
2125 2126 2127
2125 2127 2128
2126 2129 2130
2126 2130 2127
2131 2132 2133
2131 2133 2134
2135 2136 2137
2135 2137 2138
2136 2139 2140
2136 2140 2137
2141 2142 2143
2144 2145 2146
2144 2146 2147
2100 2099 2148
2100 2148 2149
2149 2148 2150
2149 2150 2151
2106 2152 2153
2106 2153 2107
2154 2155 2156
2155 2157 2156
2141 2158 2159
2160 2161 2162
2163 2164 2165
2163 2165 2166
2101 2167 2168
2169 2170 2171
2101 2168 2114
2101 2172 2102
2113 2172 2101
2173 2174 2163
2173 2163 2166
2122 2154 2123
2159 2175 2176
2159 2177 2141
2159 2176 2178
2117 2115 2114
2117 2114 2118
2121 2120 2119
2121 2119 2122
2179 2124 2123
2179 2123 2156
2179 2156 2157
2179 2157 2180
2129 2131 2134
2129 2134 2130
2132 2135 2138
2132 2138 2133
2181 2144 2147
2167 2165 2164
2167 2164 2168
2182 2171 2183
2182 2183 2184
2171 2170 2183
2123 2154 2156
2143 2142 2185
2159 2178 2177
2162 2175 2160
2176 2175 2162
2141 2186 2142
2141 2177 2186
2154 2187 2181
2164 2163 2118
2119 2187 2122
2168 2164 2114
2181 2187 2144
2187 2119 2118
2062 1985 2022
2122 2187 2154
1976 1960 2043
2113 2101 2114
2031 1981 2062
2118 2163 2187
2034 1979 1981
2114 2164 2118
2188 2189 2190
2188 2190 2191
2189 2192 2193
2189 2193 2194
2195 2188 2191
2195 2191 2196
2193 2197 2198
2193 2198 2194
2199 2200 2201
2199 2201 2202
2203 2202 2201
2203 2201 2204
2205 2206 2207
2205 2207 2208
2209 2210 2211
2212 2213 2210
2212 2210 2209
2205 2208 2200
2205 2200 2199
2204 2213 2212
2204 2212 2203
2189 2188 2192
2191 2190 2214
2215 2216 2217
2215 2217 2218
2216 2219 2220
2216 2220 2221
2218 2217 2222
2218 2222 2223
2220 2219 2224
2220 2224 2225
2216 2221 2217
2218 2226 2215
2227 2228 2229
2227 2229 2230
2231 2232 2233
2231 2233 2234
2235 2236 2237
2235 2237 2238
2227 2230 2232
2227 2232 2231
2238 2237 2229
2238 2229 2228
2239 2240 2241
2242 2243 2244
2245 2236 2235
2245 2235 2246
2241 2240 2247
2241 2247 2243
2243 2247 2248
2244 2243 2248
2249 2250 2251
2252 2253 2254
2250 2255 2251
2250 2254 2255
2254 2256 2255
2253 2256 2254
2257 2258 2259
2257 2259 2260
2261 2262 2263
2261 2263 2264
2265 2266 2267
2265 2267 2268
2269 2270 2267
2269 2267 2266
2271 2272 2273
2271 2273 2274
2275 2276 2277
2275 2277 2278
2279 2280 2281
2279 2281 2282
2283 2284 2285
2283 2285 2286
2287 2288 2289
2287 2289 2290
2291 2292 2293
2291 2293 2294
2287 2290 2277
2287 2277 2276
2265 2268 2293
2265 2293 2292
2291 2294 2263
2291 2263 2262
2261 2264 2289
2261 2289 2288
2269 2286 2285
2269 2285 2270
2283 2274 2273
2283 2273 2284
2271 2282 2281
2271 2281 2272
2279 2260 2259
2279 2259 2280
2295 2296 2297
2295 2297 2298
2299 2300 2301
2299 2301 2302
2303 2304 2305
2303 2305 2306
2307 2308 2309
2307 2309 2310
2306 2305 2311
2306 2311 2312
2313 2314 2308
2313 2308 2307
2315 2316 2317
2315 2317 2318
2319 2320 2321
2319 2321 2322
2323 2324 2325
2323 2325 2326
2327 2328 2329
2327 2329 2330
2331 2332 2333
2331 2333 2334
2335 2336 2337
2335 2337 2338
2339 2338 2337
2339 2337 2340
2341 2342 2324
2341 2324 2323
2334 2333 2304
2334 2304 2303
2310 2309 2328
2310 2328 2327
2330 2329 2300
2330 2300 2299
2298 2297 2332
2298 2332 2331
2326 2325 2296
2326 2296 2295
2302 2301 2336
2302 2336 2335
2312 2311 2320
2312 2320 2319
2343 2322 2321
2343 2321 2344
2345 2346 2347
2345 2347 2348
2349 2350 2351
2349 2351 2352
2353 2354 2355
2353 2355 2356
2344 2357 2358
2344 2358 2343
2359 2360 2361
2359 2361 2362
2340 2353 2356
2340 2356 2339
2363 2342 2341
2363 2341 2364
2365 2366 2367
2365 2367 2368
2369 2370 2371
2369 2371 2372
2317 2314 2313
2317 2313 2318
2360 2316 2315
2360 2315 2361
2370 2359 2362
2370 2362 2371
2357 2365 2368
2357 2368 2358
2366 2349 2352
2366 2352 2367
2373 2369 2372
2373 2372 2374
2375 2376 2377
2375 2377 2378
2379 2380 2381
2379 2381 2382
2383 2384 2385
2383 2385 2386
2387 2388 2389
2387 2389 2390
2391 2388 2387
2391 2387 2392
2393 2394 2395
2393 2395 2396
2397 2398 2399
2397 2399 2400
2401 2402 2403
2401 2403 2404
2405 2406 2407
2405 2407 2408
2409 2410 2411
2409 2411 2412
2413 2414 2415
2413 2415 2416
2411 2398 2397
2411 2397 2412
2389 2414 2413
2389 2413 2390
2415 2384 2383
2415 2383 2416
2385 2410 2409
2385 2409 2386
2407 2406 2391
2407 2391 2392
2395 2394 2405
2395 2405 2408
2403 2402 2393
2403 2393 2396
2379 2382 2401
2379 2401 2404
2417 2418 2419
2417 2419 2420
2421 2422 2423
2421 2423 2424
2425 2426 2427
2425 2427 2428
2429 2430 2431
2429 2431 2432
2433 2434 2435
2433 2435 2436
2425 2420 2419
2425 2419 2426
2421 2418 2437
2421 2437 2422
2438 2439 2440
2438 2440 2441
2442 2443 2444
2442 2444 2445
2446 2447 2448
2446 2448 2449
2450 2451 2428
2450 2428 2427
2452 2453 2424
2452 2424 2423
2445 2444 2439
2445 2439 2438
2418 2417 2437
2430 2434 2433
2430 2433 2431
2437 2417 2454
2455 2456 2457
2455 2457 2458
2459 2460 2461
2459 2461 2462
2463 2464 2465
2463 2465 2466
2455 2458 2465
2455 2465 2464
2467 2456 2461
2467 2461 2460
2456 2467 2457
2467 2468 2457
2469 2470 2471
2469 2471 2472
2473 2474 2475
2473 2475 2476
2477 2478 2479
2477 2479 2480
2481 2475 2474
2481 2474 2482
2483 2484 2485
2483 2485 2486
2487 2481 2482
2487 2482 2488
2472 2473 2476
2472 2476 2469
2489 2490 2491
2489 2491 2492
2489 2492 2493
2489 2493 2494
2495 2496 2497
2495 2497 2498
2494 2493 2499
2494 2499 2500
2490 2501 2502
2490 2502 2491
2503 2504 2505
2506 2507 2508
2506 2508 2509
2510 2511 2512
2510 2512 2513
2514 2515 2516
2514 2516 2517
2511 2510 2518
2511 2518 2519
2520 2521 2517
2520 2517 2516
2522 2523 2524
2522 2524 2525
2526 2527 2528
2526 2528 2529
2519 2518 2527
2519 2527 2526
2523 2522 2521
2523 2521 2520
2513 2512 2530
2513 2530 2531
2507 2506 2515
2507 2515 2514
2532 2533 2534
2532 2534 2535
2508 2536 2509
2530 2503 2505
2530 2505 2531
2532 2537 2538
2532 2538 2533
2508 2539 2536
2504 2540 2505
2541 2542 2543
2541 2543 2544
2545 2546 2547
2545 2547 2548
2549 2550 2551
2549 2551 2552
2553 2554 2548
2553 2548 2547
2555 2556 2554
2555 2554 2553
2542 2541 2546
2542 2546 2545
2557 2558 2559
2557 2559 2560
2557 2561 2562
2557 2562 2558
2561 2563 2564
2561 2564 2562
2560 2559 2565
2560 2565 2566
2567 2568 2569
2570 2571 2572
2570 2572 2573
2574 2575 2576
2574 2576 2577
2578 2579 2580
2578 2580 2581
2575 2582 2583
2575 2583 2576
2584 2578 2581
2584 2581 2585
2582 2586 2587
2582 2587 2583
2588 2584 2585
2588 2585 2589
2590 2574 2577
2590 2577 2591
2579 2570 2573
2579 2573 2580
2592 2593 2594
2592 2594 2595
2572 2571 2596
2568 2567 2590
2568 2590 2591
2597 2598 2599
2597 2599 2600
2601 2599 2598
2601 2598 2602
2601 2602 2603
2604 2605 2606
2604 2606 2607
2608 2609 2610
2608 2610 2611
2606 2612 2613
2606 2613 2607
2614 2615 2605
2614 2605 2604
2613 2612 2608
2613 2608 2611
2616 2615 2614
2616 2614 2617
2618 2619 2620
2618 2620 2621
2619 2618 2622
2619 2622 2623
2622 2624 2623
2625 2626 2627
2625 2627 2628
2629 2630 2631
2629 2631 2632
2633 2634 2635
2633 2635 2636
2637 2638 2639
2637 2639 2640
2641 2642 2643
2641 2643 2644
2645 2646 2647
2645 2647 2648
2649 2650 2651
2649 2651 2652
2653 2652 2651
2653 2651 2654
2655 2656 2657
2655 2657 2658
2659 2660 2661
2659 2661 2662
2652 2663 2664
2652 2664 2649
2665 2666 2667
2665 2667 2653
2668 2649 2664
2668 2664 2669
2670 2671 2672
2673 2668 2669
2673 2669 2674
2675 2676 2677
2675 2677 2678
2679 2680 2681
2679 2681 2682
2683 2682 2681
2683 2681 2684
2676 2685 2686
2676 2686 2677
2685 2683 2684
2685 2684 2686
2674 2671 2670
2674 2670 2673
2652 2653 2667
2652 2667 2663
2687 2688 2680
2687 2680 2679
2689 2690 2691
2689 2691 2692
2693 2694 2695
2693 2695 2696
2697 2695 2694
2697 2694 2698
2691 2690 2699
2691 2699 2700
2701 2654 2702
2701 2702 2703
2659 2662 2704
2659 2704 2705
2645 2706 2646
2645 2672 2707
2645 2707 2706
2708 2668 2648
2650 2649 2668
2650 2668 2708
2670 2672 2645
2670 2645 2673
2709 2710 2711
2709 2711 2712
2705 2704 2713
2705 2713 2714
2675 2678 2715
2675 2715 2716
2717 2718 2688
2717 2688 2687
2719 2720 2721
2719 2721 2722
2710 2709 2719
2710 2719 2722
2653 2654 2701
2692 2697 2698
2692 2698 2689
2699 2714 2713
2699 2713 2700
2648 2668 2673
2723 2724 2725
2723 2725 2726
2727 2728 2729
2727 2729 2730
2727 2730 2731
2727 2731 2732
2730 2729 2733
2730 2733 2734
2735 2731 2736
2735 2736 2737
2733 2729 2738
2733 2738 2739
2740 2741 2742
2739 2738 2743
2739 2743 2744
2740 2742 2744
2740 2744 2743
2736 2731 2730
2736 2730 2734
2745 2746 2747
2745 2747 2732
2723 2726 2748
2723 2748 2749
2723 2749 2741
2750 2724 2738
2738 2729 2728
2738 2728 2750
2740 2723 2741
2740 2743 2723
2731 2735 2745
2724 2743 2738
2653 2701 2665
2731 2745 2732
2673 2645 2648
2723 2743 2724
2751 2752 2753
2751 2753 2754
2755 2756 2757
2755 2757 2758
2759 2758 2757
2759 2757 2760
2761 2762 2763
2761 2763 2764
2765 2766 2767
2765 2767 2768
2758 2769 2770
2758 2770 2755
2771 2772 2773
2771 2773 2759
2774 2755 2770
2774 2770 2775
2776 2777 2778
2779 2774 2775
2779 2775 2780
2781 2782 2783
2781 2783 2784
2785 2786 2787
2785 2787 2788
2789 2788 2787
2789 2787 2790
2782 2791 2792
2782 2792 2783
2791 2789 2790
2791 2790 2792
2780 2777 2776
2780 2776 2779
2758 2759 2773
2758 2773 2769
2793 2794 2786
2793 2786 2785
2795 2796 2797
2795 2797 2798
2799 2800 2801
2799 2801 2802
2803 2801 2800
2803 2800 2804
2797 2796 2805
2797 2805 2806
2807 2760 2808
2807 2808 2809
2765 2768 2810
2765 2810 2811
2751 2812 2752
2751 2778 2813
2751 2813 2812
2814 2774 2754
2756 2755 2774
2756 2774 2814
2776 2778 2751
2776 2751 2779
2815 2816 2817
2815 2817 2818
2811 2810 2819
2811 2819 2820
2781 2784 2821
2781 2821 2822
2823 2824 2794
2823 2794 2793
2825 2826 2827
2825 2827 2828
2816 2815 2825
2816 2825 2828
2759 2760 2807
2759 2807 2771
2798 2803 2804
2798 2804 2795
2805 2820 2819
2805 2819 2806
2751 2754 2779
2754 2774 2779
2829 2830 2831
2829 2831 2832
2833 2834 2835
2833 2835 2836
2833 2836 2837
2833 2837 2838
2836 2835 2839
2836 2839 2840
2841 2837 2842
2841 2842 2843
2839 2835 2844
2839 2844 2845
2846 2847 2848
2845 2844 2849
2845 2849 2850
2846 2848 2850
2846 2850 2849
2842 2837 2836
2842 2836 2840
2851 2852 2853
2851 2853 2838
2829 2832 2854
2829 2854 2855
2829 2855 2847
2856 2830 2844
2844 2835 2834
2844 2834 2856
2846 2829 2847
2846 2849 2829
2837 2841 2851
2837 2851 2838
2829 2849 2830
2830 2849 2844
2857 2858 2859
2857 2859 2860
2861 2862 2863
2861 2863 2864
2865 2864 2863
2865 2863 2866
2867 2868 2869
2867 2869 2870
2871 2872 2873
2871 2873 2874
2864 2875 2876
2864 2876 2861
2877 2878 2879
2877 2879 2865
2880 2861 2876
2880 2876 2881
2882 2883 2884
2885 2880 2881
2885 2881 2886
2887 2888 2889
2887 2889 2890
2891 2892 2893
2891 2893 2894
2895 2894 2893
2895 2893 2896
2888 2897 2898
2888 2898 2889
2897 2895 2896
2897 2896 2898
2886 2883 2882
2886 2882 2885
2864 2865 2879
2864 2879 2875
2899 2900 2892
2899 2892 2891
2901 2902 2903
2901 2903 2904
2905 2906 2907
2905 2907 2908
2909 2907 2906
2909 2906 2910
2903 2902 2911
2903 2911 2912
2913 2866 2914
2913 2914 2915
2871 2874 2916
2871 2916 2917
2857 2918 2858
2857 2884 2919
2857 2919 2918
2920 2880 2860
2862 2861 2880
2862 2880 2920
2882 2884 2857
2882 2857 2885
2921 2922 2923
2921 2923 2924
2917 2916 2925
2917 2925 2926
2887 2890 2927
2887 2927 2928
2929 2930 2900
2929 2900 2899
2931 2932 2933
2931 2933 2934
2922 2921 2931
2922 2931 2934
2865 2866 2913
2865 2913 2877
2904 2909 2910
2904 2910 2901
2911 2926 2925
2911 2925 2912
2857 2860 2885
2860 2880 2885
2935 2936 2937
2935 2937 2938
2939 2940 2941
2939 2941 2942
2939 2942 2943
2939 2943 2944
2942 2941 2945
2942 2945 2946
2947 2943 2948
2947 2948 2949
2945 2941 2950
2945 2950 2951
2952 2953 2954
2951 2950 2955
2951 2955 2956
2952 2954 2956
2952 2956 2955
2948 2943 2942
2948 2942 2946
2957 2958 2959
2957 2959 2944
2935 2938 2960
2935 2960 2961
2935 2961 2953
2962 2936 2950
2950 2941 2940
2950 2940 2962
2952 2935 2953
2952 2955 2935
2943 2947 2957
2943 2957 2944
2935 2955 2936
2936 2955 2950
2963 2964 2965
2963 2965 2966
2967 2968 2969
2967 2969 2970
2971 2970 2969
2971 2969 2972
2973 2974 2975
2973 2975 2976
2977 2978 2979
2977 2979 2980
2970 2981 2982
2970 2982 2967
2983 2984 2985
2983 2985 2971
2986 2967 2982
2986 2982 2987
2988 2989 2990
2991 2986 2987
2991 2987 2992
2993 2994 2995
2993 2995 2996
2997 2998 2999
2997 2999 3000
3001 3000 2999
3001 2999 3002
2994 3003 3004
2994 3004 2995
3003 3001 3002
3003 3002 3004
2992 2989 2988
2992 2988 2991
2970 2971 2985
2970 2985 2981
3005 3006 2998
3005 2998 2997
3007 3008 3009
3007 3009 3010
3011 3012 3013
3011 3013 3014
3015 3013 3012
3015 3012 3016
3009 3008 3017
3009 3017 3018
3019 2972 3020
3019 3020 3021
2977 2980 3022
2977 3022 3023
2963 3024 2964
2963 2990 3025
2963 3025 3024
3026 2986 2966
2968 2967 2986
2968 2986 3026
2988 2990 2963
2988 2963 2991
3027 3028 3029
3027 3029 3030
3023 3022 3031
3023 3031 3032
2993 2996 3033
2993 3033 3034
3035 3036 3006
3035 3006 3005
3037 3038 3039
3037 3039 3040
3028 3027 3037
3028 3037 3040
2971 2972 3019
2971 3019 2983
3010 3015 3016
3010 3016 3007
3017 3032 3031
3017 3031 3018
2963 2966 2991
2966 2986 2991
3041 3042 3043
3041 3043 3044
3045 3046 3047
3045 3047 3048
3045 3048 3049
3045 3049 3050
3048 3047 3051
3048 3051 3052
3053 3049 3054
3053 3054 3055
3051 3047 3056
3051 3056 3057
3058 3059 3060
3057 3056 3061
3057 3061 3062
3058 3060 3062
3058 3062 3061
3054 3049 3048
3054 3048 3052
3063 3064 3065
3063 3065 3050
3041 3044 3066
3041 3066 3067
3041 3067 3059
3068 3042 3056
3056 3047 3046
3056 3046 3068
3058 3041 3059
3058 3061 3041
3049 3053 3063
3049 3063 3050
3041 3061 3042
3042 3061 3056
3069 3070 3071
3069 3071 3072
3073 3074 3075
3073 3075 3076
3077 3076 3075
3077 3075 3078
3079 3080 3081
3079 3081 3082
3083 3084 3085
3083 3085 3086
3076 3087 3088
3076 3088 3073
3089 3090 3091
3089 3091 3077
3092 3073 3088
3092 3088 3093
3094 3095 3096
3097 3092 3093
3097 3093 3098
3099 3100 3101
3099 3101 3102
3103 3104 3105
3103 3105 3106
3107 3106 3105
3107 3105 3108
3100 3109 3110
3100 3110 3101
3109 3107 3108
3109 3108 3110
3098 3095 3094
3098 3094 3097
3076 3077 3091
3076 3091 3087
3111 3112 3104
3111 3104 3103
3113 3114 3115
3113 3115 3116
3117 3118 3119
3117 3119 3120
3121 3119 3118
3121 3118 3122
3115 3114 3123
3115 3123 3124
3125 3078 3126
3125 3126 3127
3083 3086 3128
3083 3128 3129
3069 3130 3070
3069 3096 3131
3069 3131 3130
3132 3092 3072
3074 3073 3092
3074 3092 3132
3094 3096 3069
3094 3069 3097
3133 3134 3135
3133 3135 3136
3129 3128 3137
3129 3137 3138
3099 3102 3139
3099 3139 3140
3141 3142 3112
3141 3112 3111
3143 3144 3145
3143 3145 3146
3134 3133 3143
3134 3143 3146
3077 3078 3125
3077 3125 3089
3116 3121 3122
3116 3122 3113
3123 3138 3137
3123 3137 3124
3069 3072 3097
3072 3092 3097
3147 3148 3149
3147 3149 3150
3151 3152 3153
3151 3153 3154
3151 3154 3155
3151 3155 3156
3154 3153 3157
3154 3157 3158
3159 3155 3160
3159 3160 3161
3157 3153 3162
3157 3162 3163
3164 3165 3166
3163 3162 3167
3163 3167 3168
3164 3166 3168
3164 3168 3167
3160 3155 3154
3160 3154 3158
3169 3170 3171
3169 3171 3156
3147 3150 3172
3147 3172 3173
3147 3173 3165
3174 3148 3162
3162 3153 3152
3162 3152 3174
3164 3147 3165
3164 3167 3147
3155 3159 3169
3155 3169 3156
3147 3167 3148
3148 3167 3162
3175 3176 3177
3175 3177 3178
3179 3180 3181
3179 3181 3182
3183 3182 3181
3183 3181 3184
3185 3186 3187
3185 3187 3188
3189 3190 3191
3189 3191 3192
3182 3193 3194
3182 3194 3179
3195 3196 3197
3195 3197 3183
3198 3179 3194
3198 3194 3199
3200 3201 3202
3203 3198 3199
3203 3199 3204
3205 3206 3207
3205 3207 3208
3209 3210 3211
3209 3211 3212
3213 3212 3211
3213 3211 3214
3206 3215 3216
3206 3216 3207
3215 3213 3214
3215 3214 3216
3204 3201 3200
3204 3200 3203
3182 3183 3197
3182 3197 3193
3217 3218 3210
3217 3210 3209
3219 3220 3221
3219 3221 3222
3223 3224 3225
3223 3225 3226
3227 3225 3224
3227 3224 3228
3221 3220 3229
3221 3229 3230
3231 3184 3232
3231 3232 3233
3189 3192 3234
3189 3234 3235
3175 3236 3176
3175 3202 3237
3175 3237 3236
3238 3198 3178
3180 3179 3198
3180 3198 3238
3200 3202 3175
3200 3175 3203
3239 3240 3241
3239 3241 3242
3235 3234 3243
3235 3243 3244
3205 3208 3245
3205 3245 3246
3247 3248 3218
3247 3218 3217
3249 3250 3251
3249 3251 3252
3240 3239 3249
3240 3249 3252
3183 3184 3231
3183 3231 3195
3222 3227 3228
3222 3228 3219
3229 3244 3243
3229 3243 3230
3175 3178 3203
3178 3198 3203
3253 3254 3255
3253 3255 3256
3257 3258 3259
3257 3259 3260
3257 3260 3261
3257 3261 3262
3260 3259 3263
3260 3263 3264
3265 3261 3266
3265 3266 3267
3263 3259 3268
3263 3268 3269
3270 3271 3272
3269 3268 3273
3269 3273 3274
3270 3272 3274
3270 3274 3273
3266 3261 3260
3266 3260 3264
3275 3276 3277
3275 3277 3262
3253 3256 3278
3253 3278 3279
3253 3279 3271
3280 3254 3268
3268 3259 3258
3268 3258 3280
3270 3253 3271
3270 3273 3253
3261 3265 3275
3261 3275 3262
3253 3273 3254
3254 3273 3268
3281 3282 3283
3281 3283 3284
3285 3286 3287
3285 3287 3288
3289 3288 3287
3289 3287 3290
3291 3292 3293
3291 3293 3294
3295 3296 3297
3295 3297 3298
3288 3299 3300
3288 3300 3285
3301 3302 3303
3301 3303 3289
3304 3285 3300
3304 3300 3305
3306 3307 3308
3309 3304 3305
3309 3305 3310
3311 3312 3313
3311 3313 3314
3315 3316 3317
3315 3317 3318
3319 3318 3317
3319 3317 3320
3312 3321 3322
3312 3322 3313
3321 3319 3320
3321 3320 3322
3310 3307 3306
3310 3306 3309
3288 3289 3303
3288 3303 3299
3323 3324 3316
3323 3316 3315
3325 3326 3327
3325 3327 3328
3329 3330 3331
3329 3331 3332
3333 3331 3330
3333 3330 3334
3327 3326 3335
3327 3335 3336
3337 3290 3338
3337 3338 3339
3295 3298 3340
3295 3340 3341
3281 3342 3282
3281 3308 3343
3281 3343 3342
3344 3304 3284
3286 3285 3304
3286 3304 3344
3306 3308 3281
3306 3281 3309
3345 3346 3347
3345 3347 3348
3341 3340 3349
3341 3349 3350
3311 3314 3351
3311 3351 3352
3353 3354 3324
3353 3324 3323
3355 3356 3357
3355 3357 3358
3346 3345 3355
3346 3355 3358
3289 3290 3337
3289 3337 3301
3328 3333 3334
3328 3334 3325
3335 3350 3349
3335 3349 3336
3281 3284 3309
3284 3304 3309
3359 3360 3361
3359 3361 3362
3363 3364 3365
3363 3365 3366
3363 3366 3367
3363 3367 3368
3366 3365 3369
3366 3369 3370
3371 3367 3372
3371 3372 3373
3369 3365 3374
3369 3374 3375
3376 3377 3378
3375 3374 3379
3375 3379 3380
3376 3378 3380
3376 3380 3379
3372 3367 3366
3372 3366 3370
3381 3382 3383
3381 3383 3368
3359 3362 3384
3359 3384 3385
3359 3385 3377
3386 3360 3374
3374 3365 3364
3374 3364 3386
3376 3359 3377
3376 3379 3359
3367 3371 3381
3367 3381 3368
3359 3379 3360
3360 3379 3374
3387 3388 3389
3387 3389 3390
3391 3392 3387
3391 3387 3390
3393 3394 3395
3393 3395 3396
3393 3396 3397
3393 3397 3398
3399 3400 3401
3399 3401 3402
3402 3401 3403
3402 3403 3404
3405 3406 3404
3405 3404 3403
3407 3408 3409
3407 3409 3410
3411 3412 3413
3411 3413 3414
3413 3415 3416
3413 3416 3414
3417 3418 3416
3417 3416 3415
3395 3394 3407
3395 3407 3410
3405 3419 3420
3405 3420 3406
3391 3421 3422
3391 3422 3392
3409 3408 3423
3409 3423 3424
3425 3412 3411
3425 3411 3426
3388 3427 3428
3388 3428 3389
3421 3429 3430
3421 3430 3422
3400 3399 3431
3400 3431 3432
3417 3433 3434
3417 3434 3418
3435 3436 3437
3435 3437 3438
3435 3439 3440
3435 3440 3436
3441 3442 3443
3441 3443 3444
3445 3446 3447
3445 3447 3448
3449 3445 3448
3449 3448 3450
3450 3451 3452
3450 3452 3449
3453 3454 3455
3453 3455 3456
3457 3458 3459
3457 3459 3460
3457 3460 3461
3457 3461 3462
3461 3463 3464
3461 3464 3462
3453 3444 3443
3453 3443 3454
3465 3466 3440
3465 3440 3439
3467 3468 3469
3467 3469 3470
3471 3472 3473
3474 3475 3476
3474 3476 3477
3476 3478 3479
3476 3479 3477
3480 3481 3482
3480 3482 3483
3484 3485 3479
3484 3479 3478
3486 3480 3483
3486 3483 3487
3488 3467 3470
3488 3470 3489
3490 3491 3492
3493 3469 3468
3493 3468 3494
3491 3487 3495
3491 3495 3496
3483 3482 3497
3483 3497 3498
3499 3500 3497
3499 3497 3501
3502 3503 3504
3501 3505 3506
3501 3506 3499
3507 3508 3509
3479 3485 3510
3479 3510 3511
3512 3513 3514
3512 3514 3515
3497 3500 3511
3497 3511 3498
3510 3516 3495
3495 3498 3511
3495 3511 3510
3517 3518 3519
3517 3519 3520
3521 3522 3523
3521 3523 3524
3525 3526 3527
3525 3527 3528
3529 3530 3507
3529 3507 3509
3531 3524 3532
3533 3534 3526
3533 3526 3513
3513 3526 3525
3513 3525 3514
3532 3530 3535
3503 3502 3536
3503 3536 3537
3538 3507 3523
3532 3539 3540
3532 3540 3531
3497 3482 3473
3497 3473 3501
3528 3541 3522
3514 3531 3540
3514 3540 3515
3500 3477 3479
3500 3479 3511
3500 3499 3474
3500 3474 3477
3516 3510 3485
3516 3485 3536
3498 3495 3487
3498 3487 3483
3505 3501 3473
3505 3473 3472
3524 3523 3507
3524 3507 3530
3525 3528 3522
3525 3522 3521
3524 3530 3532
3525 3521 3514
3523 3541 3538
3519 3518 3542
3519 3542 3543
3543 3542 3544
3507 3538 3508
3523 3522 3541
3531 3521 3524
3530 3529 3535
3496 3545 3546
3547 3545 3496
3521 3531 3514
3535 3548 3539
3535 3539 3532
3490 3486 3487
3490 3487 3491
3549 3527 3526
3549 3526 3534
3499 3506 3550
3499 3550 3474
3492 3491 3546
3496 3546 3491
3512 3533 3513
3475 3474 3550
3481 3471 3473
3481 3473 3482
3484 3537 3536
3484 3536 3485
3547 3516 3536
3547 3536 3502
3496 3516 3547
3495 3516 3496
3551 3552 3553
3551 3553 3554
3555 3556 3557
3555 3557 3558
3468 3467 3557
3468 3557 3559
3560 3561 3562
3563 3564 3565
3563 3565 3566
3567 3568 3569
3567 3569 3570
3564 3559 3557
3564 3557 3556
3565 3551 3571
3551 3565 3564
3551 3564 3556
3572 3573 3574
3572 3574 3575
3576 3577 3578
3576 3578 3579
3580 3581 3582
3580 3582 3583
3560 3584 3585
3560 3585 3561
3586 3587 3577
3588 3570 3581
3588 3581 3589
3570 3569 3582
3570 3582 3581
3587 3590 3584
3591 3578 3560
3592 3593 3587
3592 3587 3586
3557 3467 3488
3557 3488 3558
3583 3579 3594
3569 3568 3592
3569 3592 3586
3559 3564 3563
3559 3563 3595
3494 3468 3559
3494 3559 3595
3566 3565 3571
3566 3571 3596
3552 3551 3556
3552 3556 3555
3560 3578 3577
3560 3577 3584
3579 3583 3582
3579 3582 3576
3577 3587 3584
3582 3569 3576
3578 3591 3594
3572 3597 3598
3572 3598 3573
3597 3599 3598
3560 3562 3591
3578 3594 3579
3586 3577 3576
3584 3590 3585
3554 3600 3601
3602 3554 3601
3576 3569 3586
3593 3603 3590
3593 3590 3587
3604 3589 3581
3604 3581 3580
3605 3600 3553
3554 3553 3600
3567 3570 3588
3596 3571 3602
3596 3602 3606
3554 3602 3571
3551 3554 3571
3607 2443 2442
3607 2442 3608
3609 2449 2448
3609 2448 3610
3611 3612 3613
3611 3613 3614
3615 3616 3617
3615 3617 3618
3619 3620 3621
3619 3621 3622
3623 3624 3625
3623 3625 3626
3627 3628 3629
3627 3629 3630
3631 3632 3633
3631 3633 3634
3635 3636 3637
3635 3637 3638
3639 3640 3641
3639 3641 3642
3638 3643 3644
3638 3644 3635
3645 3646 3647
3645 3647 3648
3643 3648 3647
3643 3647 3644
3649 3650 3651
3649 3651 3652
3653 3654 3655
3653 3655 3656
3652 3657 3658
3652 3658 3649
3659 3660 3661
3659 3661 3662
3657 3662 3661
3657 3661 3658
3663 3664 3665
3663 3665 3666
3667 3668 3669
3667 3669 3670
3666 3671 3672
3666 3672 3663
3673 3674 3675
3673 3675 3676
3671 3676 3675
3671 3675 3672
3677 3678 3679
3677 3679 3680
3681 3682 3683
3681 3683 3684
3680 3685 3686
3680 3686 3677
3687 3688 3689
3687 3689 3690
3685 3690 3689
3685 3689 3686
3691 3692 3693
3691 3693 3694
3695 3696 3697
3695 3697 3698
3694 3699 3700
3694 3700 3691
3701 3702 3703
3701 3703 3704
3699 3704 3703
3699 3703 3700
3705 3706 3707
3705 3707 3708
3709 3710 3711
3709 3711 3712
3708 3713 3714
3708 3714 3705
3715 3716 3717
3715 3717 3718
3713 3718 3717
3713 3717 3714
3719 3720 3721
3719 3721 3722
3723 3724 3725
3723 3725 3726
3722 3727 3728
3722 3728 3719
3729 3730 3731
3729 3731 3732
3727 3732 3731
3727 3731 3728
3733 3734 3735
3733 3735 3736
3734 3733 3737
3734 3737 3738
3739 3740 3741
3739 3741 3742
3738 3737 3741
3738 3741 3740
3743 3744 3745
3743 3745 3746
3744 3743 3747
3744 3747 3748
3749 3750 3751
3749 3751 3752
3748 3747 3751
3748 3751 3750
3753 3754 3755
3753 3755 3756
3754 3753 3757
3754 3757 3758
3759 3760 3761
3759 3761 3762
3758 3757 3761
3758 3761 3760
3763 3764 3765
3763 3765 3766
3764 3763 3767
3764 3767 3768
3769 3770 3771
3769 3771 3772
3768 3767 3771
3768 3771 3770
3773 3774 3775
3773 3775 3776
3774 3773 3777
3774 3777 3778
3779 3780 3781
3779 3781 3782
3778 3777 3781
3778 3781 3780
3783 3784 3785
3783 3785 3786
3784 3783 3787
3784 3787 3788
3789 3790 3791
3789 3791 3792
3788 3787 3791
3788 3791 3790
3793 3794 3795
3793 3795 3796
3794 3793 3797
3794 3797 3798
3799 3800 3801
3799 3801 3802
3798 3797 3801
3798 3801 3800
3803 3804 3805
3806 3807 3808
3806 3808 3809
3810 3811 3812
3813 3814 3815
3813 3815 3816
3817 3818 3819
3820 3821 3822
3820 3822 3823
3824 3825 3826
3824 3826 3827
3828 3829 3830
3831 3832 3833
3831 3833 3834
3835 3836 3837
3838 3839 3840
3841 3842 3843
3841 3843 3844
3828 3845 3846
3847 3848 3849
3850 3851 3852
3850 3852 3853
3854 3855 3856
3854 3856 3857
3858 3859 3860
3861 3862 3863
3861 3863 3864
3865 3866 3867
3868 3869 3870
3868 3870 3871
3872 3873 3874
3875 3876 3877
3875 3877 3878
3879 3880 3881
3879 3881 3882
3883 3884 3885
3886 3887 3888
3886 3888 3889
3890 3891 3892
3893 3894 3895
3896 3897 3898
3896 3898 3899
3900 3901 3902
3903 3904 3905
3906 3907 3908
3906 3908 3909
3910 3911 3912
3910 3912 3913
3914 3915 3916
3917 3918 3919
3917 3919 3920
3921 3922 3923
3924 3925 3926
3924 3926 3927
3928 3929 3930
3931 3932 3933
3931 3933 3934
3935 3936 3937
3935 3937 3938
3939 3940 3941
3942 3943 3944
3942 3944 3945
3946 3947 3948
3949 3950 3951
3952 3953 3954
3952 3954 3955
3956 3957 3958
3959 3960 3961
3962 3963 3964
3962 3964 3965
3966 3967 3968
3966 3968 3969
3970 3971 3972
3973 3974 3975
3973 3975 3976
3977 3978 3979
3980 3981 3982
3980 3982 3983
3984 3985 3986
3987 3988 3989
3987 3989 3990
3991 3992 3993
3991 3993 3994
3995 3996 3997
3998 3999 4000
3998 4000 4001
4002 4003 4004
4005 4006 4007
4008 4009 4010
4008 4010 4011
4012 4013 4014
4015 4016 4017
4018 4019 4020
4018 4020 4021
4022 4023 4024
4022 4024 4025
4026 4027 4028
4029 4030 4031
4029 4031 4032
4033 4034 4035
4036 4037 4038
4036 4038 4039
4040 4041 4042
4043 4044 4045
4043 4045 4046
4047 4048 4049
4047 4049 4050
4051 4052 4053
4054 4055 4056
4054 4056 4057
4058 4059 4060
4061 4062 4063
4064 4065 4066
4064 4066 4067
4068 4069 4070
4071 4072 4073
4074 4075 4076
4074 4076 4077
4078 4079 4080
4078 4080 4081
4082 4083 4084
4085 4086 4087
4085 4087 4088
4089 4090 4091
4092 4093 4094
4092 4094 4095
4096 4097 4098
4099 4100 4101
4099 4101 4102
4103 4104 4105
4103 4105 4106
4107 4108 4109
4110 4111 4112
4110 4112 4113
4114 4115 4116
4117 4118 4119
4120 4121 4122
4120 4122 4123
4124 4125 4126
4127 4128 4129
4130 4131 4132
4130 4132 4133
4134 4135 4136
4134 4136 4137
4138 4139 4140
4141 4142 4143
4141 4143 4144
4145 4146 4147
4148 4149 4150
4148 4150 4151
4152 4153 4154
4155 4156 4157
4155 4157 4158
4159 4160 4161
4159 4161 4162
4163 4164 4165
4166 4167 4168
4166 4168 4169
4170 4171 4172
4173 4174 4175
4176 4177 4178
4176 4178 4179
4180 4181 4182
4183 4184 4185
4186 4187 4188
4186 4188 4189
4190 4191 4192
4190 4192 4193
4194 4195 4196
4194 4196 4197
4198 4199 4195
4198 4195 4194
4200 4201 4202
4200 4202 4203
4197 4196 4201
4197 4201 4200
4204 4205 4206
4204 4206 4207
4207 4206 4208
4207 4208 4209
4210 4211 4212
4210 4212 4213
4213 4212 4205
4213 4205 4204
4214 4215 4216
4214 4216 4217
4215 4194 4197
4215 4197 4216
4218 4196 4195
4218 4195 4219
4220 4221 4215
4220 4215 4214
4221 4198 4194
4221 4194 4215
4219 4195 4199
4219 4199 4222
4223 4224 4225
4223 4225 4226
4224 4200 4203
4224 4203 4225
4227 4202 4201
4227 4201 4228
4217 4216 4224
4217 4224 4223
4216 4197 4200
4216 4200 4224
4228 4201 4196
4228 4196 4218
4229 4230 4231
4229 4231 4232
4230 4204 4207
4230 4207 4231
4233 4206 4205
4233 4205 4234
4232 4231 4235
4232 4235 4236
4231 4207 4209
4231 4209 4235
4237 4208 4206
4237 4206 4233
4238 4239 4240
4238 4240 4241
4239 4210 4213
4239 4213 4240
4242 4212 4211
4242 4211 4243
4241 4240 4230
4241 4230 4229
4240 4213 4204
4240 4204 4230
4234 4205 4212
4234 4212 4242
