byte offset: 0
first index: 7254
index count: 2346
topology: trianglelist
format: DXGI_FORMAT_R16_UINT

1544 1545 1546
1544 1546 1547
1548 1549 1550
1548 1550 1551
1552 1553 1554
1555 1556 1557
1555 1557 1558
1550 1559 1560
1550 1560 1551
1556 1549 1548
1556 1548 1557
1561 1562 1544
1561 1544 1547
1563 1564 1565
1546 1545 1566
1546 1566 1567
1567 1566 1563
1567 1563 1565
1568 1569 1570
1568 1570 1571
1572 1573 1574
1572 1574 1575
1576 1577 1578
1579 1580 1581
1579 1581 1582
1574 1573 1583
1574 1583 1584
1582 1581 1572
1582 1572 1575
1585 1569 1568
1585 1568 1586
1587 1588 1589
1570 1590 1591
1570 1591 1571
1590 1588 1587
1590 1587 1591
1592 1593 1594
1592 1594 1595
1596 1597 1598
1596 1598 1599
1600 1601 1602
1600 1602 1603
1604 1605 1606
1607 1608 1609
1599 1610 1611
1599 1611 1596
1612 1613 1614
1615 1616 1617
1618 1619 1620
1621 1622 1623
1621 1623 1624
1625 1626 1627
1628 1629 1627
1630 1631 1632
1630 1632 1626
1633 1634 1635
1636 1637 1638
1636 1638 1639
1640 1622 1636
1640 1636 1639
1641 1642 1643
1643 1644 1645
1646 1647 1648
1646 1648 1649
1650 1651 1652
1650 1652 1653
1595 1654 1655
1595 1655 1592
1656 1657 1658
1659 1660 1661
1659 1661 1662
1663 1664 1665
1663 1665 1666
1667 1668 1660
1667 1660 1659
1669 1670 1671
1669 1671 1672
1673 1674 1675
1672 1676 1677
1672 1677 1678
1666 1665 1679
1666 1679 1680
1677 1676 1681
1677 1681 1682
1672 1671 1676
1683 1684 1678
1683 1678 1677
1685 1686 1617
1631 1681 1671
1631 1671 1632
1623 1622 1640
1623 1640 1687
1688 1628 1627
1688 1627 1626
1626 1689 1688
1690 1689 1671
1638 1637 1691
1638 1691 1692
1693 1637 1636
1693 1636 1694
1636 1622 1621
1636 1621 1694
1695 1642 1623
1695 1623 1687
1649 1644 1696
1649 1696 1697
1698 1646 1649
1698 1649 1697
1671 1681 1676
1671 1689 1632
1627 1699 1625
1700 1656 1658
1683 1701 1702
1610 1703 1704
1610 1704 1611
1593 1705 1706
1593 1706 1594
1707 1708 1709
1649 1648 1645
1649 1645 1644
1710 1711 1712
1713 1714 1715
1716 1717 1718
1719 1720 1721
1722 1723 1724
1722 1724 1725
1726 1723 1722
1721 1727 1728
1721 1728 1719
1718 1729 1730
1718 1730 1716
1713 1715 1731
1713 1731 1732
1733 1734 1618
1733 1618 1620
1735 1613 1612
1735 1612 1736
1633 1616 1737
1632 1689 1626
1738 1739 1735
1738 1735 1736
1625 1630 1626
1740 1723 1726
1629 1699 1627
1710 1741 1711
1603 1742 1743
1603 1743 1744
1745 1743 1742
1745 1742 1746
1746 1747 1745
1748 1749 1750
1751 1752 1753
1754 1755 1756
1757 1758 1759
1760 1761 1762
1763 1764 1765
1763 1765 1766
1607 1609 1767
1607 1767 1768
1764 1763 1604
1764 1604 1606
1767 1769 1770
1767 1770 1768
1637 1693 1771
1637 1771 1691
1603 1744 1772
1603 1772 1600
1773 1774 1775
1773 1775 1776
1777 1695 1687
1778 1779 1780
1779 1778 1781
1779 1781 1705
1782 1705 1781
1783 1784 1785
1783 1785 1786
1762 1784 1783
1762 1783 1760
1756 1777 1787
1756 1787 1754
1751 1753 1773
1751 1773 1776
1788 1789 1748
1788 1748 1750
1790 1789 1788
1790 1788 1791
1687 1787 1777
1792 1769 1793
1794 1790 1795
1794 1795 1796
1794 1704 1703
1794 1796 1704
1772 1635 1797
1706 1705 1782
1706 1782 1798
1785 1798 1782
1785 1782 1786
1793 1799 1792
1759 1800 1801
1759 1801 1757
1638 1801 1800
1638 1800 1639
1602 1601 1802
1602 1802 1791
1803 1712 1804
1805 1615 1686
1733 1725 1724
1733 1724 1734
1806 1732 1731
1806 1731 1807
1625 1730 1729
1625 1729 1630
1727 1803 1804
1727 1804 1728
1808 1635 1772
1691 1771 1809
1691 1809 1670
1669 1692 1691
1669 1691 1670
1652 1651 1668
1652 1668 1667
1808 1772 1744
1682 1701 1683
1682 1683 1677
1702 1684 1683
1661 1673 1675
1661 1675 1662
1810 1664 1663
1709 1708 1696
1811 1708 1812
1812 1708 1707
1811 1813 1696
1811 1696 1708
1696 1814 1709
1696 1813 1697
1696 1642 1814
1642 1695 1814
1644 1642 1696
1815 1816 1817
1646 1818 1819
1646 1819 1647
1820 1821 1822
1657 1819 1818
1657 1818 1658
1658 1818 1823
1658 1823 1700
1655 1654 1815
1655 1815 1817
1820 1822 1598
1820 1598 1597
1646 1698 1823
1646 1823 1818
1633 1737 1634
1634 1797 1635
1824 1799 1793
1770 1769 1792
1710 1712 1803
1737 1616 1615
1641 1624 1623
1641 1623 1642
1642 1644 1643
1670 1690 1671
1809 1690 1670
1617 1686 1615
1790 1791 1802
1790 1802 1795
1825 1826 1827
1825 1827 1828
1829 1830 1831
1829 1831 1832
1833 1834 1835
1833 1835 1836
1837 1838 1839
1840 1841 1842
1830 1829 1843
1830 1843 1844
1845 1846 1847
1848 1849 1850
1851 1852 1853
1854 1855 1856
1854 1856 1857
1858 1859 1860
1861 1859 1862
1863 1860 1864
1863 1864 1865
1866 1867 1868
1869 1870 1871
1869 1871 1872
1873 1870 1869
1873 1869 1857
1874 1875 1876
1875 1877 1878
1879 1880 1881
1879 1881 1882
1883 1884 1885
1883 1885 1886
1826 1825 1887
1826 1887 1888
1889 1890 1891
1892 1893 1894
1892 1894 1895
1896 1897 1898
1896 1898 1899
1900 1892 1895
1900 1895 1901
1902 1903 1904
1902 1904 1905
1906 1907 1908
1903 1909 1910
1903 1910 1911
1897 1912 1913
1897 1913 1898
1910 1914 1915
1910 1915 1911
1903 1911 1904
1916 1910 1909
1916 1909 1917
1918 1849 1919
1865 1864 1904
1865 1904 1915
1856 1920 1873
1856 1873 1857
1921 1860 1859
1921 1859 1861
1860 1921 1922
1923 1904 1922
1871 1924 1925
1871 1925 1872
1926 1927 1869
1926 1869 1872
1869 1927 1854
1869 1854 1857
1928 1920 1856
1928 1856 1876
1880 1929 1930
1880 1930 1878
1931 1929 1880
1931 1880 1879
1932 1933 1934
1904 1864 1922
1859 1858 1935
1936 1890 1889
1916 1937 1938
1844 1843 1939
1844 1939 1940
1828 1827 1941
1828 1941 1942
1943 1944 1945
1880 1878 1877
1880 1877 1881
1946 1947 1948
1949 1950 1951
1952 1953 1954
1955 1956 1957
1958 1959 1960
1958 1960 1961
1962 1958 1961
1956 1955 1963
1956 1963 1964
1953 1952 1965
1953 1965 1966
1949 1967 1968
1949 1968 1950
1969 1852 1851
1969 1851 1970
1971 1972 1845
1971 1845 1847
1866 1973 1850
1864 1860 1922
1974 1972 1971
1974 1971 1975
1858 1860 1863
1976 1962 1961
1862 1859 1935
1946 1948 1977
1834 1978 1979
1834 1979 1980
1981 1982 1980
1981 1980 1979
1982 1981 1983
1984 1985 1986
1987 1988 1989
1990 1991 1992
1993 1994 1995
1996 1997 1998
1999 2000 2001
1999 2001 2002
1840 2003 2004
1840 2004 1841
2002 1838 1837
2002 1837 1999
2004 2003 2005
2004 2005 2006
1872 1925 2007
1872 2007 1926
1834 1833 2008
1834 2008 1978
2009 2010 2011
2009 2011 2012
2013 1920 1928
2014 2015 2016
2016 1942 2017
2016 2017 2014
2018 2017 1942
2019 2020 2021
2019 2021 2022
1997 1996 2019
1997 2019 2022
1991 1990 2023
1991 2023 2013
1987 2010 2009
1987 2009 1988
2024 1985 1984
2024 1984 2025
2026 2027 2024
2026 2024 2025
1920 2013 2023
2028 2029 2006
2030 2031 2032
2030 2032 2026
2030 1940 1939
2030 1939 2031
2008 2033 1867
1941 2034 2018
1941 2018 1942
2021 2020 2018
2021 2018 2034
2029 2028 2035
1994 1993 2036
1994 2036 2037
1871 1870 2037
1871 2037 2036
1835 2027 2038
1835 2038 1836
2039 2040 1947
2041 1919 1848
1969 1970 1960
1969 1960 1959
2042 2043 1968
2042 1968 1967
1858 1863 1966
1858 1966 1965
1964 1963 2040
1964 2040 2039
2044 2008 1867
1925 1905 2045
1925 2045 2007
1902 1905 1925
1902 1925 1924
1885 1900 1901
1885 1901 1886
2044 1978 2008
1914 1910 1916
1914 1916 1938
1937 1916 1917
1894 1893 1907
1894 1907 1906
2046 1896 1899
1944 1930 1945
2047 2048 1945
2048 1943 1945
2047 1945 1930
2047 1930 2049
1930 1944 2050
1930 1929 2049
1930 2050 1876
1876 2050 1928
1878 1930 1876
2051 2052 2053
1879 1882 2054
1879 2054 2055
2056 2057 2058
1891 1890 2055
1891 2055 2054
1890 1936 2059
1890 2059 2055
1887 2052 2051
1887 2051 1888
2056 1832 1831
2056 1831 2057
1879 2055 2059
1879 2059 1931
1866 1868 1973
1868 1867 2033
2060 2029 2035
2005 2028 2006
1946 2039 1947
1973 1848 1850
2061 1876 2062
2061 2062 2063
1876 1875 1878
1905 1904 1923
2045 1905 1923
1849 1848 1919
2026 2032 2038
2026 2038 2027
2064 2065 2066
2064 2066 2067
2068 2069 2070
2071 2072 2073
2074 2075 2066
2074 2066 2070
2076 2077 2078
2076 2078 2079
2080 2067 2081
2075 2067 2066
2082 2072 2071
2083 2084 2085
2086 2087 2088
2085 2084 2089
2082 2071 2077
2077 2071 2078
2090 2091 2092
2093 2094 2095
2092 2091 2096
2079 2078 2092
2079 2092 2096
2093 2095 2097
2093 2097 2098
2064 2067 2085
2064 2085 2089
2099 2086 2088
2099 2088 2100
2101 2085 2067
2080 2077 2076
2080 2076 2102
2101 2067 2080
2081 2082 2077
2081 2077 2080
2101 2080 2102
2101 2102 2103
2103 2083 2085
2103 2085 2101
2078 2073 2090
2078 2090 2092
2081 2067 2075
2069 2074 2070
2068 2070 2066
2068 2066 2065
2104 2105 2097
2106 2107 2108
2106 2108 2105
2100 2109 2108
2100 2108 2110
2111 2112 2113
2114 2110 2115
2114 2112 2111
2114 2111 2116
2113 2112 2117
2117 2112 2118
2117 2118 2115
2114 2116 2099
2114 2099 2110
2100 2110 2099
2115 2110 2108
2115 2108 2107
2119 2105 2108
2119 2108 2109
2097 2105 2119
2106 2105 2104
2078 2071 2073
2120 2121 2122
2120 2122 2123
2124 2125 2126
2127 2128 2129
2130 2125 2122
2130 2122 2131
2132 2133 2134
2132 2134 2135
2136 2137 2121
2131 2122 2121
2138 2127 2129
2139 2140 2141
2142 2143 2144
2140 2145 2141
2138 2135 2127
2135 2134 2127
2146 2147 2148
2149 2150 2151
2147 2152 2148
2133 2152 2147
2133 2147 2134
2149 2153 2154
2149 2154 2150
2120 2145 2140
2120 2140 2121
2155 2156 2143
2155 2143 2142
2157 2121 2140
2136 2158 2132
2136 2132 2135
2157 2136 2121
2137 2136 2135
2137 2135 2138
2157 2159 2158
2157 2158 2136
2159 2157 2140
2159 2140 2139
2134 2147 2146
2134 2146 2128
2137 2131 2121
2126 2125 2130
2124 2123 2122
2124 2122 2125
2160 2154 2161
2162 2161 2163
2162 2163 2164
2156 2165 2163
2156 2163 2166
2167 2168 2169
2170 2171 2165
2170 2172 2167
2170 2167 2169
2168 2173 2169
2173 2171 2170
2173 2170 2169
2170 2165 2155
2170 2155 2172
2156 2155 2165
2171 2164 2163
2171 2163 2165
2174 2166 2163
2174 2163 2161
2154 2174 2161
2162 2160 2161
2134 2128 2127
2175 2176 2177
2175 2177 2178
2179 2180 2181
2182 2178 2177
2183 2184 2185
2186 2187 2188
2189 2190 2175
2189 2175 2191
2192 2193 2194
2191 2195 2196
2191 2196 2197
2198 2199 2200
2193 2201 2194
2198 2202 2195
2198 2195 2199
2203 2204 2205
2206 2207 2208
2209 2210 2211
2209 2211 2212
2209 2213 2214
2209 2215 2216
2209 2216 2217
2209 2217 2218
2209 2218 2219
2210 2209 2220
2220 2209 2221
2221 2209 2222
2213 2209 2223
2222 2209 2219
2191 2197 2189
2175 2190 2176
2178 2182 2224
2178 2224 2225
2225 2224 2226
2205 2204 2226
2207 2227 2192
2207 2192 2208
2195 2228 2196
2207 2206 2185
2207 2185 2184
2184 2183 2181
2184 2181 2180
2180 2179 2188
2180 2188 2187
2199 2187 2186
2199 2186 2200
2226 2204 2225
2192 2227 2193
2209 2214 2215
2194 2201 2203
2223 2209 2212
2201 2204 2203
2229 2230 2231
2229 2231 2232
2233 2234 2235
2236 2231 2230
2237 2238 2239
2240 2241 2242
2243 2244 2229
2243 2229 2245
2246 2247 2248
2244 2249 2250
2244 2250 2251
2252 2253 2254
2248 2247 2255
2252 2254 2251
2252 2251 2256
2257 2258 2259
2260 2261 2262
2263 2264 2265
2263 2266 2264
2263 2267 2268
2263 2269 2270
2263 2271 2269
2263 2272 2271
2263 2273 2272
2265 2274 2263
2274 2275 2263
2275 2276 2263
2277 2278 2263
2276 2273 2263
2244 2243 2249
2229 2232 2245
2230 2279 2280
2230 2280 2236
2279 2281 2280
2258 2281 2259
2262 2261 2246
2262 2246 2282
2251 2250 2256
2262 2239 2238
2262 2238 2260
2239 2235 2234
2239 2234 2237
2235 2242 2241
2235 2241 2233
2254 2253 2240
2254 2240 2242
2281 2279 2259
2246 2248 2282
2263 2270 2267
2247 2257 2255
2278 2283 2263
2255 2257 2259
2284 2285 2286
2284 2286 2287
2288 2289 2290
2288 2290 2291
2292 2293 2294
2292 2294 2295
2296 2297 2298
2296 2298 2299
2288 2291 2300
2288 2300 2301
2302 2303 2304
2305 2297 2296
2293 2292 2290
2293 2290 2289
2302 2295 2294
2302 2294 2303
2299 2298 2286
2299 2286 2285
2306 2307 2308
2307 2309 2310
2307 2310 2308
2310 2309 2301
2310 2301 2300
2311 2312 2313
2311 2313 2314
2315 2316 2317
2315 2317 2318
2319 2320 2321
2319 2321 2322
2323 2324 2325
2323 2325 2326
2315 2327 2328
2315 2328 2316
2329 2330 2331
2332 2325 2324
2322 2318 2317
2322 2317 2319
2329 2331 2321
2329 2321 2320
2326 2312 2311
2326 2311 2323
2333 2314 2313
2334 2335 2336
2334 2336 2337
2338 2337 2336
2338 2336 2339
2098 2097 2119
2154 2153 2174
2306 2284 2287
2306 2308 2284
2333 2335 2334
2333 2313 2335
