byte offset: 0
first index: 17889
index count: 3891
topology: trianglelist
format: DXGI_FORMAT_R16_UINT

4946 4947 4948
4946 4948 4949
4950 4951 4952
4950 4952 4953
4954 4955 4956
4954 4956 4957
4958 4959 4960
4958 4960 4961
4962 4963 4964
4962 4964 4965
4966 4967 4963
4966 4963 4962
4961 4968 4969
4970 4971 4972
4949 4948 4953
4949 4953 4952
4966 4973 4974
4966 4974 4967
4975 4976 4951
4975 4951 4977
4946 4978 4979
4946 4979 4954
4972 4980 4981
4972 4981 4970
4982 4983 4984
4982 4984 4985
4949 4986 4978
4949 4978 4946
4987 4988 4989
4987 4989 4990
4949 4952 4991
4949 4991 4986
4952 4951 4976
4952 4976 4991
4979 4955 4954
4992 4974 4973
4992 4973 4993
4981 4975 4977
4981 4977 4970
4994 4995 4996
4994 4996 4997
4997 4998 4999
4997 4999 4994
4959 4999 4998
4959 4998 4960
5000 5001 4965
5000 4965 4964
5002 5003 5001
5002 5001 5000
5004 5005 5006
5004 5006 5007
5005 5008 5009
5005 5009 5006
5010 5011 5012
4992 4993 5013
4971 4970 4977
4971 4977 5014
4951 4950 5014
4951 5014 4977
4996 4995 5012
4996 5012 5011
4940 5015 5016
4940 5016 4941
5017 4941 5018
5019 5020 5021
5022 4968 5023
5022 5023 5024
5009 5008 5003
5009 5003 5002
4985 4980 4972
4985 4972 4982
5024 5023 5025
5018 4941 5016
4947 4946 4957
4946 4954 4957
5026 5027 5028
5026 5028 5029
5030 5031 5032
5033 5034 5035
5036 5037 5032
5036 5032 5038
5029 5039 5026
5033 5035 5040
5039 5029 5037
5039 5037 5036
5037 5029 5028
5037 5028 5030
5034 5033 5041
5033 5040 5027
5033 5027 5026
5042 5043 5044
5045 5046 5047
5048 5049 5050
5048 5050 5051
5049 5048 5043
5049 5043 5042
5052 5053 5054
5055 5056 5052
5055 5052 5057
5056 5055 5058
5056 5058 5059
5060 5056 5059
5060 5059 5061
5056 5060 5053
5056 5053 5052
5052 5054 5057
5062 5063 5064
5062 5064 5065
5066 5064 5063
5066 5063 5067
5067 5045 5047
5067 5047 5066
5068 5069 5051
5068 5051 5050
5062 5065 5069
5062 5069 5068
5070 5059 5058
5070 5058 5071
5072 5073 5071
5072 5071 5074
5075 5076 5073
5075 5073 5072
5061 5059 5073
5061 5073 5076
5037 5030 5032
5077 5078 5079
5077 5079 5080
5081 5082 5083
5081 5083 5084
5085 5086 5087
5085 5087 5088
5089 5086 5085
5082 5081 5078
5082 5078 5077
5084 5083 5090
5084 5090 5091
5092 5093 5080
5092 5080 5079
5093 5092 5088
5093 5088 5087
5090 5083 5094
5090 5094 5095
5096 5094 5083
5096 5083 5082
5082 5077 5097
5082 5097 5096
5077 5080 5098
5077 5098 5097
5099 5098 5080
5099 5080 5093
5100 5099 5093
5100 5093 5087
5101 5100 5087
5101 5087 5086
5086 5089 5101
5102 5103 5091
5102 5091 5090
5102 5090 5095
5102 5095 5104
5105 5106 5107
5105 5107 5108
5109 5110 5111
5109 5111 5112
5113 5114 5115
5113 5116 5114
5117 5118 5119
5117 5119 5120
5121 5122 5123
5121 5123 5124
5124 5125 5126
5124 5126 5121
5118 5117 5127
5128 5129 5130
5106 5109 5112
5106 5112 5107
5126 5125 5131
5126 5131 5132
5133 5134 5110
5133 5110 5135
5105 5113 5136
5105 5136 5137
5138 5139 5129
5138 5129 5128
5140 5141 5142
5140 5142 5143
5137 5144 5106
5137 5106 5105
5145 5146 5147
5145 5147 5148
5106 5144 5149
5106 5149 5109
5109 5149 5135
5109 5135 5110
5136 5113 5115
5132 5131 5150
5132 5150 5151
5138 5128 5134
5138 5134 5133
5152 5153 5154
5152 5154 5155
5156 5157 5155
5156 5155 5154
5157 5156 5120
5157 5120 5119
5158 5123 5122
5158 5122 5159
5160 5158 5159
5160 5159 5161
5162 5163 5164
5162 5164 5165
5165 5164 5166
5165 5166 5167
5168 5169 5170
5150 5171 5151
5130 5172 5134
5130 5134 5128
5110 5134 5172
5110 5172 5111
5169 5153 5152
5169 5152 5170
5173 5174 4931
5173 4931 4930
5175 5176 4930
5177 5178 5179
5180 5181 5182
5180 5182 5183
5161 5167 5166
5161 5166 5160
5143 5142 5129
5143 5129 5139
5181 5184 5182
5176 5173 4930
5108 5116 5105
5105 5116 5113
5185 5186 5187
5185 5187 5188
5189 5190 5191
5192 5193 5194
5190 5195 5196
5190 5196 5197
5198 5199 5185
5192 5200 5193
5199 5196 5195
5199 5195 5186
5195 5189 5187
5195 5187 5186
5194 5198 5192
5188 5200 5192
5188 5192 5185
5201 5202 5203
5204 5205 5206
5207 5208 5209
5207 5209 5210
5203 5207 5210
5203 5210 5201
5211 5212 5213
5211 5214 5215
5211 5215 5216
5217 5215 5214
5217 5214 5218
5219 5220 5218
5219 5218 5214
5214 5211 5213
5214 5213 5219
5211 5216 5212
5221 5222 5223
5221 5223 5224
5225 5226 5224
5225 5224 5223
5205 5204 5226
5205 5226 5225
5208 5227 5228
5208 5228 5209
5221 5228 5227
5221 5227 5222
5217 5218 5229
5217 5229 5230
5231 5232 5230
5231 5230 5233
5233 5234 5235
5233 5235 5231
5233 5218 5220
5233 5220 5234
5195 5190 5189
5236 5237 5238
5236 5238 5239
5240 5241 5242
5240 5242 5243
5244 5245 5246
5244 5246 5247
5248 5246 5245
5241 5238 5237
5241 5237 5242
5249 5240 5243
5249 5243 5250
5239 5251 5252
5239 5252 5236
5251 5244 5247
5251 5247 5252
5249 5253 5254
5249 5254 5240
5255 5241 5240
5255 5240 5254
5241 5255 5256
5241 5256 5238
5257 5239 5238
5257 5238 5256
5258 5251 5239
5258 5239 5257
5251 5258 5259
5251 5259 5244
5244 5259 5260
5244 5260 5245
5245 5260 5248
5250 5261 5262
5250 5262 5249
5262 5263 5253
5262 5253 5249
5264 5265 5266
5264 5266 5267
5268 5269 5270
5271 5272 5273
5274 5270 5269
5274 5269 5275
5276 5277 5278
5276 5278 5279
5280 5281 5282
5280 5282 5283
5284 5285 5286
5284 5286 5287
5273 5288 5289
5290 5272 5271
5290 5271 5268
5281 5289 5291
5273 5281 5292
5293 5264 5267
5293 5267 5282
5286 5294 5275
5286 5275 5269
5287 5286 5269
5287 5269 5268
5295 5287 5268
5295 5268 5271
5285 5296 5294
5285 5294 5286
5287 5295 5297
5287 5297 5284
5292 5298 5299
5279 5278 5270
5279 5270 5274
5290 5300 5301
5290 5301 5272
5290 5270 5278
5292 5295 5271
5298 5292 5281
5298 5281 5280
5272 5301 5288
5300 5290 5278
5295 5292 5299
5295 5299 5297
5282 5267 5283
5282 5281 5291
5293 5282 5291
5290 5268 5270
5277 5300 5278
5273 5292 5271
5273 5272 5288
5281 5273 5289
5283 5267 5302
5303 5304 5305
5303 5305 5306
5307 5308 5309
5310 5307 5309
5311 5303 5306
5311 5306 5312
5313 5314 5303
5313 5303 5311
5315 5313 5311
5315 5311 5316
5316 5311 5312
5316 5312 5317
5318 5319 5317
5320 5315 5316
5320 5316 5319
5321 5322 5323
5321 5323 5324
5325 5321 5324
5325 5324 5326
5324 5323 5320
5324 5320 5319
5326 5324 5319
5326 5319 5318
5308 5307 5321
5308 5321 5325
5307 5310 5322
5307 5322 5321
5327 5328 5329
5327 5330 5331
5332 5333 5334
5332 5334 5335
5336 5337 5338
5336 5338 5339
5336 5340 5341
5342 5339 5343
5342 5343 5344
5328 5331 5345
5328 5345 5335
5342 5344 5346
5342 5346 5347
5332 5348 5349
5332 5349 5347
5335 5334 5329
5335 5329 5328
5350 5336 5339
5350 5339 5342
5351 5350 5349
5351 5349 5352
5296 5353 5354
5296 5354 5294
5348 5355 5352
5348 5352 5349
5340 5336 5350
5340 5350 5351
5356 5357 5358
5356 5358 5359
5331 5330 5360
5331 5360 5345
5361 5362 5363
5361 5363 5364
5365 5366 5367
5365 5367 5368
5366 5369 5370
5366 5370 5367
5371 5372 5373
5374 5375 5373
5374 5373 5372
5362 5365 5368
5362 5368 5363
5369 5376 5377
5369 5377 5370
5377 5376 5375
5377 5375 5374
5337 5358 5357
5337 5357 5338
5314 5378 5304
5314 5304 5303
5350 5342 5347
5350 5347 5349
5327 5331 5328
5378 5379 5380
5378 5380 5304
5379 5276 5279
5379 5279 5380
5294 5354 5381
5294 5381 5275
5356 5381 5354
5275 5381 5382
5275 5382 5274
5381 5361 5383
5381 5383 5382
5304 5382 5305
5380 5279 5274
5380 5274 5382
5339 5338 5384
5339 5384 5343
5357 5356 5385
5357 5385 5386
5356 5354 5353
5356 5353 5385
5338 5357 5386
5338 5386 5384
5380 5382 5304
5359 5387 5381
5359 5381 5356
5266 5302 5267
5388 5389 5390
5388 5390 5391
5392 5393 5394
5395 5396 5397
5398 5399 5394
5398 5394 5393
5400 5401 5402
5400 5402 5403
5404 5405 5406
5404 5406 5407
5408 5409 5410
5408 5410 5411
5396 5412 5413
5414 5392 5395
5414 5395 5397
5405 5415 5412
5396 5416 5405
5417 5404 5389
5417 5389 5388
5399 5418 5410
5399 5410 5394
5394 5410 5409
5394 5409 5392
5419 5395 5392
5419 5392 5409
5418 5420 5411
5418 5411 5410
5421 5419 5409
5421 5409 5408
5416 5422 5423
5393 5402 5401
5393 5401 5398
5424 5425 5414
5424 5414 5397
5414 5402 5393
5416 5395 5419
5423 5406 5405
5423 5405 5416
5397 5413 5424
5425 5402 5414
5419 5421 5422
5419 5422 5416
5404 5407 5389
5404 5415 5405
5417 5415 5404
5414 5393 5392
5403 5402 5425
5396 5395 5416
5396 5413 5397
5405 5412 5396
5389 5426 5427
5390 5389 5427
5407 5426 5389
5428 5429 5430
5428 5430 5431
5432 5433 5434
5435 5433 5432
5436 5437 5431
5436 5431 5430
5438 5436 5430
5438 5430 5439
5440 5441 5436
5440 5436 5438
5441 5442 5437
5441 5437 5436
5441 5443 5442
5444 5443 5441
5444 5441 5440
5445 5446 5447
5445 5447 5448
5448 5447 5449
5448 5449 5450
5444 5445 5448
5444 5448 5443
5443 5448 5450
5443 5450 5451
5447 5432 5434
5447 5434 5449
5446 5435 5432
5446 5432 5447
5452 5453 5454
5452 5455 5456
5457 5458 5459
5457 5459 5460
5461 5462 5463
5461 5463 5464
5461 5465 5466
5467 5462 5468
5467 5468 5469
5470 5455 5454
5470 5454 5458
5468 5471 5472
5468 5472 5469
5473 5470 5458
5473 5458 5457
5458 5454 5453
5458 5453 5459
5462 5461 5474
5462 5474 5468
5475 5474 5476
5475 5476 5477
5478 5479 5420
5478 5420 5418
5480 5481 5470
5480 5470 5473
5466 5476 5474
5466 5474 5461
5482 5483 5484
5482 5484 5485
5481 5456 5455
5481 5455 5470
5486 5487 5488
5486 5488 5489
5490 5491 5492
5490 5492 5493
5493 5492 5494
5493 5494 5495
5496 5497 5498
5497 5499 5500
5497 5500 5498
5489 5488 5501
5489 5501 5490
5495 5494 5502
5495 5502 5503
5499 5503 5502
5499 5502 5500
5464 5463 5485
5464 5485 5484
5439 5430 5429
5439 5429 5504
5471 5468 5474
5471 5474 5475
5452 5454 5455
5504 5429 5505
5504 5505 5506
5506 5505 5401
5506 5401 5400
5418 5399 5507
5418 5507 5478
5482 5478 5507
5399 5398 5508
5399 5508 5507
5507 5508 5487
5507 5487 5486
5509 5508 5428
5398 5401 5505
5398 5505 5508
5510 5463 5462
5510 5462 5467
5511 5482 5485
5511 5485 5512
5479 5478 5482
5479 5482 5511
5512 5485 5463
5512 5463 5510
5505 5429 5508
5483 5482 5507
5483 5507 5513
5514 5515 5516
5514 5516 5517
5515 5514 5518
5515 5518 5519
5520 5521 5522
5520 5522 5523
5524 5525 5523
5524 5523 5522
5526 5527 5528
5526 5528 5529
5530 5531 5532
5530 5532 5533
5533 5532 5534
5533 5534 5535
5536 5537 5538
5535 5534 5539
5535 5539 5540
5541 5542 5543
5541 5543 5544
5545 5546 5547
5545 5547 5548
5549 5550 5551
5549 5551 5552
5531 5537 5553
5554 5534 5532
5554 5532 5555
5556 5557 5558
5556 5558 5559
5560 5559 5558
5560 5558 5561
5562 5563 5557
5562 5557 5556
5564 5539 5534
5564 5534 5554
5565 5566 5567
5565 5567 5568
5569 5570 5571
5569 5571 5572
5572 5571 5573
5572 5573 5574
5563 5562 5539
5563 5539 5564
5525 5524 5575
5525 5575 5576
5577 5578 5576
5577 5576 5575
5578 5577 5579
5580 5581 5582
5580 5582 5583
5584 5585 5586
5584 5586 5587
5528 5527 5584
5528 5584 5587
5588 5589 5590
5591 5592 5593
5594 5595 5596
5594 5596 5597
5598 5599 5600
5598 5600 5601
5555 5602 5585
5555 5585 5603
5604 5563 5564
5604 5564 5605
5604 5606 5557
5604 5557 5563
5561 5558 5607
5561 5607 5608
5558 5557 5606
5558 5606 5607
5609 5610 5611
5609 5611 5612
5612 5613 5614
5612 5614 5609
5615 5616 5617
5615 5617 5618
5618 5617 5619
5602 5620 5589
5602 5589 5585
5610 5621 5622
5610 5622 5611
5590 5589 5620
5590 5620 5623
5615 5624 5625
5615 5625 5616
5554 5555 5603
5554 5603 5626
5627 5628 5629
5627 5629 5630
5613 5625 5624
5613 5624 5614
5564 5554 5626
5564 5626 5605
5588 5586 5585
5588 5585 5589
5581 5631 5632
5581 5632 5582
5630 5629 5633
5630 5633 5634
5635 5636 5628
5635 5628 5627
5637 5638 5639
5637 5639 5640
5634 5633 5641
5634 5641 5642
5642 5641 5643
5642 5643 5644
5645 5646 5647
5646 5648 5649
5646 5649 5647
5648 5650 5651
5648 5651 5649
5650 5580 5583
5650 5583 5651
5597 5652 5653
5597 5653 5594
5654 5653 5652
5654 5652 5655
5517 5516 5544
5517 5544 5543
5656 5657 5658
5656 5658 5659
5659 5660 5661
5659 5661 5656
5662 5663 5661
5662 5661 5660
5664 5663 5662
5664 5662 5665
5643 5638 5644
5666 5667 5668
5599 5669 5670
5599 5670 5600
5671 5672 5673
5671 5673 5674
5675 5676 5677
5675 5677 5678
5679 5680 5672
5679 5672 5671
5681 5675 5678
5681 5678 5682
5683 5684 5685
5683 5685 5686
5687 5688 5689
5687 5689 5690
5691 5549 5552
5691 5552 5692
5693 5694 5695
5696 5686 5697
5696 5697 5698
5699 5700 5698
5701 5702 5687
5701 5687 5690
5703 5704 5705
5703 5705 5706
5707 5708 5709
5707 5709 5710
5555 5553 5602
5702 5701 5686
5702 5686 5696
5711 5712 5713
5711 5713 5714
5592 5715 5716
5717 5716 5546
5717 5546 5545
5718 5695 5694
5718 5694 5719
5720 5718 5719
5720 5719 5721
5722 5723 5724
5722 5724 5725
5726 5727 5728
5726 5728 5729
5730 5731 5726
5730 5726 5729
5696 5700 5731
5696 5731 5702
5664 5665 5732
5664 5732 5667
5722 5725 5684
5722 5684 5683
5733 5734 5731
5733 5731 5700
5734 5735 5726
5734 5726 5731
5726 5735 5736
5726 5736 5727
5700 5696 5698
5737 5738 5705
5737 5705 5704
5714 5713 5667
5714 5667 5739
5740 5741 5677
5740 5677 5676
5742 5691 5692
5742 5692 5743
5744 5742 5733
5744 5733 5699
5733 5700 5699
5693 5695 5745
5686 5685 5746
5686 5746 5697
5747 5748 5749
5747 5749 5750
5751 5752 5753
5751 5753 5754
5538 5537 5531
5538 5531 5530
5755 5526 5529
5755 5529 5756
5531 5553 5532
5532 5553 5555
5643 5757 5639
5643 5639 5638
5758 5759 5760
5761 5762 5763
5761 5763 5764
5765 5766 5767
5765 5767 5768
5769 5765 5768
5769 5768 5770
5771 5772 5773
5774 5775 5776
5774 5776 5777
5758 5762 5778
5758 5778 5759
5779 5761 5764
5779 5764 5780
5766 5779 5780
5766 5780 5767
5781 5782 5783
5781 5783 5784
5785 5786 5787
5788 5789 5790
5782 5791 5792
5782 5792 5783
5793 5794 5795
5793 5795 5781
5791 5796 5797
5791 5797 5798
5799 5800 5779
5799 5779 5766
5800 5801 5761
5800 5761 5779
5802 5763 5762
5802 5762 5758
5803 5804 5775
5803 5775 5774
5805 5771 5806
5807 5808 5765
5807 5765 5769
5808 5799 5766
5808 5766 5765
5801 5778 5762
5801 5762 5761
5802 5758 5760
5802 5760 5809
5798 5797 5786
5798 5786 5785
5804 5807 5769
5804 5769 5775
5810 5811 5794
5810 5794 5793
5775 5769 5770
5775 5770 5776
5812 5788 5813
5814 5788 5812
5806 5771 5773
5815 5772 5771
5814 5812 5811
5814 5811 5810
5805 5803 5774
5805 5774 5771
5771 5774 5777
5771 5777 5815
5041 5033 5026
5192 5198 5185
5305 5382 5816
5428 5508 5429
5477 5480 5473
5477 5473 5475
5475 5473 5457
5475 5457 5471
5471 5457 5460
5471 5460 5472
5345 5360 5355
5345 5355 5348
5335 5345 5348
5335 5348 5332
5347 5346 5333
5347 5333 5332
5669 5817 5818
5669 5818 5670
5789 5814 5810
5789 5810 5819
5819 5810 5793
5819 5793 5820
5821 5822 5798
5821 5798 5785
5822 5792 5791
5822 5791 5798
5784 5820 5793
5784 5793 5781
5796 5791 5782
5796 5782 5823
5823 5782 5781
5823 5781 5795
5824 5785 5787
5821 5785 5824
5789 5788 5814
5825 5826 5827
5828 5829 5830
5828 5830 5831
5832 5833 5834
5832 5834 5835
5835 5836 5837
5835 5837 5832
5838 5839 5840
5838 5840 5841
5841 5842 5838
5843 5844 5845
5846 5847 5848
5846 5848 5849
5833 5847 5846
5833 5846 5850
5844 5851 5845
5849 5843 5845
5848 5843 5849
5842 5841 5837
5842 5837 5836
5852 5853 5854
5855 5856 5857
5855 5857 5858
4930 5859 5860
4930 5860 5175
5861 5862 5863
5861 5863 5864
5861 5865 5862
5852 5866 5853
5867 5868 5869
5867 5869 5870
5857 5856 5871
5857 5871 5872
5873 5874 5872
5873 5872 5871
5867 5852 5854
5867 5854 5868
5875 5876 5877
5860 5878 5879
5860 5879 5880
5878 5881 5882
5878 5882 5879
5883 5826 5884
5883 5884 5885
5826 5825 5884
5829 5828 5886
5829 5886 5883
5878 5887 5881
5858 5888 5855
5889 5890 5891
5889 5891 5892
5893 5894 5876
5893 5876 5875
5895 5896 5897
5898 5895 5899
5898 5899 5900
5859 5891 5890
5859 5890 5860
5901 5902 5891
5901 5891 5859
5895 5897 5903
5895 5903 5899
5904 5892 5891
5904 5891 5902
5895 5898 5896
5831 5830 5881
5831 5881 5887
5905 5906 5830
5905 5830 5829
5881 5830 5906
5881 5906 5882
5907 5908 5870
5907 5870 5869
5909 5910 5874
5909 5874 5873
5892 5904 5911
5892 5911 5912
5913 5889 5892
5913 5892 5912
5913 5912 5899
5913 5899 5903
5912 5911 5900
5912 5900 5899
5885 5905 5829
5885 5829 5883
5876 5914 5877
5854 5915 5916
5854 5916 5868
5868 5916 5917
5868 5917 5869
5918 5907 5869
5918 5869 5917
5914 5876 5894
5914 5894 5919
5920 5921 5922
5920 5922 5923
5921 5920 5924
5924 5925 5921
5926 5922 5921
5926 5921 5925
5922 5926 5927
5922 5927 5928
5928 5929 5923
5928 5923 5922
5930 5931 5932
5933 5934 5935
5933 5935 5936
5933 5936 5937
5938 5933 5937
5938 5937 5939
5937 5936 5940
5937 5940 5941
5941 5942 5939
5941 5939 5937
5933 5938 5934
5943 5944 5945
5839 5175 5946
5839 5946 5840
5947 5860 5880
4933 5901 5859
4933 5859 4930
5931 5948 5932
5949 5950 5915
5949 5915 5854
5951 5952 5953
5951 5953 5954
5953 5952 5955
5953 5955 5956
5957 5954 5953
5957 5953 5958
5955 5952 5928
5955 5928 5927
5929 5928 5952
5929 5952 5951
5950 5949 5959
5950 5959 5960
5854 5853 5949
5853 5961 5959
5853 5959 5949
4937 5962 5963
4937 5963 4934
5964 5965 5960
5964 5960 5959
5966 5962 4937
5940 5967 5968
5940 5968 5941
5962 5966 5969
5970 5942 5941
5970 5941 5968
5962 5968 5967
5962 5967 5963
5958 5943 5945
5958 5945 5957
5966 4937 5971
5969 5970 5968
5969 5968 5962
5965 5948 5931
5964 5948 5965
5947 5175 5860
5946 5175 5947
5972 5866 5852
5827 5826 5883
5827 5883 5973
5919 5894 5907
5919 5907 5918
5864 5863 5910
5864 5910 5909
5894 5893 5908
5894 5908 5907
5974 5975 5976
5977 5978 5979
5977 5979 5980
5981 5982 5983
5981 5983 5984
5982 5981 5985
5982 5985 5986
5987 5988 5989
5987 5989 5990
5988 5987 5991
5992 5993 5994
5995 5996 5997
5995 5997 5998
5984 5983 5995
5984 5995 5998
5994 5993 5999
5996 5993 5992
5997 5996 5992
5991 5986 5985
5991 5985 5988
6000 6001 6002
6003 6004 6005
6003 6005 6006
4941 5017 6007
4941 6007 6008
6009 6010 6011
6009 6011 6012
6009 6012 6013
6000 6002 6014
6015 6016 6017
6015 6017 6018
6005 6019 6020
6005 6020 6006
6021 6020 6019
6021 6019 6022
6015 6018 6001
6015 6001 6000
6023 6024 6025
6007 6026 6027
6007 6027 6028
6028 6027 6029
6028 6029 6030
6031 6032 6033
6031 6033 5976
5976 6033 5974
5980 6031 6034
5980 6034 5977
6028 6030 6035
6004 6003 6036
6037 6038 6039
6037 6039 6040
6041 6023 6025
6041 6025 6042
6043 6044 6045
6046 6047 6048
6046 6048 6043
6008 6007 6040
6008 6040 6039
6049 6008 6039
6049 6039 6050
6043 6048 6051
6043 6051 6044
6052 6050 6039
6052 6039 6038
6043 6045 6046
5978 6035 6030
5978 6030 5979
6053 5980 5979
6053 5979 6054
6030 6029 6054
6030 6054 5979
6055 6017 6016
6055 6016 6056
6057 6021 6022
6057 6022 6058
6038 6059 6060
6038 6060 6052
6061 6059 6038
6061 6038 6037
6061 6051 6048
6061 6048 6059
6059 6048 6047
6059 6047 6060
6032 6031 5980
6032 5980 6053
6025 6024 6062
6001 6018 6063
6001 6063 6064
6018 6017 6065
6018 6065 6063
6066 6065 6017
6066 6017 6055
6062 6067 6042
6062 6042 6025
6068 6069 6070
6068 6070 6071
6071 6072 6068
6072 6071 6073
6074 6073 6071
6074 6071 6070
6070 6075 6076
6070 6076 6074
6075 6070 6069
6075 6069 6077
6078 6079 6080
6081 6082 6083
6081 6084 6085
6081 6085 6082
6086 6087 6084
6086 6084 6081
6084 6088 6089
6084 6089 6085
6088 6084 6087
6088 6087 6090
6081 6083 6086
6091 6092 6093
5990 5989 6094
5990 6094 5017
6095 6026 6007
4938 4941 6008
4938 6008 6049
6080 6079 6096
6097 6001 6064
6097 6064 6098
6099 6100 6101
6099 6101 6102
6101 6103 6104
6101 6104 6102
6105 6106 6101
6105 6101 6100
6104 6076 6075
6104 6075 6102
6077 6099 6102
6077 6102 6075
6098 6107 6108
6098 6108 6097
6001 6097 6002
6002 6097 6108
6002 6108 6109
4942 4945 6110
4942 6110 6111
6112 6108 6107
6112 6107 6113
6114 4942 6111
6089 6088 6115
6089 6115 6116
6111 6117 6114
6118 6115 6088
6118 6088 6090
6111 6110 6116
6111 6116 6115
6106 6105 6092
6106 6092 6091
6114 6119 4942
6117 6111 6115
6117 6115 6118
6113 6080 6096
6112 6113 6096
6095 6007 5017
6094 6095 5017
6120 6000 6014
5975 6121 6031
5975 6031 5976
6067 6066 6055
6067 6055 6042
6010 6057 6058
6010 6058 6011
6042 6055 6056
6042 6056 6041
5317 5319 5316
5442 5443 5451
5026 5039 5041
5185 5199 5186
5756 5818 5817
5756 5817 5755
4969 4968 5022
5632 5631 5654
5632 5654 5655
5667 5732 5739
5519 5518 5521
5519 5521 5520
5183 5127 6122
5539 6123 6124
5539 6124 5540
5592 5716 5717
4961 4969 4958
5118 5127 5183
