byte offset: 0
first index: 0
index count: 16134
topology: trianglelist
format: DXGI_FORMAT_R16_UINT

0 1 2
1 0 3
4 5 6
4 6 7
8 4 7
1 9 2
10 11 12
10 12 13
10 13 14
13 12 1
13 1 3
15 16 8
0 17 15
11 18 12
2 17 0
18 1 12
19 20 6
19 6 5
17 16 15
9 17 2
16 4 8
18 9 1
21 22 23
21 23 24
24 25 21
26 27 28
29 30 31
29 31 32
30 29 33
30 33 34
28 35 26
22 36 37
22 37 23
31 35 32
32 35 28
25 27 26
27 25 24
38 39 34
38 34 33
40 41 42
40 42 43
44 45 46
44 46 47
48 49 50
48 50 51
41 40 52
41 52 53
53 52 54
53 54 55
56 57 51
56 51 50
58 59 57
58 57 56
60 61 45
60 45 44
55 54 61
55 61 60
59 58 43
59 43 42
62 63 64
62 64 65
66 67 62
66 62 68
63 62 67
63 67 69
70 69 67
68 62 65
68 65 71
70 72 73
74 73 75
74 69 70
70 73 74
67 72 70
72 67 66
76 77 78
76 78 79
80 76 79
80 79 81
81 82 83
81 83 80
82 84 85
82 85 83
86 87 85
86 85 84
88 89 90
91 88 92
88 91 89
93 92 94
92 93 91
95 96 97
95 97 98
99 100 101
99 101 102
103 104 97
103 97 96
95 98 100
95 100 99
102 101 105
102 105 106
90 89 107
108 109 110
110 111 108
112 113 114
112 114 115
116 113 112
110 109 117
118 119 120
118 121 122
118 122 119
122 111 110
122 110 119
123 116 124
108 123 125
120 119 126
109 108 125
126 119 110
127 115 114
127 114 128
125 123 124
117 109 125
124 116 112
126 110 117
129 130 131
129 131 132
130 129 133
134 135 136
137 138 139
137 139 140
141 137 140
141 140 142
135 134 143
132 131 144
132 144 145
139 138 143
138 135 143
133 134 136
136 130 133
142 146 147
142 147 141
148 149 150
148 150 151
152 153 154
152 154 155
156 157 158
156 158 159
151 160 161
151 161 148
160 162 163
160 163 161
164 158 157
164 157 165
166 164 165
166 165 167
168 152 155
168 155 169
162 168 169
162 169 163
167 150 149
167 149 166
170 171 172
170 172 173
174 175 170
174 170 176
173 177 176
173 176 170
178 176 177
175 179 171
175 171 170
178 180 181
182 183 180
182 178 177
178 182 180
176 178 181
181 174 176
184 185 186
184 186 187
188 189 185
188 185 184
189 188 190
189 190 191
191 190 192
191 192 193
194 193 192
194 192 195
196 197 198
199 200 196
196 198 199
201 202 200
200 199 201
203 204 205
203 205 206
207 208 209
207 209 210
211 206 205
211 205 212
203 207 210
203 210 204
208 213 214
208 214 209
197 215 198
216 217 218
216 218 219
220 221 222
223 224 225
218 226 227
218 227 219
221 228 222
229 217 216
229 216 230
231 232 233
225 229 230
225 230 234
226 235 236
226 236 227
232 237 238
235 237 239
237 235 238
239 240 236
239 236 235
221 225 228
241 229 221
229 241 217
233 226 218
226 233 238
241 233 217
238 235 226
221 229 225
232 238 233
242 233 241
233 242 231
220 241 221
241 220 242
243 244 216
243 216 219
245 246 247
248 223 249
250 243 219
250 219 227
247 246 251
252 230 216
252 216 244
253 254 255
249 234 230
249 230 252
227 236 256
227 256 250
255 257 258
259 257 256
257 259 258
236 240 259
236 259 256
247 251 249
252 260 247
260 252 244
257 243 250
243 257 254
244 243 254
257 250 256
247 249 252
255 254 257
253 260 254
260 253 261
245 260 261
260 245 247
217 233 218
244 254 260
262 263 264
265 266 262
262 264 267
262 267 268
266 263 262
265 262 268
265 268 269
265 269 270
265 270 271
266 271 272
271 270 273
271 273 274
265 271 266
271 274 272
228 225 224
249 251 248
223 225 234
249 223 234
275 276 277
278 279 280
281 282 283
284 285 286
287 288 289
290 291 292
293 294 295
296 297 298
299 300 301
302 303 304
305 306 307
308 309 300
310 311 312
313 314 312
315 285 316
317 318 319
317 319 320
313 321 314
322 323 324
308 300 299
325 326 327
328 329 278
328 278 280
330 331 332
333 334 335
336 337 338
339 340 341
342 343 344
279 278 343
345 346 347
348 349 350
321 342 344
351 352 353
354 355 356
357 358 359
360 361 362
363 364 365
366 367 368
369 370 371
372 373 374
372 374 375
285 376 377
285 377 286
314 310 312
278 344 343
321 344 314
378 379 380
381 382 383
384 385 386
387 388 389
390 391 392
393 394 395
396 397 398
399 400 401
380 402 403
404 405 406
399 401 407
408 409 410
408 410 411
412 413 414
415 416 417
418 419 420
421 422 423
421 423 424
425 426 427
428 429 430
431 428 430
432 399 407
405 404 433
434 418 420
429 435 430
436 434 420
432 407 437
438 439 440
441 442 443
444 445 446
403 402 433
418 404 406
447 448 449
419 418 406
450 451 452
453 454 455
456 457 458
431 447 428
459 460 461
462 463 464
449 448 437
447 449 428
465 466 467
468 469 470
471 472 473
474 475 476
407 449 437
404 403 433
477 478 479
285 284 316
309 308 480
308 315 480
315 481 480
482 483 484
481 315 316
403 378 380
485 486 487
488 489 490
491 492 493
494 495 496
497 498 499
500 501 502
503 504 505
506 507 508
509 510 511
512 513 514
515 516 517
518 519 520
521 522 523
524 525 526
527 528 529
530 531 532
533 534 535
536 537 538
539 540 541
542 543 544
545 546 547
548 541 549
550 551 552
553 551 554
555 556 526
557 558 559
557 559 560
553 554 561
562 563 564
548 539 541
565 566 567
518 568 569
518 569 519
570 571 572
573 574 575
576 577 578
579 580 581
582 583 584
520 584 518
585 586 587
588 589 590
561 583 582
591 592 593
594 595 596
597 598 599
600 601 602
603 604 605
606 607 608
609 610 611
612 613 614
612 614 615
616 617 526
616 526 525
554 551 550
518 584 583
561 554 583
618 619 620
621 622 623
624 625 626
627 628 629
630 631 632
633 634 635
636 637 638
639 640 641
619 642 643
644 645 646
639 647 640
648 649 650
648 650 651
652 653 654
655 656 657
658 659 660
661 662 663
661 663 664
665 666 667
668 669 670
671 669 668
672 647 639
646 673 644
674 659 658
670 669 675
676 659 674
672 677 647
678 679 680
681 682 683
684 685 686
642 673 643
658 645 644
687 688 689
660 645 658
690 691 692
693 694 695
696 697 698
671 668 687
699 700 701
702 703 704
688 677 689
687 668 688
705 706 707
708 709 710
711 712 713
714 715 716
647 677 688
644 673 642
717 718 719
526 556 524
549 720 548
548 720 555
555 720 721
722 723 724
721 556 555
642 619 618
725 726 727
728 729 730
731 732 733
734 735 736
737 738 739
740 741 742
743 744 745
746 747 748
749 750 751
752 753 754
755 756 757
755 758 759
757 758 755
760 758 757
761 762 758
760 763 758
764 765 766
764 767 768
765 764 768
769 765 768
770 768 771
769 768 772
758 762 759
771 768 767
758 763 761
772 768 770
773 774 775
776 777 778
775 779 780
777 781 778
782 783 777
784 785 786
775 787 773
788 776 778
785 787 775
783 781 777
777 776 780
789 781 783
776 784 780
780 786 775
790 787 785
791 790 785
792 793 773
792 773 787
794 795 796
797 783 798
799 800 801
802 803 800
802 800 804
803 805 806
807 808 809
810 811 805
810 805 812
808 794 796
798 813 797
814 774 773
814 773 793
779 774 798
782 798 783
779 798 782
799 815 804
799 804 800
816 817 818
819 820 821
817 820 819
817 819 822
816 823 824
820 824 821
825 790 791
825 823 790
826 825 791
824 827 821
828 824 823
824 828 827
824 820 816
829 828 823
826 830 831
826 831 825
832 833 831
832 831 830
834 827 828
834 828 829
835 836 837
835 837 838
839 840 841
830 842 843
830 843 832
826 840 842
826 842 830
835 844 845
835 845 836
846 838 842
846 842 840
826 841 840
788 847 776
835 848 844
846 840 839
841 826 791
848 835 838
848 838 846
847 784 776
784 847 841
788 849 847
839 849 848
839 848 846
839 841 847
849 839 847
838 837 843
838 843 842
807 794 808
850 808 796
790 792 787
848 849 844
833 834 829
833 829 831
825 829 823
831 829 825
791 785 841
805 851 806
852 850 811
852 811 810
812 805 803
812 803 802
811 851 805
806 800 803
797 806 851
795 783 797
783 795 789
789 795 794
814 801 806
774 813 798
801 814 793
801 793 818
792 816 818
792 818 793
823 792 790
816 792 823
813 814 806
774 814 813
851 796 795
851 795 797
817 822 815
817 815 799
818 799 801
817 799 818
820 817 816
775 774 779
780 779 782
813 806 797
808 850 852
808 852 809
851 850 796
811 850 851
801 800 806
784 786 780
775 786 785
777 780 782
841 785 784
853 854 855
856 857 858
854 859 860
858 857 861
862 858 863
864 865 866
854 853 867
868 857 856
866 854 867
863 858 861
858 859 856
869 863 861
856 859 864
859 854 865
870 866 867
871 866 870
872 867 853
872 853 873
874 875 876
877 878 863
879 880 881
882 883 881
882 881 884
884 885 886
887 888 889
890 891 886
890 886 892
889 875 874
878 877 893
894 873 853
894 853 855
860 878 855
862 863 878
860 862 878
879 881 883
879 883 895
896 897 898
899 900 901
898 902 899
898 899 901
896 903 904
901 900 903
905 871 870
905 870 904
906 871 905
903 900 907
908 904 903
903 907 908
903 896 901
909 904 908
906 905 910
906 910 911
912 911 910
912 910 913
914 909 908
914 908 907
915 916 917
915 917 918
919 920 921
911 912 922
911 922 923
906 911 923
906 923 921
915 924 925
915 918 924
926 921 923
926 923 916
906 921 920
868 856 927
915 925 928
926 919 921
920 871 906
928 926 916
928 916 915
927 856 864
864 920 927
868 927 929
919 928 929
919 926 928
919 927 920
929 927 919
916 923 922
916 922 917
887 889 874
930 875 889
870 867 872
928 925 929
913 910 909
913 909 914
905 904 909
910 905 909
871 920 866
886 885 931
932 890 892
932 892 930
891 882 884
891 884 886
892 886 931
885 884 881
877 931 885
876 877 863
863 869 876
869 874 876
894 885 880
855 878 893
880 897 873
880 873 894
872 873 897
872 897 896
904 870 872
896 904 872
893 885 894
855 893 894
931 877 876
931 876 875
898 879 895
898 895 902
897 880 879
898 897 879
901 896 898
854 860 855
859 862 860
893 877 885
889 888 932
889 932 930
931 875 930
892 931 930
880 885 881
864 859 865
854 866 865
858 862 859
920 864 866
933 934 935
933 935 936
937 938 939
937 939 940
941 942 943
941 943 944
940 945 946
941 936 947
938 937 948
949 950 948
949 948 951
951 952 953
951 953 949
936 941 944
936 944 933
936 935 954
939 938 955
939 955 956
954 957 958
959 960 961
945 962 946
963 964 955
955 965 956
952 960 959
966 953 952
966 952 959
937 946 951
937 951 948
950 963 948
963 938 948
946 967 951
961 960 968
969 970 971
972 966 959
972 959 961
938 963 955
937 940 946
973 974 945
975 976 977
934 978 977
934 977 935
971 957 975
979 970 980
976 957 954
977 976 935
975 957 976
958 979 981
979 958 970
974 962 945
981 979 967
947 962 974
947 974 942
947 942 941
964 965 955
970 957 971
954 935 976
968 979 980
980 970 969
960 979 968
952 967 960
981 967 962
947 981 962
970 958 957
967 979 960
947 954 981
981 954 958
951 967 952
962 967 946
947 936 954
982 943 942
982 942 973
942 974 973
983 984 985
983 985 986
987 988 989
984 983 988
984 988 987
990 991 992
993 987 989
989 988 992
991 994 993
991 993 989
992 991 989
995 996 997
995 997 998
999 1000 1001
999 1001 1002
1003 1004 1005
1003 1005 1006
1000 1007 1008
1003 1009 996
1002 1010 999
1011 1012 1010
1011 1010 1013
1012 1011 1014
1012 1014 1015
996 995 1004
996 1004 1003
996 1016 997
1001 1017 1018
1001 1018 1002
1016 1019 1020
1021 1022 1023
1008 1007 1024
1025 1018 1026
1018 1017 1027
1015 1021 1023
1028 1021 1015
1028 1015 1014
999 1010 1012
999 1012 1007
1013 1010 1025
1025 1010 1002
1007 1012 1029
1022 1030 1023
1031 1032 1033
1034 1022 1021
1034 1021 1028
1002 1018 1025
999 1007 1000
1035 1008 1036
1037 1038 1039
998 997 1038
998 1038 1040
1032 1037 1020
1041 1042 1033
1039 1016 1020
1038 997 1039
1037 1039 1020
1019 1043 1041
1041 1033 1019
1036 1008 1024
1043 1029 1041
1009 1036 1024
1009 1003 1006
1009 1006 1036
1026 1018 1027
1033 1032 1020
1016 1039 997
1030 1042 1041
1042 1031 1033
1023 1030 1041
1015 1023 1029
1043 1024 1029
1009 1024 1043
1033 1020 1019
1029 1023 1041
1009 1043 1016
1043 1019 1016
1012 1015 1029
1024 1007 1029
1009 1016 996
1044 1035 1006
1044 1006 1005
1006 1035 1036
1045 1046 1047
1045 1047 1048
1049 1050 1051
1048 1049 1051
1048 1051 1045
1052 1053 1054
1055 1050 1049
1050 1053 1051
1054 1050 1055
1054 1055 1056
1053 1050 1054
1057 1058 1059
1060 1061 1062
1063 1062 1061
1062 1063 1064
1063 1065 1064
1066 1067 1068
1066 1061 1060
1066 1060 1069
1063 1061 1070
1071 1065 1063
1063 1070 1072
1063 1072 1071
1073 1074 1068
1073 1068 1075
1061 1066 1068
1061 1068 1070
1070 1068 1074
1070 1074 1072
1076 1077 1057
1059 1078 1079
1059 1079 1057
1080 1081 1082
1083 1084 1082
1085 1069 1086
1087 1076 1088
1085 1066 1069
1083 1089 1084
1086 1067 1085
1090 1091 1089
1081 1083 1082
1092 1093 1094
1095 1096 1097
1095 1097 1098
1099 1081 1100
1094 1101 1090
1101 1094 1102
1103 1104 1105
1103 1105 1106
1107 1108 1109
1107 1109 1110
1111 1112 1113
1111 1113 1114
1115 1100 1080
1116 1094 1090
1116 1090 1083
1117 1118 1119
1120 1105 1104
1120 1104 1121
1096 1122 1123
1096 1123 1097
1101 1088 1090
1118 1124 1125
1121 1108 1107
1121 1107 1120
1125 1126 1127
1116 1128 1111
1116 1111 1114
1128 1116 1083
1128 1083 1099
1094 1116 1114
1094 1114 1092
1109 1125 1127
1109 1127 1113
1118 1125 1109
1118 1109 1108
1119 1118 1108
1121 1104 1097
1121 1097 1123
1104 1103 1098
1104 1098 1097
1129 1130 1106
1129 1106 1105
1131 1129 1105
1131 1105 1120
1120 1107 1132
1120 1132 1131
1132 1107 1110
1132 1110 1133
1111 1134 1135
1111 1135 1112
1136 1134 1111
1136 1111 1128
1137 1136 1128
1137 1128 1099
1099 1100 1138
1099 1138 1137
1139 1138 1100
1139 1100 1115
1110 1109 1113
1110 1113 1112
1092 1114 1113
1092 1113 1127
1112 1135 1133
1112 1133 1110
1126 1092 1127
1124 1126 1125
1085 1067 1066
1079 1140 1057
1057 1140 1076
1090 1089 1083
1088 1091 1090
1088 1076 1091
1076 1140 1091
1068 1067 1075
1080 1100 1081
1083 1081 1099
1101 1141 1087
1141 1101 1102
1088 1101 1087
1123 1119 1121
1123 1117 1119
1121 1119 1108
1142 1143 1144
1145 1143 1146
1147 1148 1149
1150 1151 1148
1152 1153 1150
1122 1154 1155
1152 1156 1153
1157 1158 1159
1155 1160 1122
1160 1161 1117
1162 1096 1095
1141 1163 1164
1165 1166 1167
1168 1169 1093
1168 1093 1126
1168 1124 1170
1142 1144 1171
1154 1122 1096
1162 1154 1096
1172 1141 1164
1167 1164 1163
1173 1174 1169
1173 1169 1168
1170 1175 1173
1156 1176 1160
1177 1178 1179
1180 1181 1182
1183 1184 1146
1183 1146 1142
1185 1148 1151
1156 1186 1153
1150 1153 1151
1187 1188 1189
1190 1178 1177
1191 1189 1192
1193 1178 1190
1164 1166 1194
1164 1194 1172
1195 1196 1197
1152 1159 1156
1182 1181 1198
1198 1181 1199
1197 1200 1195
1201 1193 1190
1201 1190 1202
1203 1192 1204
1177 1205 1202
1177 1202 1190
1206 1207 1187
1208 1207 1209
1146 1143 1142
1124 1161 1170
1186 1160 1210
1209 1207 1206
1211 1198 1157
1212 1182 1198
1212 1198 1211
1213 1204 1208
1214 1215 1216
1214 1216 1217
1218 1219 1220
1203 1213 1218
1208 1166 1213
1102 1163 1141
1166 1164 1167
1204 1207 1208
1221 1184 1222
1150 1211 1152
1159 1152 1157
1156 1159 1176
1160 1176 1161
1210 1160 1155
1168 1170 1173
1126 1124 1168
1214 1220 1223
1214 1223 1215
1177 1179 1224
1177 1224 1205
1183 1142 1171
1225 1226 1227
1225 1227 1228
1229 1230 1231
1229 1231 1232
1233 1234 1235
1235 1236 1237
1235 1237 1233
1235 1226 1238
1235 1238 1236
1226 1225 1239
1226 1239 1238
1240 1241 1242
1240 1242 1243
1244 1243 1242
1244 1242 1245
1245 1246 1247
1245 1247 1244
1248 1247 1246
1248 1246 1249
1249 1250 1251
1249 1251 1248
1226 1235 1234
1226 1234 1227
1236 1232 1231
1236 1231 1237
1230 1229 1241
1230 1241 1240
1252 1253 1254
1252 1254 1255
1256 1254 1253
1256 1253 1257
1258 1259 1260
1258 1260 1261
1262 1263 1264
1262 1264 1265
1266 1267 1268
1266 1268 1269
1270 1271 1272
1270 1272 1273
1274 1268 1267
1274 1267 1275
1264 1252 1255
1264 1255 1265
1271 1260 1259
1271 1259 1272
1275 1270 1273
1275 1273 1274
1263 1262 1266
1263 1266 1269
1130 1129 1238
1130 1238 1239
1133 1229 1232
1133 1232 1132
1136 1137 1246
1136 1246 1245
1137 1138 1249
1137 1249 1246
1138 1139 1250
1138 1250 1249
1129 1131 1236
1129 1236 1238
1134 1242 1241
1134 1241 1135
1131 1132 1232
1131 1232 1236
1245 1242 1134
1245 1134 1136
1135 1241 1229
1135 1229 1133
1174 1173 1219
1160 1186 1156
1122 1160 1117
1220 1276 1223
1150 1147 1212
1180 1182 1212
1180 1212 1147
1216 1189 1217
1205 1224 1277
1167 1163 1169
1167 1169 1174
1219 1173 1276
1167 1174 1219
1167 1219 1165
1163 1102 1093
1163 1093 1169
1126 1093 1092
1213 1165 1218
1214 1203 1218
1214 1218 1220
1217 1191 1203
1217 1203 1214
1191 1192 1203
1217 1189 1191
1207 1188 1187
1189 1188 1192
1204 1188 1207
1192 1188 1204
1218 1165 1219
1204 1213 1203
1158 1157 1199
1157 1198 1199
1176 1159 1170
1159 1158 1175
1276 1173 1175
1276 1175 1158
1220 1219 1276
1184 1221 1145
1184 1145 1146
1148 1147 1150
1124 1118 1117
1117 1161 1124
1122 1117 1123
1161 1176 1170
1170 1159 1175
1213 1166 1165
1157 1152 1211
1212 1211 1150
1278 1279 1280
1279 1281 1282
1280 1279 1282
1283 1284 1285
1286 1287 1285
1185 1286 1288
1289 1278 1283
1290 1291 1281
1287 1292 1289
1289 1293 1278
1285 1289 1283
1287 1289 1285
1292 1293 1289
1278 1293 1279
1077 1076 1087
1077 1058 1057
1208 1209 1194
1208 1194 1166
1149 1284 1196
1288 1148 1185
1285 1284 1149
1087 1141 1172
1149 1148 1288
1149 1288 1285
1294 1295 1296
1297 1295 1294
1293 1291 1290
1297 1294 1298
1297 1298 1299
1299 1300 1297
1293 1290 1279
1290 1281 1279
1149 1196 1195
1297 1301 1295
1278 1302 1283
1172 1303 1087
1077 1304 1058
1209 1305 1194
1206 1306 1209
1280 1307 1278
1284 1308 1196
1283 1302 1284
1194 1305 1172
1087 1303 1077
1303 1304 1077
1305 1303 1172
1305 1209 1306
1284 1302 1308
1307 1302 1278
1210 1309 1186
1210 1310 1309
1154 1310 1155
1311 1312 1313
1185 1314 1286
1311 1315 1312
1153 1309 1316
1154 1317 1310
1153 1316 1151
1185 1316 1314
1287 1314 1315
1287 1315 1292
1292 1315 1311
1286 1314 1287
1151 1316 1185
1186 1309 1153
1155 1310 1210
1162 1317 1154
1094 1093 1102
1288 1286 1285
1318 1319 1320
1321 1322 1323
1324 1323 1322
1322 1325 1324
1324 1325 1326
1327 1328 1329
1327 1330 1321
1327 1321 1323
1324 1331 1323
1332 1324 1326
1324 1332 1333
1324 1333 1331
1334 1335 1328
1334 1328 1336
1323 1331 1328
1323 1328 1327
1331 1333 1336
1331 1336 1328
1337 1318 1338
1319 1318 1339
1319 1339 1340
1341 1342 1343
1344 1342 1345
1346 1347 1330
1348 1349 1337
1346 1330 1327
1344 1345 1350
1347 1346 1329
1351 1350 1352
1343 1342 1344
1353 1354 1355
1356 1357 1358
1356 1358 1359
1360 1361 1343
1354 1351 1362
1362 1363 1354
1364 1365 1366
1364 1366 1367
1368 1369 1370
1368 1370 1371
1372 1373 1374
1372 1374 1375
1376 1341 1361
1377 1344 1351
1377 1351 1354
1378 1379 1380
1381 1382 1367
1381 1367 1366
1359 1358 1383
1359 1383 1384
1362 1351 1349
1380 1385 1386
1382 1381 1368
1382 1368 1371
1385 1387 1388
1377 1373 1372
1377 1372 1389
1389 1360 1344
1389 1344 1377
1354 1353 1373
1354 1373 1377
1370 1374 1387
1370 1387 1385
1380 1371 1370
1380 1370 1385
1379 1371 1380
1382 1383 1358
1382 1358 1367
1367 1358 1357
1367 1357 1364
1390 1366 1365
1390 1365 1391
1392 1381 1366
1392 1366 1390
1381 1392 1393
1381 1393 1368
1393 1394 1369
1393 1369 1368
1372 1375 1395
1372 1395 1396
1397 1389 1372
1397 1372 1396
1398 1360 1389
1398 1389 1397
1360 1398 1399
1360 1399 1361
1400 1376 1361
1400 1361 1399
1369 1375 1374
1369 1374 1370
1353 1387 1374
1353 1374 1373
1375 1369 1394
1375 1394 1395
1388 1387 1353
1386 1385 1388
1346 1327 1329
1339 1318 1401
1318 1337 1401
1351 1344 1350
1349 1351 1352
1349 1352 1337
1337 1352 1401
1328 1335 1329
1341 1343 1361
1344 1360 1343
1362 1348 1402
1402 1363 1362
1349 1348 1362
1383 1382 1379
1383 1379 1378
1382 1371 1379
1403 1404 1405
1406 1407 1405
1408 1409 1410
1411 1410 1412
1413 1411 1414
1384 1415 1416
1413 1414 1417
1418 1419 1420
1415 1384 1421
1421 1378 1422
1423 1356 1359
1402 1424 1425
1426 1427 1428
1429 1388 1355
1429 1355 1430
1429 1431 1386
1403 1432 1404
1416 1359 1384
1423 1359 1416
1433 1424 1402
1427 1425 1424
1434 1429 1430
1434 1430 1435
1431 1434 1436
1417 1421 1437
1438 1439 1440
1441 1442 1443
1444 1403 1407
1444 1407 1445
1446 1412 1410
1417 1414 1447
1411 1412 1414
1448 1449 1450
1451 1438 1440
1452 1453 1449
1454 1451 1440
1424 1433 1455
1424 1455 1428
1456 1457 1458
1413 1417 1419
1442 1459 1443
1459 1460 1443
1457 1456 1461
1462 1463 1451
1462 1451 1454
1464 1465 1453
1438 1451 1463
1438 1463 1466
1467 1448 1468
1469 1470 1468
1407 1403 1405
1386 1431 1422
1447 1471 1421
1470 1467 1468
1472 1418 1459
1473 1472 1459
1473 1459 1442
1474 1469 1465
1475 1476 1477
1475 1477 1478
1479 1480 1481
1464 1479 1474
1469 1474 1428
1363 1402 1425
1428 1427 1424
1465 1469 1468
1482 1483 1445
1411 1413 1472
1419 1418 1413
1417 1437 1419
1421 1422 1437
1471 1415 1421
1429 1434 1431
1388 1429 1386
1475 1478 1484
1475 1484 1480
1438 1466 1485
1438 1485 1439
1444 1432 1403
1486 1487 1488
1486 1488 1489
1490 1491 1492
1490 1492 1493
1494 1495 1496
1495 1494 1497
1495 1497 1498
1495 1498 1499
1495 1499 1489
1489 1499 1500
1489 1500 1486
1501 1502 1503
1501 1503 1504
1505 1506 1503
1505 1503 1502
1506 1505 1507
1506 1507 1508
1509 1510 1508
1509 1508 1507
1510 1509 1511
1510 1511 1512
1489 1488 1496
1489 1496 1495
1498 1497 1492
1498 1492 1491
1493 1501 1504
1493 1504 1490
1513 1514 1515
1513 1515 1516
1517 1518 1516
1517 1516 1515
1519 1520 1521
1519 1521 1522
1523 1524 1525
1523 1525 1526
1527 1528 1529
1527 1529 1530
1531 1532 1533
1531 1533 1534
1535 1536 1530
1535 1530 1529
1525 1524 1514
1525 1514 1513
1534 1533 1522
1534 1522 1521
1536 1535 1532
1536 1532 1531
1526 1528 1527
1526 1527 1523
1391 1500 1499
1391 1499 1390
1394 1393 1491
1394 1491 1490
1397 1506 1508
1397 1508 1398
1398 1508 1510
1398 1510 1399
1399 1510 1512
1399 1512 1400
1390 1499 1498
1390 1498 1392
1396 1395 1504
1396 1504 1503
1392 1498 1491
1392 1491 1393
1506 1397 1396
1506 1396 1503
1395 1394 1490
1395 1490 1504
1435 1481 1434
1421 1417 1447
1384 1378 1421
1480 1484 1537
1411 1473 1408
1441 1408 1473
1441 1473 1442
1477 1476 1449
1466 1538 1485
1427 1435 1430
1427 1430 1425
1481 1537 1434
1427 1426 1481
1427 1481 1435
1425 1430 1355
1425 1355 1363
1388 1353 1355
1474 1479 1426
1475 1480 1479
1475 1479 1464
1476 1475 1464
1476 1464 1452
1452 1464 1453
1476 1452 1449
1468 1448 1450
1449 1453 1450
1465 1468 1450
1453 1465 1450
1479 1481 1426
1465 1464 1474
1420 1460 1418
1418 1460 1459
1437 1431 1419
1419 1436 1420
1537 1436 1434
1537 1420 1436
1480 1537 1481
1445 1407 1406
1445 1406 1482
1410 1411 1408
1386 1378 1380
1378 1386 1422
1384 1383 1378
1422 1431 1437
1431 1436 1419
1474 1426 1428
1418 1472 1413
1473 1411 1472
1539 1540 1541
1541 1542 1543
1540 1542 1541
1544 1545 1546
1547 1545 1548
1446 1549 1547
1550 1544 1539
1551 1543 1552
1548 1550 1553
1550 1539 1554
1545 1544 1550
1548 1545 1550
1553 1550 1554
1539 1541 1554
1338 1348 1337
1338 1318 1320
1469 1428 1455
1469 1455 1470
1409 1458 1546
1549 1446 1410
1545 1409 1546
1348 1433 1402
1409 1549 1410
1409 1545 1549
1555 1556 1557
1558 1555 1557
1554 1551 1552
1558 1559 1560
1558 1560 1555
1559 1558 1561
1554 1541 1551
1551 1541 1543
1409 1456 1458
1558 1557 1562
1539 1544 1563
1433 1348 1564
1338 1320 1565
1470 1455 1566
1467 1470 1567
1540 1539 1568
1546 1458 1569
1544 1546 1563
1455 1433 1566
1348 1338 1564
1564 1338 1565
1566 1433 1564
1566 1567 1470
1546 1569 1563
1568 1539 1563
1471 1447 1570
1471 1570 1571
1416 1415 1571
1572 1573 1574
1446 1547 1575
1572 1574 1576
1414 1577 1570
1416 1571 1578
1414 1412 1577
1446 1575 1577
1548 1576 1575
1548 1553 1576
1553 1572 1576
1547 1548 1575
1412 1446 1577
1447 1414 1570
1415 1471 1571
1423 1416 1578
1354 1363 1355
1549 1545 1547
1579 1580 1581
1582 1579 1581
1583 1584 1585
1586 1584 1583
1257 1587 1588
1257 1588 1256
1518 1517 1589
1518 1589 1590
1591 1592 1593
1592 1594 1595
1592 1595 1596
1596 1593 1592
1597 1598 1599
1600 1601 1602
1602 1597 1603
1604 1605 1606
1604 1606 1607
1608 1609 1610
1608 1610 1611
1612 1613 1614
1612 1614 1615
1614 1609 1608
1614 1608 1615
1616 1617 1618
1615 1608 1619
1615 1619 1620
1621 1622 1623
1624 1623 1622
1624 1622 1625
1626 1602 1627
1600 1628 1629
1630 1631 1632
1630 1632 1624
1633 1603 1599
1618 1617 1634
1623 1624 1632
1612 1605 1613
1635 1612 1615
1635 1615 1620
1635 1606 1612
1611 1636 1619
1611 1619 1608
1602 1637 1627
1637 1638 1627
1637 1633 1639
1627 1616 1626
1627 1638 1616
1626 1600 1602
1599 1640 1633
1641 1621 1638
1641 1638 1639
1617 1621 1623
1638 1621 1617
1642 1600 1629
1601 1600 1642
1601 1642 1643
1601 1643 1644
1601 1644 1597
1644 1598 1597
1599 1598 1595
1599 1595 1594
1597 1599 1603
1645 1642 1629
1641 1622 1621
1594 1640 1599
1637 1603 1633
1606 1605 1612
1632 1646 1634
1632 1634 1623
1634 1617 1623
1631 1646 1632
1639 1638 1637
1628 1616 1618
1616 1638 1617
1601 1597 1602
1626 1628 1600
1626 1616 1628
1603 1637 1602
1647 1648 1619
1647 1619 1636
1606 1649 1650
1606 1650 1607
1650 1651 1652
1653 1649 1635
1653 1635 1654
1594 1655 1656
1657 1658 1659
1657 1659 1653
1660 1592 1591
1661 1662 1663
1664 1663 1662
1657 1653 1654
1657 1654 1665
1654 1666 1667
1654 1667 1665
1666 1654 1635
1666 1635 1620
1648 1666 1620
1648 1620 1619
1668 1648 1647
1668 1647 1669
1670 1656 1655
1655 1594 1592
1655 1663 1670
1671 1672 1670
1667 1666 1648
1667 1648 1668
1673 1670 1672
1664 1662 1651
1664 1651 1674
1674 1651 1659
1674 1659 1658
1675 1676 1677
1678 1679 1622
1650 1649 1653
1650 1653 1659
1680 1675 1677
1652 1651 1662
1652 1662 1660
1607 1652 1681
1660 1591 1681
1660 1681 1652
1678 1641 1682
1683 1684 1685
1678 1682 1675
1686 1633 1687
1661 1655 1592
1663 1671 1670
1683 1676 1687
1687 1673 1683
1594 1656 1640
1673 1672 1684
1683 1673 1684
1677 1683 1685
1688 1678 1675
1682 1686 1676
1685 1680 1677
1640 1687 1633
1675 1682 1676
1676 1686 1687
1677 1676 1683
1650 1652 1607
1659 1651 1650
1649 1606 1635
1639 1682 1641
1633 1686 1639
1640 1656 1687
1639 1686 1682
1622 1641 1678
1689 1625 1679
1680 1688 1675
1688 1690 1689
1691 1690 1688
1691 1688 1680
1689 1679 1688
1656 1673 1687
1688 1679 1678
1661 1592 1660
1660 1662 1661
1661 1663 1655
1673 1656 1670
1671 1663 1664
1692 1693 1671
1692 1671 1664
1690 1691 1694
1668 1669 1695
1668 1695 1696
1694 1691 1697
1698 1658 1699
1684 1672 1700
1691 1680 1697
1685 1684 1701
1658 1657 1699
1680 1685 1701
1680 1701 1697
1674 1658 1698
1693 1700 1672
1693 1672 1671
1701 1684 1700
1657 1665 1702
1657 1702 1699
1703 1667 1668
1703 1668 1696
1703 1702 1665
1703 1665 1667
1698 1692 1664
1698 1664 1674
1679 1625 1622
1704 1705 1706
1707 1708 1709
1710 1711 1712
1713 1714 1712
1713 1712 1711
1715 1716 1717
1715 1717 1713
1706 1714 1713
1718 1719 1720
1718 1720 1721
1716 1715 1722
1723 1724 1725
1726 1727 1728
1726 1728 1729
1714 1706 1730
1713 1717 1706
1730 1723 1725
1730 1725 1714
1706 1705 1730
1731 1732 1708
1731 1708 1707
1733 1706 1734
1735 1709 1708
1736 1737 1704
1736 1704 1706
1738 1739 1740
1739 1741 1742
1739 1742 1740
1717 1716 1743
1717 1743 1742
1706 1742 1741
1744 1745 1746
1744 1746 1747
1716 1722 1743
1748 1749 1750
1741 1751 1706
1742 1706 1717
1751 1741 1749
1751 1749 1748
1706 1751 1734
1752 1735 1708
1752 1708 1753
1754 1755 1756
1754 1756 1757
1758 1759 1700
1758 1700 1693
1757 1756 1760
1757 1760 1761
1694 1697 1762
1694 1762 1763
1764 1765 1766
1764 1766 1767
1764 1767 1768
1764 1768 1769
1769 1768 1770
1769 1770 1771
1772 1758 1693
1772 1693 1692
1767 1766 1758
1767 1758 1772
1760 1770 1773
1760 1773 1761
1771 1770 1760
1771 1760 1774
1755 1775 1776
1755 1776 1756
1777 1778 1779
1777 1779 1780
1778 1781 1782
1778 1782 1779
1783 1777 1780
1783 1780 1784
1702 1703 1761
1702 1761 1773
1763 1762 1777
1763 1777 1783
1766 1781 1759
1766 1759 1758
1785 1701 1700
1785 1700 1759
1778 1777 1762
1778 1762 1785
1702 1773 1786
1702 1786 1699
1784 1780 1787
1784 1787 1788
1789 1790 1791
1789 1791 1792
1793 1794 1795
1793 1796 1797
1793 1797 1798
1792 1798 1797
1792 1797 1789
1780 1779 1796
1780 1796 1787
1790 1789 1765
1790 1765 1764
1789 1797 1782
1789 1782 1765
1779 1782 1797
1779 1797 1796
1795 1794 1799
1800 1729 1728
1801 1802 1803
1804 1805 1806
1804 1806 1807
1808 1803 1809
1808 1809 1810
1811 1708 1732
1811 1732 1812
1813 1728 1814
1813 1814 1815
1816 1817 1818
1816 1818 1801
1798 1746 1720
1798 1720 1793
1791 1817 1747
1791 1747 1792
1746 1798 1792
1746 1792 1747
1720 1719 1794
1720 1794 1793
1819 1820 1821
1822 1823 1824
1810 1825 1820
1810 1820 1819
1822 1826 1823
1827 1828 1829
1827 1829 1830
1831 1832 1833
1831 1833 1834
1835 1836 1837
1815 1814 1833
1815 1833 1838
1819 1726 1729
1839 1826 1822
1839 1822 1840
1841 1842 1815
1841 1815 1838
1843 1821 1828
1843 1828 1827
1829 1828 1844
1829 1844 1845
1727 1726 1843
1727 1843 1834
1846 1847 1848
1846 1848 1849
1840 1820 1825
1840 1825 1839
1835 1831 1850
1835 1850 1836
1832 1851 1849
1832 1849 1848
1832 1848 1838
1832 1838 1833
1832 1831 1835
1832 1835 1851
1827 1830 1852
1827 1852 1831
1821 1843 1726
1821 1726 1819
1831 1834 1843
1831 1843 1827
1847 1841 1838
1847 1838 1848
1814 1727 1834
1814 1834 1833
1853 1854 1855
1853 1855 1856
1814 1728 1727
1813 1815 1842
1813 1842 1857
1849 1837 1846
1849 1851 1837
1851 1835 1837
1828 1821 1820
1828 1820 1840
1858 1850 1831
1858 1831 1852
1824 1844 1828
1824 1828 1822
1840 1822 1828
1859 1830 1829
1859 1829 1845
1859 1858 1852
1830 1859 1852
1860 1788 1799
1788 1787 1799
1787 1795 1799
1795 1787 1796
1795 1796 1793
1861 1776 1775
1861 1775 1862
1791 1790 1863
1791 1863 1864
1865 1866 1867
1865 1868 1869
1865 1869 1870
1864 1863 1869
1864 1869 1868
1776 1861 1870
1776 1870 1774
1769 1863 1790
1769 1790 1764
1771 1869 1863
1771 1863 1769
1869 1771 1774
1869 1774 1870
1866 1871 1867
1872 1873 1874
1872 1874 1853
1736 1706 1733
1736 1733 1875
1816 1744 1747
1816 1747 1817
1805 1876 1877
1805 1877 1806
1856 1878 1879
1856 1879 1803
1811 1880 1753
1811 1753 1708
1801 1818 1877
1801 1877 1876
1868 1865 1806
1868 1806 1877
1791 1864 1818
1791 1818 1817
1877 1818 1864
1877 1864 1868
1867 1807 1806
1867 1806 1865
1809 1881 1882
1883 1884 1823
1882 1825 1810
1882 1810 1809
1883 1823 1826
1885 1886 1887
1885 1887 1888
1889 1890 1891
1889 1891 1892
1893 1894 1895
1889 1855 1854
1889 1854 1896
1883 1826 1839
1883 1839 1897
1854 1898 1899
1854 1899 1896
1888 1881 1900
1888 1900 1885
1901 1888 1887
1901 1887 1902
1878 1892 1900
1878 1900 1879
1903 1904 1905
1903 1905 1906
1825 1882 1897
1825 1897 1839
1893 1895 1907
1893 1907 1891
1890 1903 1906
1890 1906 1908
1896 1903 1890
1896 1890 1889
1890 1908 1893
1890 1893 1891
1909 1886 1885
1909 1885 1891
1900 1881 1809
1900 1809 1879
1891 1885 1900
1891 1900 1892
1904 1903 1896
1904 1896 1899
1855 1889 1892
1855 1892 1878
1853 1874 1898
1853 1898 1854
1855 1878 1856
1803 1879 1809
1906 1905 1894
1906 1894 1908
1908 1894 1893
1882 1881 1888
1882 1888 1897
1910 1909 1891
1910 1891 1907
1884 1883 1888
1884 1888 1901
1897 1888 1883
1911 1887 1886
1911 1902 1887
1911 1909 1910
1886 1909 1911
1912 1871 1862
1862 1871 1861
1861 1871 1866
1866 1865 1870
1866 1870 1861
1805 1804 1873
1805 1873 1872
1805 1872 1802
1805 1802 1876
1721 1745 1800
1721 1800 1913
1736 1875 1914
1736 1914 1915
1812 1916 1915
1812 1915 1811
1721 1913 1917
1721 1917 1718
1744 1800 1745
1819 1729 1808
1819 1808 1810
1872 1853 1856
1872 1856 1802
1917 1913 1813
1917 1813 1857
1913 1800 1728
1913 1728 1813
1801 1803 1808
1801 1808 1816
1916 1737 1736
1916 1736 1915
1915 1914 1880
1915 1880 1811
1772 1692 1698
1772 1698 1918
1767 1772 1918
1767 1918 1768
1698 1699 1786
1698 1786 1918
1765 1782 1781
1765 1781 1766
1695 1754 1757
1695 1757 1696
1756 1776 1774
1756 1774 1760
1703 1696 1757
1703 1757 1761
1768 1786 1770
1697 1701 1785
1697 1785 1762
1721 1720 1746
1721 1746 1745
1918 1786 1768
1785 1759 1781
1785 1781 1778
1786 1773 1770
1744 1816 1808
1744 1808 1729
1876 1802 1801
1856 1803 1802
1744 1729 1800
1919 1920 1921
1921 1922 1923
1921 1923 1924
1922 1921 1920
1925 1926 1927
1928 1929 1930
1929 1931 1925
1932 1933 1934
1932 1934 1935
1936 1937 1938
1936 1938 1939
1940 1941 1942
1940 1942 1943
1942 1941 1936
1942 1936 1939
1944 1945 1946
1941 1947 1948
1941 1948 1936
1949 1950 1951
1952 1953 1951
1952 1951 1950
1954 1955 1929
1928 1956 1957
1958 1952 1959
1958 1959 1960
1961 1926 1931
1945 1962 1946
1950 1959 1952
1940 1943 1935
1963 1947 1941
1963 1941 1940
1963 1940 1934
1937 1936 1948
1937 1948 1964
1929 1955 1965
1965 1955 1966
1965 1967 1961
1955 1954 1944
1955 1944 1966
1954 1929 1928
1926 1961 1968
1969 1967 1966
1969 1966 1949
1946 1950 1949
1966 1946 1949
1970 1956 1928
1930 1971 1970
1930 1970 1928
1930 1925 1972
1930 1972 1971
1972 1925 1927
1926 1924 1923
1926 1923 1927
1925 1931 1926
1973 1956 1970
1969 1949 1951
1924 1926 1968
1965 1961 1931
1934 1940 1935
1959 1962 1974
1959 1950 1962
1962 1950 1946
1960 1959 1974
1967 1965 1966
1957 1945 1944
1944 1946 1966
1930 1929 1925
1954 1928 1957
1954 1957 1944
1931 1929 1965
1975 1964 1948
1975 1948 1976
1934 1933 1977
1934 1977 1978
1977 1979 1980
1981 1982 1963
1981 1963 1978
1924 1983 1984
1985 1981 1986
1985 1986 1987
1988 1919 1921
1989 1990 1991
1992 1991 1990
1985 1993 1982
1985 1982 1981
1982 1993 1994
1982 1994 1995
1995 1947 1963
1995 1963 1982
1976 1948 1947
1976 1947 1995
1996 1997 1975
1996 1975 1976
1998 1984 1983
1984 1921 1924
1984 1998 1990
1999 1998 2000
1994 1996 1976
1994 1976 1995
2001 2000 1998
1992 2002 1980
1992 1980 1991
2002 1987 1986
2002 1986 1980
2003 2004 2005
2006 1951 2007
1977 1986 1981
1977 1981 1978
2008 2004 2003
1979 1988 1991
1979 1991 1980
1933 2009 1979
1988 1979 2009
1988 2009 1919
2006 2010 1969
2011 2012 2013
2006 2003 2010
2014 2015 1961
1989 1921 1984
1990 1998 1999
2011 2015 2005
2015 2011 2001
1924 1968 1983
2001 2013 2000
2011 2013 2001
2004 2012 2011
2016 2003 2006
2010 2005 2014
2012 2004 2008
1968 1961 2015
2003 2005 2010
2005 2015 2014
2004 2011 2005
1977 1933 1979
1986 1977 1980
1978 1963 1934
1967 1969 2010
1961 1967 2014
1968 2015 1983
1967 2010 2014
1951 2006 1969
2017 2007 1953
2008 2003 2016
2016 2017 2018
2019 2016 2018
2019 2008 2016
2017 2016 2007
1983 2015 2001
2016 2006 2007
1989 1988 1921
1988 1989 1991
1989 1984 1990
2001 1998 1983
1999 1992 1990
2020 1992 1999
2020 1999 2021
2018 2022 2019
1996 2023 2024
1996 2024 1997
2022 2025 2019
2026 2027 1987
2013 2028 2000
2019 2025 2008
2012 2029 2013
1987 2027 1985
2008 2025 2029
2008 2029 2012
2002 2026 1987
2021 1999 2000
2021 2000 2028
2029 2028 2013
1985 2027 2030
1985 2030 1993
2031 2023 1996
2031 1996 1994
2031 1994 1993
2031 1993 2030
2026 2002 1992
2026 1992 2020
2007 1951 1953
2032 2033 2034
2035 2036 2037
2038 2039 2040
2041 2040 2039
2041 2039 2042
2043 2041 2044
2043 2044 2045
2033 2041 2042
2046 2047 2048
2046 2048 2049
2045 2050 2043
2051 2052 2053
2054 2055 2056
2054 2056 2057
2042 2058 2033
2041 2033 2044
2058 2042 2052
2058 2052 2051
2033 2058 2034
2059 2035 2037
2059 2037 2060
2061 2062 2033
2063 2037 2036
2064 2033 2032
2064 2032 2065
2066 2067 2068
2068 2067 2069
2068 2069 2070
2044 2069 2071
2044 2071 2045
2033 2070 2069
2072 2073 2074
2072 2074 2075
2045 2071 2050
2076 2077 2078
2070 2033 2079
2069 2044 2033
2079 2076 2078
2079 2078 2070
2033 2062 2079
2080 2081 2037
2080 2037 2063
2082 2083 2084
2082 2084 2085
2086 2021 2028
2086 2028 2087
2083 2088 2089
2083 2089 2084
2022 2090 2091
2022 2091 2025
2092 2093 2094
2092 2094 2095
2092 2096 2097
2092 2097 2093
2096 2098 2099
2096 2099 2097
2100 2020 2021
2100 2021 2086
2093 2100 2086
2093 2086 2094
2089 2088 2101
2089 2101 2099
2098 2102 2089
2098 2089 2099
2085 2084 2103
2085 2103 2104
2105 2106 2107
2105 2107 2108
2108 2107 2109
2108 2109 2110
2111 2112 2106
2111 2106 2105
2088 2031 2030
2088 2030 2101
2090 2111 2105
2090 2105 2091
2094 2086 2087
2094 2087 2110
2028 2029 2113
2028 2113 2087
2108 2113 2091
2108 2091 2105
2030 2027 2114
2030 2114 2101
2112 2115 2116
2112 2116 2106
2117 2118 2119
2117 2119 2120
2121 2122 2123
2121 2124 2125
2121 2125 2126
2118 2117 2125
2118 2125 2124
2106 2116 2126
2106 2126 2107
2120 2092 2095
2120 2095 2117
2117 2095 2109
2117 2109 2125
2107 2126 2125
2107 2125 2109
2122 2127 2123
2128 2056 2055
2129 2130 2131
2132 2133 2134
2132 2134 2135
2136 2137 2138
2136 2138 2130
2139 2140 2060
2139 2060 2037
2141 2142 2143
2141 2143 2056
2144 2129 2145
2144 2145 2146
2124 2121 2048
2124 2048 2074
2119 2118 2073
2119 2073 2146
2074 2073 2118
2074 2118 2124
2048 2121 2123
2048 2123 2049
2147 2148 2149
2150 2151 2152
2137 2147 2149
2137 2149 2153
2150 2152 2154
2155 2156 2157
2155 2157 2158
2159 2160 2161
2159 2161 2162
2163 2164 2165
2142 2166 2161
2142 2161 2143
2147 2055 2054
2167 2168 2150
2167 2150 2154
2169 2166 2142
2169 2142 2170
2171 2155 2158
2171 2158 2148
2157 2172 2173
2157 2173 2158
2057 2160 2171
2057 2171 2054
2174 2175 2176
2174 2176 2177
2168 2167 2153
2168 2153 2149
2163 2165 2178
2163 2178 2159
2162 2176 2175
2162 2175 2179
2162 2161 2166
2162 2166 2176
2162 2179 2163
2162 2163 2159
2155 2159 2180
2155 2180 2156
2148 2147 2054
2148 2054 2171
2159 2155 2171
2159 2171 2160
2177 2176 2166
2177 2166 2169
2143 2161 2160
2143 2160 2057
2181 2182 2183
2181 2183 2184
2143 2057 2056
2141 2185 2170
2141 2170 2142
2175 2174 2164
2175 2164 2179
2179 2164 2163
2158 2168 2149
2158 2149 2148
2186 2180 2159
2186 2159 2178
2151 2150 2158
2151 2158 2173
2168 2158 2150
2187 2157 2156
2187 2172 2157
2187 2180 2186
2156 2180 2187
2188 2127 2115
2115 2127 2116
2116 2127 2122
2122 2121 2126
2122 2126 2116
2189 2190 2104
2189 2104 2103
2119 2191 2192
2119 2192 2120
2193 2194 2195
2193 2196 2197
2193 2197 2198
2191 2198 2197
2191 2197 2192
2103 2102 2196
2103 2196 2189
2096 2092 2120
2096 2120 2192
2098 2096 2192
2098 2192 2197
2197 2196 2102
2197 2102 2098
2195 2194 2199
2200 2181 2201
2200 2201 2202
2064 2203 2061
2064 2061 2033
2144 2146 2073
2144 2073 2072
2135 2134 2204
2135 2204 2205
2182 2130 2206
2182 2206 2207
2139 2037 2081
2139 2081 2208
2129 2205 2204
2129 2204 2145
2198 2204 2134
2198 2134 2193
2119 2146 2145
2119 2145 2191
2204 2198 2191
2204 2191 2145
2194 2193 2134
2194 2134 2133
2138 2209 2210
2211 2152 2212
2209 2138 2137
2209 2137 2153
2211 2154 2152
2213 2214 2215
2213 2215 2216
2217 2218 2219
2217 2219 2220
2221 2222 2223
2217 2224 2184
2217 2184 2183
2211 2225 2167
2211 2167 2154
2184 2224 2226
2184 2226 2227
2214 2213 2228
2214 2228 2210
2229 2230 2215
2229 2215 2214
2207 2206 2228
2207 2228 2218
2231 2232 2233
2231 2233 2234
2153 2167 2225
2153 2225 2209
2221 2219 2235
2221 2235 2222
2220 2236 2232
2220 2232 2231
2224 2217 2220
2224 2220 2231
2220 2219 2221
2220 2221 2236
2237 2219 2213
2237 2213 2216
2228 2206 2138
2228 2138 2210
2219 2218 2228
2219 2228 2213
2234 2226 2224
2234 2224 2231
2183 2207 2218
2183 2218 2217
2181 2184 2227
2181 2227 2201
2183 2182 2207
2130 2138 2206
2232 2223 2233
2232 2236 2223
2236 2221 2223
2209 2225 2214
2209 2214 2210
2238 2235 2219
2238 2219 2237
2212 2229 2214
2212 2214 2211
2225 2211 2214
2239 2216 2215
2239 2215 2230
2239 2238 2237
2216 2239 2237
2240 2190 2199
2190 2189 2199
2189 2195 2199
2195 2189 2196
2195 2196 2193
2135 2200 2202
2135 2202 2132
2135 2205 2131
2135 2131 2200
2047 2241 2128
2047 2128 2075
2064 2242 2243
2064 2243 2203
2140 2139 2242
2140 2242 2244
2047 2046 2245
2047 2245 2241
2072 2075 2128
2147 2137 2136
2147 2136 2055
2200 2131 2182
2200 2182 2181
2245 2185 2141
2245 2141 2241
2241 2141 2056
2241 2056 2128
2129 2144 2136
2129 2136 2130
2244 2242 2064
2244 2064 2065
2242 2139 2208
2242 2208 2243
2100 2246 2026
2100 2026 2020
2093 2097 2246
2093 2246 2100
2114 2027 2026
2114 2026 2246
2095 2094 2110
2095 2110 2109
2024 2023 2083
2024 2083 2082
2084 2089 2102
2084 2102 2103
2031 2088 2083
2031 2083 2023
2097 2099 2114
2025 2091 2113
2025 2113 2029
2047 2075 2074
2047 2074 2048
2246 2097 2114
2113 2108 2110
2113 2110 2087
2114 2099 2101
2072 2055 2136
2072 2136 2144
2205 2129 2131
2182 2131 2130
2072 2128 2055
2247 2248 2249
2247 2249 2250
2251 2252 2253
2250 2249 2254
2250 2254 2255
2256 2251 2257
2256 2257 2258
2257 2259 2260
2257 2260 2258
2260 2259 2255
2260 2255 2254
2261 2262 2263
2261 2263 2264
2265 2266 2267
2265 2267 2268
2263 2269 2270
2263 2270 2264
2271 2272 2273
2271 2273 2274
2270 2269 2271
2270 2271 2274
2261 2267 2266
2261 2266 2262
2275 2276 2277
2253 2276 2275
2277 2278 2279
2279 2280 2281
2279 2281 2282
2283 2284 2285
2286 2287 2288
2286 2288 2289
2290 2291 2292
2290 2292 2293
2294 2291 2290
2294 2290 2295
2296 2297 2298
2296 2298 2299
2293 2292 2273
2293 2273 2272
2300 2301 2297
2300 2297 2296
2295 2299 2298
2295 2298 2294
2256 2252 2251
2252 2276 2253
2302 2303 2304
2305 2306 2307
2308 2309 2310
2311 2312 2313
2314 2315 2316
2317 2318 2319
2305 2311 2313
2306 2305 2313
2314 2308 2310
2315 2314 2310
2317 2314 2316
2318 2317 2316
2311 2317 2319
2312 2311 2319
2320 2305 2307
2321 2320 2307
2308 2302 2304
2309 2308 2304
2322 2323 2324
2322 2324 2325
2326 2327 2328
2326 2328 2329
2330 2331 2332
2330 2332 2333
2332 2334 2335
2332 2335 2333
2323 2336 2337
2323 2337 2324
2322 2325 2328
2322 2328 2327
2337 2336 2331
2337 2331 2330
2338 2339 2340
2338 2340 2341
2342 2338 2341
2342 2341 2343
2344 2345 2346
2344 2346 2347
2348 2349 2350
2348 2350 2351
2352 2350 2349
2352 2349 2353
2346 2340 2339
2346 2339 2347
2342 2343 2348
2342 2348 2351
2354 2355 2356
2354 2356 2357
2358 2359 2360
2358 2360 2361
2362 2363 2364
2362 2364 2365
2363 2366 2367
2363 2367 2364
2368 2357 2356
2368 2356 2369
2354 2361 2360
2354 2360 2355
2365 2368 2369
2365 2369 2362
2370 2371 2372
2370 2372 2373
2370 2373 2374
2370 2374 2375
2376 2377 2378
2376 2378 2379
2380 2381 2382
2380 2382 2383
2384 2381 2380
2384 2380 2385
2379 2378 2372
2379 2372 2371
2374 2383 2382
2374 2382 2375
2386 2387 2388
2386 2388 2389
2390 2391 2392
2387 2393 2394
2387 2394 2388
2395 2396 2397
2395 2397 2390
2397 2396 2398
2397 2398 2399
2398 2394 2393
2398 2393 2399
2400 2401 2402
2400 2402 2403
2404 2405 2406
2404 2406 2407
2402 2401 2408
2402 2408 2409
2410 2411 2412
2410 2412 2413
2408 2411 2410
2408 2410 2409
2400 2403 2407
2400 2407 2406
2414 2415 2416
2391 2414 2416
2415 2417 2418
2417 2419 2420
2417 2420 2421
2422 2423 2424
2424 2425 2426
2424 2426 2427
2428 2429 2430
2428 2430 2431
2432 2433 2428
2432 2428 2431
2434 2435 2436
2434 2436 2437
2429 2413 2412
2429 2412 2430
2438 2434 2437
2438 2437 2439
2433 2432 2436
2433 2436 2435
2395 2390 2392
2392 2391 2416
2440 2441 2442
2443 2444 2445
2446 2447 2448
2449 2450 2451
2452 2453 2454
2455 2456 2457
2443 2450 2449
2445 2450 2443
2452 2447 2446
2454 2447 2452
2455 2453 2452
2457 2453 2455
2449 2456 2455
2451 2456 2449
2458 2444 2443
2459 2444 2458
2446 2441 2440
2448 2441 2446
2460 2461 2462
2460 2462 2463
2464 2465 2466
2464 2466 2467
2468 2469 2470
2468 2470 2471
2470 2469 2472
2470 2472 2473
2463 2462 2474
2463 2474 2475
2460 2467 2466
2460 2466 2461
2474 2468 2471
2474 2471 2475
2476 2477 2478
2476 2478 2479
2480 2481 2477
2480 2477 2476
2482 2483 2484
2482 2484 2485
2486 2487 2488
2486 2488 2489
2490 2491 2489
2490 2489 2488
2484 2483 2479
2484 2479 2478
2480 2487 2486
2480 2486 2481
2492 2493 2494
2492 2494 2495
2496 2497 2498
2496 2498 2499
2500 2501 2502
2500 2502 2503
2503 2502 2504
2503 2504 2505
2506 2507 2494
2506 2494 2493
2492 2495 2498
2492 2498 2497
2501 2500 2507
2501 2507 2506
2508 2509 2510
2508 2510 2511
2508 2512 2513
2508 2513 2509
2514 2515 2516
2514 2516 2517
2518 2519 2520
2518 2520 2521
2522 2523 2518
2522 2518 2521
2515 2511 2510
2515 2510 2516
2513 2512 2520
2513 2520 2519
2524 2525 2526
2527 2528 2529
2530 2524 2531
2532 2533 2534
2526 2525 2534
2526 2534 2533
2535 2536 2537
2524 2530 2538
2539 2540 2529
2539 2529 2528
2530 2541 2542
2530 2542 2538
2543 2544 2545
2546 2547 2544
2546 2544 2543
2548 2549 2547
2548 2547 2546
2527 2529 2550
2551 2541 2552
2553 2546 2554
2535 2530 2531
2541 2530 2535
2544 2555 2556
2547 2557 2555
2557 2547 2549
2557 2549 2558
2525 2524 2538
2544 2547 2555
2545 2544 2556
2559 2543 2545
2560 2561 2562
2563 2564 2565
2566 2567 2560
2568 2569 2570
2570 2562 2561
2570 2561 2568
2571 2572 2567
2571 2567 2573
2560 2574 2566
2575 2576 2577
2564 2578 2579
2564 2579 2565
2580 2566 2574
2581 2582 2583
2583 2584 2585
2583 2585 2581
2584 2549 2548
2584 2548 2585
2586 2587 2588
2573 2567 2566
2577 2573 2566
2583 2589 2590
2591 2588 2563
2584 2590 2592
2549 2584 2592
2549 2592 2558
2562 2574 2560
2583 2590 2584
2582 2589 2583
2593 2594 2545
2559 2595 2543
2596 2597 2553
2537 2536 2598
2599 2600 2572
2599 2572 2571
2601 2541 2535
2602 2603 2551
2604 2605 2581
2605 2606 2581
2606 2607 2582
2556 2593 2545
2527 2550 2608
2540 2603 2529
2529 2603 2609
2529 2609 2550
2545 2594 2559
2610 2536 2611
2595 2546 2543
2598 2536 2610
2596 2553 2554
2573 2612 2571
2573 2576 2612
2604 2553 2613
2613 2553 2597
2604 2585 2553
2614 2577 2580
2582 2615 2589
2582 2607 2615
2587 2578 2564
2581 2606 2582
2577 2576 2573
2571 2612 2616
2553 2585 2548
2604 2581 2585
2587 2614 2578
2535 2537 2601
2552 2602 2551
2542 2541 2551
2552 2541 2601
2531 2536 2535
2575 2577 2614
2577 2566 2580
2587 2575 2614
2563 2588 2564
2599 2571 2616
2599 2616 2617
2548 2546 2553
2554 2546 2595
2551 2603 2540
2588 2587 2564
2595 2601 2554
2559 2602 2552
2559 2552 2595
2601 2537 2554
2618 2619 2608
2618 2608 2550
2594 2593 2609
2598 2610 2597
2559 2594 2603
2605 2604 2612
2605 2612 2576
2600 2599 2620
2616 2612 2604
2616 2604 2613
2576 2575 2606
2576 2606 2605
2575 2587 2607
2575 2607 2606
2607 2587 2586
2607 2586 2615
2586 2588 2621
2586 2621 2615
2621 2588 2591
2621 2591 2622
2603 2594 2609
2599 2610 2620
2620 2610 2611
2617 2610 2599
2554 2537 2596
2595 2552 2601
2609 2593 2618
2609 2618 2550
2603 2602 2559
2616 2613 2597
2616 2597 2617
2597 2610 2617
2596 2537 2598
2596 2598 2597
2423 2422 2623
2286 2284 2287
2285 2284 2286
2422 2424 2427
1595 1598 2624
1595 2624 2625
2626 2627 2628
2626 2628 2629
2630 2631 2627
2632 2633 2634
2632 2634 2635
2631 2628 2627
2636 2637 2638
2636 2638 2639
2640 2638 2637
2640 2637 2630
2641 2628 2631
2642 2643 2632
2644 2629 2645
2627 2626 2646
2627 2646 2647
2630 2647 2640
2626 2644 2648
2646 2648 2649
2630 2637 2650
2630 2650 2631
2636 2651 2650
2639 2638 2635
2639 2635 2634
2650 2641 2631
2652 2653 2654
2655 2656 2657
2653 2658 2654
2658 2656 2655
2658 2655 2654
1598 1644 2659
1598 2659 2624
2660 2661 2651
1642 2660 2662
1642 2662 1643
2659 1644 1643
2659 1643 2662
2647 2663 2640
2638 2640 2664
2638 2664 2635
2663 2647 2652
2647 2646 2652
2663 2664 2640
2635 2642 2632
2627 2647 2630
2626 2629 2644
2626 2648 2646
2646 2649 2653
2646 2653 2652
2649 2658 2653
2635 2664 2642
2661 2650 2651
2625 2624 2634
2625 2634 2633
2634 2624 2659
2634 2659 2639
2639 2659 2662
2639 2662 2636
2660 2651 2636
1645 2661 2660
1645 2660 1642
2665 2666 2661
2665 2661 1645
2666 2641 2650
2637 2636 2650
2650 2661 2666
2662 2660 2636
1923 2667 2668
1923 2668 1927
2669 2670 2671
2669 2671 2672
2673 2672 2674
2675 2676 2677
2675 2677 2678
2674 2672 2671
2679 2680 2681
2679 2681 2682
2683 2673 2682
2683 2682 2681
2684 2674 2671
2685 2675 2686
2687 2688 2670
2672 2689 2690
2672 2690 2669
2673 2683 2689
2669 2691 2687
2690 2692 2691
2673 2674 2693
2673 2693 2682
2679 2693 2694
2680 2677 2676
2680 2676 2681
2693 2674 2684
2695 2696 2697
2698 2699 2700
2697 2696 2701
2701 2696 2698
2701 2698 2700
1927 2668 2702
1927 2702 1972
2703 2694 2704
1970 1971 2705
1970 2705 2703
2702 2705 1971
2702 1971 1972
2689 2683 2706
2681 2676 2707
2681 2707 2683
2706 2695 2689
2689 2695 2690
2706 2683 2707
2676 2675 2685
2672 2673 2689
2669 2687 2670
2669 2690 2691
2690 2697 2692
2690 2695 2697
2692 2697 2701
2676 2685 2707
2704 2694 2693
2667 2678 2677
2667 2677 2668
2677 2680 2702
2677 2702 2668
2680 2679 2705
2680 2705 2702
2703 2679 2694
1973 1970 2703
1973 2703 2704
2708 1973 2704
2708 2704 2709
2709 2693 2684
2682 2693 2679
2693 2709 2704
2705 2679 2703
2277 2276 2278
2279 2278 2280
2416 2415 2418
2418 2417 2421
2710 2711 2712
2710 2712 2713
2714 2711 2715
2714 2715 2716
2717 2718 2719
2720 2721 2722
2720 2722 2716
2716 2722 2723
2716 2723 2714
2724 2723 2722
2725 2714 2723
2725 2723 2726
2727 2726 2728
2726 2727 2729
2726 2729 2725
2725 2729 2713
2725 2713 2712
2712 2711 2714
2712 2714 2725
2715 2730 2720
2715 2720 2716
2730 2715 2711
2730 2711 2710
2731 2723 2732
2733 2727 2728
2722 2721 2718
2734 2723 2731
2726 2735 2736
2728 2726 2736
2724 2737 2738
2724 2722 2718
2735 2726 2723
2735 2723 2734
2718 2717 2739
2724 2718 2739
2724 2739 2737
2724 2738 2732
2723 2724 2732
2736 2735 2740
2736 2740 2741
2741 2742 2728
2741 2728 2736
2731 2743 2744
2731 2744 2734
2728 2742 2745
2728 2745 2733
2746 2747 2732
2746 2732 2738
2739 2717 2748
2739 2748 2749
2746 2738 2737
2746 2737 2750
2735 2734 2744
2735 2744 2740
2751 2739 2749
2751 2750 2737
2751 2737 2739
2743 2731 2732
2743 2732 2747
2752 2753 2754
2752 2754 2755
2756 2757 2758
2756 2758 2755
2759 2760 2761
2762 2757 2763
2762 2763 2764
2757 2756 2765
2757 2765 2763
2766 2763 2765
2767 2768 2765
2767 2765 2756
2769 2770 2768
2768 2767 2771
2768 2771 2769
2767 2754 2753
2767 2753 2771
2754 2767 2756
2754 2756 2755
2758 2757 2762
2758 2762 2772
2772 2752 2755
2772 2755 2758
2773 2774 2765
2775 2770 2769
2763 2761 2764
2776 2773 2765
2768 2777 2778
2770 2777 2768
2766 2779 2780
2766 2761 2763
2778 2776 2765
2778 2765 2768
2761 2781 2759
2766 2781 2761
2766 2780 2781
2766 2774 2779
2765 2774 2766
2777 2782 2783
2777 2783 2778
2782 2777 2770
2782 2770 2784
2773 2776 2785
2773 2785 2786
2770 2775 2787
2770 2787 2784
2788 2779 2774
2788 2774 2789
2781 2790 2791
2781 2791 2759
2788 2792 2780
2788 2780 2779
2778 2783 2785
2778 2785 2776
2793 2790 2781
2793 2781 2780
2793 2780 2792
2786 2789 2774
2786 2774 2773
2794 2748 2717
2794 2717 2719
2795 2760 2759
2795 2759 2791
2796 2797 2798
2796 2798 2799
2800 2801 2802
2800 2802 2803
2804 2805 2803
2804 2803 2802
2806 2807 2808
2806 2808 2809
2800 2810 2811
2800 2811 2801
2812 2811 2810
2813 2808 2807
2813 2807 2814
2796 2799 2813
2796 2813 2814
2815 2816 2817
2815 2817 2818
2819 2815 2818
2819 2818 2820
2817 2816 2821
2817 2821 2822
2821 2798 2797
2821 2797 2822
2823 2824 2825
2826 2827 2828
2826 2828 2829
2830 2831 2827
2830 2827 2826
2830 2824 2823
2830 2823 2831
2832 2833 2834
2835 2836 2837
2835 2838 2839
2835 2839 2840
2841 2842 2843
2841 2843 2844
2842 2840 2839
2842 2839 2843
2845 2832 2834
2835 2846 2847
2848 2832 2849
2846 2835 2840
2850 2842 2851
2836 2835 2852
2849 2832 2845
2853 2835 2847
2851 2841 2848
2832 2841 2844
2832 2844 2854
2842 2841 2851
2855 2846 2840
2842 2855 2840
2850 2855 2842
2852 2835 2853
2841 2832 2848
2856 2857 2858
2856 2858 2859
2860 2856 2859
2860 2859 2861
2862 2858 2857
2862 2857 2863
2863 2864 2865
2863 2865 2862
2866 2867 2868
2866 2868 2869
2870 2871 2872
2870 2872 2873
2874 2860 2861
2874 2861 2875
2876 2877 2878
2876 2878 2879
2880 2881 2882
2880 2882 2883
2877 2876 2871
2877 2871 2870
2881 2880 2866
2881 2866 2869
2864 2873 2872
2864 2872 2865
2874 2875 2883
2874 2883 2882
2854 2833 2832
2835 2837 2838
2884 2885 2886
2887 2888 2889
2887 2890 2891
2887 2891 2892
2893 2894 2895
2893 2895 2896
2894 2893 2891
2894 2891 2890
2897 2885 2884
2887 2898 2899
2900 2901 2884
2899 2890 2887
2902 2903 2894
2889 2904 2887
2901 2897 2884
2905 2898 2887
2903 2900 2895
2884 2906 2896
2884 2896 2895
2894 2903 2895
2907 2890 2899
2894 2890 2907
2902 2894 2907
2904 2905 2887
2895 2900 2884
2908 2909 2910
2908 2910 2911
2909 2908 2912
2909 2912 2913
2914 2915 2911
2914 2911 2910
2916 2917 2915
2916 2915 2914
2918 2919 2920
2918 2920 2921
2922 2923 2924
2922 2924 2925
2913 2912 2926
2913 2926 2927
2928 2929 2930
2928 2930 2931
2932 2933 2934
2932 2934 2935
2929 2924 2923
2929 2923 2930
2933 2921 2920
2933 2920 2934
2922 2925 2917
2922 2917 2916
2935 2927 2926
2935 2926 2932
2906 2884 2886
2887 2892 2888
2936 2937 2938
2937 2936 2939
2940 2941 2942
2940 2942 2943
2944 2945 2946
2944 2946 2947
2948 2949 2950
2948 2950 2951
2951 2950 2952
2951 2952 2953
2954 2955 2956
2954 2956 2957
2958 2959 2955
2958 2955 2954
2960 2961 2962
2960 2962 2963
2964 2954 2957
2964 2957 2965
2961 2960 2966
2961 2966 2967
2968 2965 2969
2970 2971 2972
2970 2972 2963
2973 2939 2974
2963 2972 2975
2963 2975 2960
2963 2962 2976
2963 2976 2970
2948 2946 2945
2948 2945 2949
2953 2977 2976
2953 2976 2951
2957 2956 2937
2957 2937 2973
2978 2964 2965
2978 2965 2979
2965 2957 2973
2965 2973 2969
2980 2978 2979
2980 2979 2981
2936 2982 2983
2936 2983 2984
2956 2985 2938
2956 2938 2937
2986 2975 2972
2986 2972 2987
2987 2972 2971
2987 2971 2988
2959 2989 2990
2959 2990 2955
2955 2990 2985
2955 2985 2956
2961 2946 2948
2961 2948 2962
2981 2979 2991
2992 2993 2968
2992 2968 2969
2948 2951 2976
2948 2976 2962
2947 2946 2961
2947 2961 2967
2994 2991 2940
2994 2940 2943
2993 2992 2995
2993 2995 2996
2984 2997 2939
2984 2939 2936
2997 2998 2974
2997 2974 2939
2970 2976 2977
2970 2977 2999
2999 3000 2971
2999 2971 2970
2988 2971 3000
2988 3000 3001
2967 3002 3003
2967 3003 2947
2975 2986 3004
2975 3004 3005
2958 3002 2967
2958 2967 2966
2960 2975 3005
2960 3005 2966
2944 2947 3003
2944 3003 3006
2978 2980 3006
2978 3006 3003
2954 2964 3002
2954 3002 2958
3002 2964 2978
3002 2978 3003
2989 2959 3005
2989 3005 3004
2966 3005 2959
2966 2959 2958
2940 2993 2996
2940 2996 2941
2993 2940 2991
2993 2991 2968
2979 2965 2968
2991 2979 2968
2994 2981 2991
2998 2995 2992
2998 2992 2974
2969 2973 2974
2992 2969 2974
2973 2937 2939
2982 2936 2938
3007 2938 3008
3008 3009 3007
3010 3011 3012
3010 3012 3013
3014 3015 3016
3014 3016 3017
3018 3019 3020
3018 3020 3021
3022 3023 3020
3022 3020 3019
3024 3025 3026
3024 3026 3027
3028 3024 3027
3028 3027 3029
3030 3031 3032
3030 3032 3033
3034 3035 3025
3034 3025 3024
3031 3036 3037
3031 3037 3032
3038 3039 3035
3040 3041 3042
3040 3042 3033
3043 3044 3009
3033 3032 3045
3033 3045 3040
3033 3042 3046
3033 3046 3030
3018 3021 3015
3018 3015 3014
3019 3046 3047
3019 3047 3022
3008 3026 3025
3008 3025 3043
3048 3049 3035
3048 3035 3034
3035 3039 3043
3035 3043 3025
3050 3051 3049
3050 3049 3048
2983 2982 3007
2983 3007 3052
3026 3008 2938
3026 2938 2985
2986 2987 3040
2986 3040 3045
3041 3040 2987
3041 2987 2988
2990 2989 3029
2990 3029 3027
3027 3026 2985
3027 2985 2990
3031 3030 3018
3031 3018 3014
3051 3053 3049
3038 3054 3055
3038 3055 3039
3046 3019 3018
3046 3018 3030
3017 3036 3031
3017 3031 3014
3010 3053 3056
3010 3056 3011
3057 3055 3054
3057 3054 3058
3052 3007 3009
3052 3009 3059
3044 3060 3059
3044 3059 3009
3061 3047 3046
3061 3046 3042
3061 3042 3041
3061 3041 3062
3062 3041 2988
3062 2988 3001
3063 3036 3017
3063 3017 3064
3004 2986 3045
3004 3045 3065
3036 3063 3028
3036 3028 3037
3032 3037 3065
3032 3065 3045
3016 3066 3064
3016 3064 3017
3066 3050 3048
3066 3048 3064
3024 3028 3063
3024 3063 3034
3063 3064 3048
3063 3048 3034
3065 3029 2989
3065 2989 3004
3029 3065 3037
3029 3037 3028
3010 3013 3058
3010 3058 3054
3053 3010 3054
3053 3054 3038
3049 3038 3035
3053 3038 3049
3056 3053 3051
3060 3044 3055
3060 3055 3057
3039 3044 3043
3055 3044 3039
3043 3009 3008
2982 2938 3007
3067 3068 3069
3067 3069 3070
3071 3072 3073
3074 3075 3076
3074 3076 3077
3078 3079 3080
3078 3080 3081
3082 3083 3084
3082 3084 3085
3086 3087 3088
3086 3088 3089
3090 3091 3092
3090 3092 3093
3094 3092 3095
3094 3095 3096
3097 3098 3099
3100 3101 3102
3100 3102 3103
3104 3095 3091
3105 3106 3107
3108 3109 3110
3111 3112 3113
3111 3113 3094
3114 3115 3116
3114 3116 3117
3118 3119 3120
3093 3121 3090
3122 3076 3075
3122 3075 3088
3123 3124 3125
3123 3125 3126
3127 3128 3129
3104 3091 3130
3104 3130 3131
3132 3133 3134
3132 3134 3135
3136 3137 3138
3136 3138 3139
3113 3140 3141
3113 3141 3142
3143 3144 3119
3143 3119 3145
3144 3146 3147
3144 3147 3148
3149 3150 3151
3151 3150 3152
3098 3153 3154
3098 3154 3155
3156 3157 3158
3156 3158 3159
3160 3161 3162
3160 3162 3163
3138 3137 3164
3138 3164 3165
3118 3166 3119
3127 3167 3168
3169 3170 3171
3172 3173 3162
3172 3162 3161
3111 3174 3081
3111 3081 3112
3175 3134 3107
3176 3177 3178
3176 3178 3179
3180 3181 3182
3183 3184 3132
3183 3132 3135
3151 3185 3186
3151 3186 3149
3187 3188 3131
3187 3131 3130
3124 3123 3189
3124 3189 3190
3191 3163 3136
3191 3136 3192
3193 3194 3195
3193 3195 3196
3197 3116 3198
3197 3198 3199
3200 3201 3202
3203 3204 3205
3203 3205 3206
3207 3068 3067
3086 3089 3208
3086 3208 3209
3170 3132 3184
3170 3184 3072
3210 3090 3121
3198 3211 3212
3198 3212 3199
3085 3213 3214
3130 3215 3193
3130 3193 3187
3164 3137 3162
3164 3162 3173
3216 3217 3218
3216 3218 3219
3216 3138 3165
3220 3172 3161
3220 3161 3102
3175 3207 3135
3175 3135 3134
3088 3087 3122
3202 3201 3221
3202 3221 3222
3223 3215 3090
3223 3090 3210
3208 3224 3209
3225 3226 3227
3228 3128 3127
3228 3127 3229
3103 3102 3161
3103 3161 3160
3230 3231 3232
3230 3232 3233
3234 3177 3235
3234 3235 3236
3237 3238 3239
3071 3240 3170
3109 3241 3242
3243 3093 3092
3243 3092 3244
3180 3182 3245
3246 3160 3163
3246 3163 3191
3112 3081 3080
3112 3080 3247
3248 3249 3250
3248 3250 3251
3252 3253 3254
3252 3254 3255
3256 3257 3077
3256 3077 3076
3258 3224 3259
3258 3259 3260
3261 3262 3067
3263 3264 3149
3263 3149 3186
3265 3231 3230
3148 3147 3266
3148 3266 3069
3267 3268 3099
3267 3099 3070
3263 3269 3270
3263 3270 3264
3256 3072 3184
3256 3184 3271
3097 3272 3153
3097 3153 3098
3102 3142 3141
3102 3141 3220
3149 3264 3273
3149 3273 3150
3274 3238 3205
3274 3205 3204
3225 3242 3241
3215 3130 3091
3215 3091 3090
3260 3259 3275
3181 3180 3276
3181 3276 3277
3278 3230 3233
3278 3233 3279
3155 3167 3129
3155 3129 3262
3208 3089 3280
3208 3280 3281
3282 3283 3284
3282 3284 3271
3169 3205 3238
3169 3238 3133
3159 3158 3285
3159 3285 3286
3287 3288 3289
3287 3289 3290
3135 3207 3262
3135 3262 3129
3129 3183 3135
3288 3287 3291
3288 3291 3292
3293 3294 3295
3085 3214 3296
3092 3094 3297
3092 3297 3244
3076 3122 3072
3076 3072 3256
3094 3113 3142
3094 3142 3297
3117 3116 3197
3249 3248 3298
3249 3298 3200
3231 3252 3255
3231 3255 3232
3299 3213 3300
3084 3300 3213
3068 3207 3175
3210 3121 3301
3210 3301 3302
3303 3139 3219
3303 3219 3218
3094 3096 3111
3255 3304 3305
3255 3305 3232
3306 3307 3096
3306 3096 3095
3251 3308 3309
3251 3309 3310
3118 3311 3312
3118 3312 3166
3120 3148 3069
3120 3069 3068
3099 3261 3067
3099 3067 3070
3120 3119 3144
3120 3144 3148
3092 3091 3095
3313 3100 3103
3313 3103 3314
3227 3226 3101
3227 3101 3100
3297 3101 3226
3140 3113 3112
3140 3112 3247
3128 3228 3283
3128 3283 3282
3315 3115 3114
3084 3316 3243
3084 3243 3300
3088 3075 3280
3088 3280 3089
3233 3232 3305
3317 3111 3096
3078 3176 3318
3078 3318 3079
3159 3319 3320
3159 3320 3156
3221 3321 3222
3152 3150 3273
3152 3273 3322
3279 3233 3305
3315 3323 3324
3315 3324 3115
3310 3325 3248
3310 3248 3251
3231 3265 3326
3231 3326 3252
3299 3300 3225
3299 3225 3241
3195 3277 3276
3195 3276 3196
3321 3308 3251
3321 3251 3250
3280 3327 3275
3280 3275 3281
3328 3329 3330
3328 3330 3307
3331 3124 3190
3331 3190 3332
3219 3139 3138
3219 3138 3216
3323 3312 3333
3323 3333 3324
3215 3223 3194
3215 3194 3193
3189 3239 3238
3189 3238 3274
3255 3254 3334
3255 3334 3304
3095 3104 3335
3095 3335 3306
3179 3336 3318
3290 3289 3126
3290 3126 3125
3245 3182 3188
3245 3188 3187
3118 3106 3337
3118 3337 3311
3155 3154 3168
3155 3168 3167
3081 3174 3235
3081 3235 3078
3292 3291 3331
3292 3331 3338
3339 3340 3341
3339 3341 3342
3285 3158 3157
3285 3157 3343
3075 3074 3327
3075 3327 3280
3100 3313 3344
3100 3344 3227
3345 3229 3127
3242 3227 3344
3242 3344 3346
3284 3257 3256
3284 3256 3271
3340 3339 3269
3340 3269 3263
3331 3332 3203
3331 3203 3338
3169 3133 3132
3169 3132 3170
3225 3244 3226
3347 3295 3109
3093 3348 3341
3093 3341 3121
3198 3324 3333
3198 3333 3211
3296 3214 3349
3296 3349 3350
3291 3287 3290
3291 3290 3125
3107 3106 3175
3171 3206 3205
3171 3205 3169
3268 3097 3099
3244 3297 3226
3351 3342 3341
3351 3341 3348
3105 3212 3337
3105 3337 3106
3237 3352 3353
3237 3353 3107
3235 3174 3354
3235 3354 3236
3245 3196 3276
3245 3276 3180
3124 3331 3291
3124 3291 3125
3179 3318 3176
3340 3301 3121
3340 3121 3341
3328 3286 3355
3328 3355 3329
3177 3176 3078
3177 3078 3235
3301 3340 3263
3301 3263 3186
3301 3186 3185
3301 3185 3302
3139 3303 3192
3139 3192 3136
3286 3328 3319
3286 3319 3159
3306 3319 3328
3306 3328 3307
3353 3356 3105
3353 3105 3107
3083 3357 3316
3083 3316 3084
3249 3202 3222
3249 3222 3250
3145 3119 3166
3145 3166 3358
3356 3253 3252
3356 3252 3326
3294 3214 3213
3069 3266 3267
3069 3267 3070
3115 3324 3198
3115 3198 3116
3359 3360 3114
3359 3114 3117
3261 3098 3155
3261 3155 3262
3238 3237 3134
3238 3134 3133
3298 3248 3325
3298 3325 3358
3163 3162 3137
3163 3137 3136
3196 3245 3187
3196 3187 3193
3183 3129 3128
3183 3128 3282
3295 3299 3241
3098 3261 3099
3109 3242 3346
3142 3102 3101
3142 3101 3297
3259 3224 3208
3259 3208 3281
3348 3093 3243
3348 3243 3316
3179 3178 3361
3179 3361 3336
3354 3174 3111
3354 3111 3317
3106 3118 3175
3160 3246 3314
3160 3314 3103
3330 3317 3096
3330 3096 3307
3352 3237 3239
3352 3239 3334
3306 3335 3320
3306 3320 3319
3282 3271 3184
3282 3184 3183
3243 3244 3225
3243 3225 3300
3348 3316 3357
3348 3357 3351
3234 3361 3178
3273 3264 3270
3273 3270 3322
3343 3355 3286
3343 3286 3285
3143 3310 3309
3325 3145 3358
3211 3337 3212
3311 3333 3312
3254 3352 3334
3353 3253 3356
3332 3204 3203
3274 3190 3189
3143 3145 3325
3143 3325 3310
3204 3332 3190
3204 3190 3274
3253 3353 3352
3253 3352 3254
3211 3333 3311
3211 3311 3337
3143 3309 3146
3143 3146 3144
3249 3200 3202
3359 3117 3197
3360 3315 3114
3082 3085 3296
3237 3107 3134
3175 3118 3120
3262 3207 3067
3120 3068 3175
3345 3127 3168
3345 3362 3229
3214 3294 3293
3214 3293 3349
3294 3213 3299
3108 3363 3109
3363 3347 3109
3347 3293 3295
3295 3294 3299
3109 3295 3241
3110 3109 3346
3167 3127 3129
3242 3225 3227
3085 3084 3213
3209 3224 3258
3275 3259 3281
3234 3178 3177
3222 3321 3250
3265 3230 3278
3216 3165 3217
3171 3170 3240
3071 3170 3072
3073 3072 3122
3122 3087 3073
3364 3365 3366
3366 3367 3364
3368 3369 3370
3368 3370 3371
3372 3373 3374
3372 3374 3375
3376 3377 3378
3376 3378 3379
3377 3380 3381
3377 3381 3378
3382 3383 3384
3382 3384 3385
3386 3382 3385
3386 3385 3387
3388 3389 3390
3388 3390 3391
3392 3393 3383
3392 3383 3382
3391 3394 3395
3391 3395 3388
3396 3397 3393
3398 3389 3399
3398 3399 3400
3401 3402 3367
3389 3388 3403
3389 3403 3399
3389 3398 3404
3389 3404 3390
3376 3379 3375
3376 3375 3374
3380 3377 3404
3380 3404 3405
3383 3401 3366
3383 3366 3384
3406 3407 3393
3406 3393 3392
3393 3397 3401
3393 3401 3383
3408 3409 3407
3408 3407 3406
3364 3410 3411
3364 3411 3412
3384 3366 3365
3384 3365 3413
3414 3415 3399
3414 3399 3403
3415 3416 3400
3415 3400 3399
3387 3385 3417
3387 3417 3418
3385 3384 3413
3385 3413 3417
3391 3390 3376
3391 3376 3374
3409 3419 3407
3420 3397 3396
3420 3396 3421
3376 3390 3404
3376 3404 3377
3373 3394 3391
3373 3391 3374
3422 3369 3368
3422 3368 3419
3421 3423 3424
3421 3424 3420
3410 3364 3367
3410 3367 3425
3425 3367 3402
3425 3402 3426
3398 3427 3405
3398 3405 3404
3427 3398 3400
3427 3400 3428
3416 3429 3428
3416 3428 3400
3394 3373 3430
3394 3430 3431
3403 3432 3433
3403 3433 3414
3386 3395 3394
3386 3394 3431
3388 3395 3432
3388 3432 3403
3372 3434 3430
3372 3430 3373
3406 3430 3434
3406 3434 3408
3382 3386 3431
3382 3431 3392
3431 3430 3406
3431 3406 3392
3418 3433 3432
3418 3432 3387
3395 3386 3387
3395 3387 3432
3368 3371 3423
3368 3423 3421
3421 3396 3419
3421 3419 3368
3407 3396 3393
3419 3396 3407
3422 3419 3409
3426 3402 3420
3426 3420 3424
3397 3402 3401
3420 3402 3397
3401 3367 3366
3412 3365 3364
3435 3436 3365
3436 3435 3437
3438 3439 3440
3438 3440 3441
3442 3443 3444
3442 3444 3445
3446 3447 3448
3446 3448 3449
3450 3449 3448
3450 3448 3451
3452 3453 3454
3452 3454 3455
3456 3457 3453
3456 3453 3452
3458 3459 3460
3458 3460 3461
3462 3452 3455
3462 3455 3463
3461 3460 3464
3461 3464 3465
3466 3463 3467
3468 3459 3469
3468 3469 3470
3471 3437 3472
3459 3468 3473
3459 3473 3460
3459 3458 3474
3459 3474 3469
3446 3442 3445
3446 3445 3447
3449 3450 3475
3449 3475 3474
3436 3471 3455
3436 3455 3454
3476 3462 3463
3476 3463 3477
3463 3455 3471
3463 3471 3467
3478 3476 3477
3478 3477 3479
3411 3480 3435
3411 3435 3412
3454 3413 3365
3454 3365 3436
3414 3473 3468
3414 3468 3415
3470 3416 3415
3470 3415 3468
3417 3453 3457
3417 3457 3418
3453 3417 3413
3453 3413 3454
3461 3442 3446
3461 3446 3458
3479 3477 3481
3466 3467 3482
3466 3482 3483
3474 3458 3446
3474 3446 3449
3443 3442 3461
3443 3461 3465
3438 3441 3484
3438 3484 3481
3485 3486 3483
3485 3483 3482
3480 3487 3437
3480 3437 3435
3472 3437 3487
3472 3487 3488
3489 3469 3474
3489 3474 3475
3489 3490 3470
3489 3470 3469
3490 3429 3416
3490 3416 3470
3491 3492 3443
3491 3443 3465
3433 3493 3473
3433 3473 3414
3465 3464 3456
3465 3456 3491
3460 3473 3493
3460 3493 3464
3444 3443 3492
3444 3492 3494
3494 3492 3476
3494 3476 3478
3452 3462 3491
3452 3491 3456
3491 3462 3476
3491 3476 3492
3493 3433 3418
3493 3418 3457
3457 3456 3464
3457 3464 3493
3438 3483 3486
3438 3486 3439
3481 3466 3483
3481 3483 3438
3477 3463 3466
3481 3477 3466
3484 3479 3481
3488 3485 3482
3488 3482 3472
3467 3471 3472
3482 3467 3472
3471 3436 3437
3412 3435 3365
3495 3496 3497
3495 3497 3498
3499 3500 3501
3502 3503 3504
3502 3504 3505
3506 3507 3508
3506 3508 3509
3510 3511 3512
3510 3512 3513
3514 3515 3516
3514 3516 3517
3518 3519 3520
3518 3520 3521
3522 3523 3524
3522 3524 3520
3525 3526 3527
3528 3529 3530
3528 3530 3531
3532 3521 3524
3533 3534 3535
3536 3537 3538
3539 3522 3540
3539 3540 3541
3542 3543 3544
3542 3544 3545
3546 3547 3548
3519 3518 3549
3550 3516 3505
3550 3505 3504
3551 3552 3553
3551 3553 3554
3555 3556 3557
3532 3558 3559
3532 3559 3521
3560 3561 3562
3560 3562 3563
3564 3565 3566
3564 3566 3567
3540 3568 3569
3540 3569 3570
3571 3572 3548
3571 3548 3573
3573 3574 3575
3573 3575 3576
3577 3578 3579
3578 3580 3579
3527 3581 3582
3527 3582 3583
3584 3585 3586
3584 3586 3587
3588 3589 3590
3588 3590 3591
3566 3592 3593
3566 3593 3567
3546 3548 3594
3555 3595 3596
3597 3598 3599
3600 3591 3590
3600 3590 3601
3539 3541 3507
3539 3507 3602
3603 3534 3562
3604 3605 3606
3604 3606 3607
3608 3609 3610
3611 3561 3560
3611 3560 3612
3578 3577 3613
3578 3613 3614
3615 3559 3558
3615 3558 3616
3554 3617 3618
3554 3618 3551
3619 3620 3564
3619 3564 3589
3621 3622 3623
3621 3623 3624
3625 3626 3627
3625 3627 3544
3628 3629 3630
3631 3632 3633
3631 3633 3634
3635 3495 3498
3514 3636 3637
3514 3637 3515
3599 3501 3612
3599 3612 3560
3638 3549 3518
3627 3626 3639
3627 3639 3640
3511 3641 3642
3559 3615 3621
3559 3621 3643
3593 3601 3590
3593 3590 3567
3644 3645 3646
3644 3646 3647
3644 3592 3566
3648 3530 3591
3648 3591 3600
3603 3562 3561
3603 3561 3635
3516 3550 3517
3629 3649 3650
3629 3650 3630
3651 3638 3518
3651 3518 3643
3637 3636 3652
3653 3654 3655
3656 3657 3555
3656 3555 3557
3529 3588 3591
3529 3591 3530
3658 3659 3660
3658 3660 3661
3662 3663 3664
3662 3664 3607
3665 3666 3667
3499 3599 3668
3538 3669 3670
3671 3672 3520
3671 3520 3519
3608 3673 3609
3674 3619 3589
3674 3589 3588
3541 3675 3508
3541 3508 3507
3676 3677 3678
3676 3678 3679
3680 3681 3682
3680 3682 3683
3684 3504 3503
3684 3503 3685
3686 3687 3688
3686 3688 3652
3689 3495 3690
3691 3613 3577
3691 3577 3692
3693 3658 3661
3574 3497 3694
3574 3694 3575
3695 3496 3526
3695 3526 3696
3691 3692 3697
3691 3697 3698
3684 3699 3612
3684 3612 3501
3525 3527 3583
3525 3583 3700
3530 3648 3569
3530 3569 3568
3577 3579 3701
3577 3701 3692
3702 3634 3633
3702 3633 3667
3653 3670 3669
3643 3518 3521
3643 3521 3559
3687 3703 3688
3610 3704 3705
3610 3705 3608
3706 3707 3659
3706 3659 3658
3581 3690 3556
3581 3556 3596
3637 3708 3709
3637 3709 3515
3710 3699 3711
3710 3711 3712
3597 3563 3667
3597 3667 3633
3585 3713 3714
3585 3714 3586
3715 3716 3717
3715 3717 3718
3561 3556 3690
3561 3690 3635
3556 3561 3611
3718 3719 3720
3718 3720 3715
3721 3722 3723
3511 3724 3641
3520 3672 3725
3520 3725 3522
3504 3684 3501
3504 3501 3550
3522 3725 3568
3522 3568 3540
3543 3625 3544
3679 3628 3726
3679 3726 3676
3661 3660 3681
3661 3681 3680
3727 3728 3642
3512 3642 3728
3498 3603 3635
3638 3729 3730
3638 3730 3549
3731 3646 3645
3731 3645 3565
3522 3539 3523
3681 3660 3732
3681 3732 3733
3734 3524 3523
3734 3523 3735
3677 3736 3737
3677 3737 3738
3546 3594 3739
3546 3739 3740
3547 3498 3497
3547 3497 3574
3526 3496 3495
3526 3495 3689
3547 3574 3573
3547 3573 3548
3520 3524 3521
3741 3742 3529
3741 3529 3528
3654 3528 3531
3654 3531 3655
3725 3655 3531
3570 3675 3541
3570 3541 3540
3557 3710 3712
3557 3712 3656
3743 3542 3545
3512 3728 3671
3512 3671 3744
3516 3515 3709
3516 3709 3505
3659 3732 3660
3745 3523 3539
3506 3509 3746
3506 3746 3604
3585 3584 3747
3585 3747 3748
3650 3649 3749
3580 3750 3701
3580 3701 3579
3707 3732 3659
3743 3545 3751
3743 3751 3752
3736 3677 3676
3736 3676 3753
3661 3680 3754
3661 3754 3693
3727 3670 3653
3727 3653 3728
3623 3622 3705
3623 3705 3704
3749 3678 3677
3749 3677 3738
3709 3708 3703
3709 3703 3755
3756 3735 3757
3756 3757 3758
3759 3760 3617
3759 3617 3554
3645 3644 3566
3645 3566 3565
3752 3751 3761
3752 3761 3739
3643 3621 3624
3643 3624 3651
3618 3702 3667
3618 3667 3666
3681 3733 3762
3681 3762 3682
3524 3734 3763
3524 3763 3532
3605 3746 3764
3716 3553 3552
3716 3552 3717
3673 3615 3616
3673 3616 3609
3546 3740 3765
3546 3765 3535
3581 3596 3595
3581 3595 3582
3507 3506 3664
3507 3664 3602
3719 3766 3759
3719 3759 3720
3767 3768 3769
3767 3769 3770
3714 3771 3587
3714 3587 3586
3505 3709 3755
3505 3755 3502
3528 3654 3772
3528 3772 3741
3773 3555 3657
3669 3774 3772
3669 3772 3654
3711 3699 3684
3711 3684 3685
3770 3691 3698
3770 3698 3767
3759 3766 3631
3759 3631 3760
3597 3599 3560
3597 3560 3563
3653 3655 3672
3775 3538 3722
3519 3549 3769
3519 3769 3776
3627 3640 3761
3627 3761 3751
3724 3777 3778
3724 3778 3641
3720 3553 3716
3720 3716 3715
3534 3603 3535
3598 3597 3633
3598 3633 3632
3696 3526 3525
3672 3655 3725
3779 3776 3769
3779 3769 3768
3533 3535 3765
3533 3765 3639
3665 3534 3780
3665 3780 3781
3664 3663 3782
3664 3782 3602
3673 3608 3705
3673 3705 3622
3554 3553 3720
3554 3720 3759
3605 3604 3746
3770 3769 3549
3770 3549 3730
3756 3758 3783
3756 3783 3713
3607 3664 3506
3607 3506 3604
3730 3613 3691
3730 3691 3770
3730 3729 3614
3730 3614 3613
3565 3564 3620
3565 3620 3731
3713 3585 3748
3713 3748 3756
3734 3735 3756
3734 3756 3748
3780 3534 3533
3780 3533 3784
3513 3512 3744
3513 3744 3785
3679 3678 3649
3679 3649 3629
3572 3786 3594
3572 3594 3548
3784 3754 3680
3784 3680 3683
3723 3642 3641
3497 3496 3695
3497 3695 3694
3545 3544 3627
3545 3627 3751
3787 3543 3542
3787 3542 3788
3689 3690 3581
3689 3581 3527
3667 3563 3562
3667 3562 3665
3726 3786 3753
3726 3753 3676
3589 3564 3567
3589 3567 3590
3622 3621 3615
3622 3615 3673
3611 3710 3557
3611 3557 3556
3722 3670 3727
3527 3526 3689
3538 3774 3669
3568 3725 3531
3568 3531 3530
3688 3708 3637
3688 3637 3652
3776 3744 3671
3776 3671 3519
3605 3764 3789
3605 3789 3606
3782 3745 3539
3782 3539 3602
3535 3603 3546
3588 3529 3742
3588 3742 3674
3757 3735 3523
3757 3523 3745
3781 3762 3666
3781 3666 3665
3734 3748 3747
3734 3747 3763
3710 3611 3612
3710 3612 3699
3671 3728 3653
3671 3653 3672
3776 3779 3785
3776 3785 3744
3662 3606 3789
3701 3750 3697
3701 3697 3692
3771 3714 3713
3771 3713 3783
3571 3737 3736
3753 3786 3572
3640 3639 3765
3740 3739 3761
3682 3762 3781
3780 3784 3683
3760 3631 3634
3702 3618 3617
3571 3736 3753
3571 3753 3572
3634 3702 3617
3634 3617 3760
3683 3682 3781
3683 3781 3780
3640 3765 3740
3640 3740 3761
3571 3573 3576
3571 3576 3737
3679 3629 3628
3787 3625 3543
3788 3542 3743
3510 3724 3511
3665 3562 3534
3603 3547 3546
3690 3495 3635
3547 3603 3498
3773 3595 3555
3773 3657 3790
3641 3778 3721
3641 3721 3723
3723 3727 3642
3536 3538 3791
3791 3538 3775
3775 3722 3721
3722 3727 3723
3538 3670 3722
3537 3774 3538
3596 3556 3555
3669 3654 3653
3511 3642 3512
3636 3686 3652
3703 3708 3688
3662 3607 3606
3649 3678 3749
3693 3706 3658
3644 3647 3592
3598 3668 3599
3499 3501 3599
3500 3550 3501
3550 3500 3517
3792 3793 3794
3795 3796 3797
3795 3797 3798
3798 3797 3792
3799 3796 3795
3799 3795 3800
3801 3802 3803
3801 3803 3804
3805 3806 3807
3805 3807 3799
3808 3804 3803
3805 3799 3809
3806 3802 3807
3799 3800 3809
3810 3811 3812
3813 3814 3815
3813 3815 3816
3814 3810 3815
3817 3818 3813
3817 3813 3816
3819 3820 3821
3819 3821 3822
3823 3817 3824
3823 3824 3825
3826 3821 3820
3823 3827 3817
3825 3824 3822
3817 3827 3818
3828 3829 3830
3828 3830 3831
3832 3833 3828
3832 3828 3831
3833 3832 3834
3833 3834 3835
3835 3834 3836
3835 3836 3837
3838 3837 3836
3838 3836 3839
3840 3841 3842
3840 3842 3843
3844 3845 3843
3844 3843 3842
3844 3846 3847
3844 3847 3845
3847 3846 3848
3847 3848 3849
3848 3830 3829
3848 3829 3849
3850 3851 3852
3852 3851 3853
3852 3853 3854
3854 3853 3855
3854 3855 3856
3857 3858 3856
3857 3856 3855
3858 3857 3859
3860 3861 3862
3860 3862 3863
3864 3861 3860
3864 3860 3865
3865 3866 3867
3865 3867 3864
3866 3868 3869
3866 3869 3867
3870 3871 3869
3870 3869 3868
3872 3873 3874
3872 3874 3875
3876 3874 3873
3876 3873 3877
3876 3877 3878
3876 3878 3879
3878 3880 3881
3878 3881 3879
3881 3880 3863
3881 3863 3862
3882 3883 3884
3883 3885 3886
3883 3886 3884
3885 3887 3888
3885 3888 3886
3889 3888 3887
3889 3887 3890
3890 3891 3889
3892 3893 3894
3892 3894 3895
3896 3897 3898
3896 3898 3899
3900 3901 3897
3900 3897 3896
3901 3900 3902
3901 3902 3903
3903 3902 3904
3903 3904 3905
3905 3904 3906
3905 3906 3907
3908 3909 3910
3907 3906 3911
3907 3911 3912
3912 3911 3893
3912 3893 3892
3913 3908 3910
3913 3910 3914
3913 3914 3915
3913 3915 3916
3917 3916 3915
3918 3919 3920
3918 3920 3921
3922 3923 3924
3922 3924 3925
3926 3922 3925
3926 3925 3927
3927 3928 3929
3927 3929 3926
3928 3930 3931
3928 3931 3929
3930 3932 3933
3930 3933 3931
3934 3935 3936
3932 3937 3938
3932 3938 3933
3937 3918 3921
3937 3921 3938
3939 3940 3935
3939 3935 3934
3939 3941 3942
3939 3942 3940
3943 3942 3941
3944 3945 3946
3944 3946 3947
3948 3949 3944
3948 3944 3947
3949 3948 3950
3949 3950 3951
3951 3950 3952
3951 3952 3953
3954 3953 3952
3954 3952 3955
3956 3957 3958
3956 3958 3959
3960 3961 3959
3960 3959 3958
3960 3962 3963
3960 3963 3961
3963 3962 3964
3963 3964 3965
3964 3946 3945
3964 3945 3965
3966 3967 3968
3967 3969 3970
3967 3970 3968
3969 3971 3972
3969 3972 3970
3973 3972 3971
3973 3971 3974
3973 3974 3975
3976 3977 3978
3976 3978 3979
3980 3977 3976
3980 3976 3981
3981 3982 3983
3981 3983 3980
3982 3984 3985
3982 3985 3983
3986 3987 3985
3986 3985 3984
3988 3989 3990
3988 3990 3991
3992 3990 3989
3992 3989 3993
3992 3993 3994
3992 3994 3995
3994 3996 3997
3994 3997 3995
3997 3996 3979
3997 3979 3978
3998 3999 4000
4000 3999 4001
4000 4001 4002
4002 4001 4003
4002 4003 4004
4005 4006 4004
4005 4004 4003
4005 4007 4006
4008 4009 4010
4008 4010 4011
4012 4013 4014
4009 4015 4016
4009 4016 4010
4017 4018 4019
4017 4019 4020
4011 4012 4014
4011 4014 4008
4019 4021 4022
4019 4022 4020
4022 4021 4023
4022 4023 4024
4023 4025 4026
4023 4026 4024
4025 4027 4028
4025 4028 4026
4029 4030 4031
4029 4031 4032
4030 4029 4033
4030 4033 4034
4033 4035 4036
4033 4036 4034
4037 4036 4035
4037 4035 4038
4037 4038 4039
4037 4039 4040
4041 4042 4043
4041 4043 4044
4041 4044 4045
4041 4045 4046
4045 4047 4048
4045 4048 4046
4047 4049 4050
4047 4050 4048
4049 4051 4052
4049 4052 4050
4053 4054 4055
4053 4055 4056
4054 4053 4057
4054 4057 4058
4059 4058 4057
4059 4057 4060
4060 4061 4062
4060 4062 4059
4042 4062 4061
4042 4061 4043
4063 4064 4065
4063 4065 4066
4067 4068 4066
4067 4066 4065
4067 4069 4070
4067 4070 4068
4071 4070 4069
4071 4069 4072
4071 4072 4073
4071 4073 4074
4075 4076 4077
4075 4077 4078
4078 4079 4080
4078 4080 4075
4081 4080 4079
4081 4079 4082
4082 4083 4084
4082 4084 4081
4085 4084 4083
4085 4083 4086
4016 4015 4087
4088 4089 4090
4088 4090 4091
4092 4093 4094
4091 4090 4095
4091 4095 4096
4097 4098 4099
4097 4099 4100
4089 4088 4093
4089 4093 4092
4099 4098 4101
4099 4101 4102
4101 4103 4104
4101 4104 4102
4104 4103 4105
4104 4105 4106
4106 4105 4107
4106 4107 4108
4109 4110 4111
4109 4111 4112
4112 4113 4114
4112 4114 4109
4114 4113 4115
4114 4115 4116
4117 4118 4116
4117 4116 4115
4117 4119 4120
4117 4120 4118
4121 4122 4123
4121 4123 4124
4121 4125 4126
4121 4126 4122
4126 4125 4127
4126 4127 4128
4128 4127 4129
4128 4129 4130
4130 4129 4131
4130 4131 4132
4133 4134 4135
4133 4135 4136
4136 4137 4138
4136 4138 4133
4139 4140 4138
4139 4138 4137
4140 4139 4141
4140 4141 4142
4124 4123 4142
4124 4142 4141
4143 4144 4145
4143 4145 4146
4147 4145 4144
4147 4144 4148
4147 4148 4149
4147 4149 4150
4151 4152 4150
4151 4150 4149
4151 4153 4154
4151 4154 4152
4155 4156 4157
4155 4157 4158
4156 4155 4159
4156 4159 4160
4161 4162 4160
4161 4160 4159
4162 4161 4163
4162 4163 4164
4165 4166 4164
4165 4164 4163
4095 4167 4096
4168 4169 4170
4168 4170 4171
4172 4173 4174
4169 4175 4176
4169 4176 4170
4177 4178 4179
4177 4179 4180
4171 4172 4174
4171 4174 4168
4179 4181 4182
4179 4182 4180
4182 4181 4183
4182 4183 4184
4183 4185 4186
4183 4186 4184
4185 4187 4188
4185 4188 4186
4189 4190 4191
4189 4191 4192
4190 4189 4193
4190 4193 4194
4193 4195 4196
4193 4196 4194
4197 4196 4195
4197 4195 4198
4197 4198 4199
4197 4199 4200
4201 4202 4203
4201 4203 4204
4201 4204 4205
4201 4205 4206
4205 4207 4208
4205 4208 4206
4207 4209 4210
4207 4210 4208
4209 4211 4212
4209 4212 4210
4213 4214 4215
4213 4215 4216
4214 4213 4217
4214 4217 4218
4219 4218 4217
4219 4217 4220
4220 4221 4222
4220 4222 4219
4202 4222 4221
4202 4221 4203
4223 4224 4225
4223 4225 4226
4227 4228 4226
4227 4226 4225
4227 4229 4230
4227 4230 4228
4231 4230 4229
4231 4229 4232
4231 4232 4233
4231 4233 4234
4235 4236 4237
4235 4237 4238
4238 4239 4240
4238 4240 4235
4241 4240 4239
4241 4239 4242
4242 4243 4244
4242 4244 4241
4245 4244 4243
4245 4243 4246
4176 4175 4247
4248 4249 4250
4248 4250 4251
4252 4253 4254
4251 4250 4255
4251 4255 4256
4257 4258 4259
4257 4259 4260
4249 4248 4253
4249 4253 4252
4259 4258 4261
4259 4261 4262
4261 4263 4264
4261 4264 4262
4264 4263 4265
4264 4265 4266
4266 4265 4267
4266 4267 4268
4269 4270 4271
4269 4271 4272
4272 4273 4274
4272 4274 4269
4274 4273 4275
4274 4275 4276
4277 4278 4276
4277 4276 4275
4277 4279 4280
4277 4280 4278
4281 4282 4283
4281 4283 4284
4281 4285 4286
4281 4286 4282
4286 4285 4287
4286 4287 4288
4288 4287 4289
4288 4289 4290
4290 4289 4291
4290 4291 4292
4293 4294 4295
4293 4295 4296
4296 4297 4298
4296 4298 4293
4299 4300 4298
4299 4298 4297
4300 4299 4301
4300 4301 4302
4284 4283 4302
4284 4302 4301
4303 4304 4305
4303 4305 4306
4307 4305 4304
4307 4304 4308
4307 4308 4309
4307 4309 4310
4311 4312 4310
4311 4310 4309
4311 4313 4314
4311 4314 4312
4315 4316 4317
4315 4317 4318
4316 4315 4319
4316 4319 4320
4321 4322 4320
4321 4320 4319
4322 4321 4323
4322 4323 4324
4325 4326 4324
4325 4324 4323
4255 4327 4256
3807 3802 3801
3822 3824 3819
3815 3810 3812
3792 3797 3793
