byte offset: 0
first index: 0
index count: 7176
topology: trianglelist
format: DXGI_FORMAT_R16_UINT

0 1 2
3 4 5
6 7 8
9 10 11
10 12 11
13 9 14
9 11 14
15 16 17
2 1 18
1 17 18
12 10 19
1 20 17
10 9 21
21 9 22
22 13 23
13 24 23
15 17 25
17 26 25
27 28 29
28 30 29
31 32 33
32 34 33
35 31 36
31 33 36
37 38 28
38 30 28
39 40 41
40 32 41
41 32 31
42 43 44
43 27 44
27 43 28
26 17 20
45 46 4
46 5 4
10 7 19
7 6 19
7 10 47
10 21 47
34 32 48
32 40 48
44 27 49
27 29 49
5 50 1
50 20 1
1 0 5
0 3 5
51 8 52
8 7 52
52 7 53
7 47 53
48 40 54
40 55 54
56 55 39
55 40 39
57 58 44
58 42 44
57 44 59
44 49 59
50 5 60
5 46 60
43 37 28
35 41 31
59 49 60
49 50 60
49 29 50
29 20 50
29 30 20
30 26 20
61 25 30
25 26 30
36 33 23
33 22 23
33 34 22
34 21 22
34 48 21
48 47 21
48 54 47
54 53 47
62 63 24
22 9 13
64 65 66
67 68 69
70 71 72
73 74 75
74 76 75
75 76 77
76 78 77
79 80 81
79 66 82
66 65 82
73 83 74
66 79 84
74 85 76
85 86 76
87 78 88
78 86 88
89 79 90
79 91 90
92 93 94
93 95 94
96 97 98
97 99 98
100 101 96
101 97 96
102 93 103
93 92 103
98 104 105
104 106 105
105 96 98
107 108 109
108 95 109
95 93 109
89 84 79
110 69 111
69 68 111
70 72 83
72 74 83
72 112 74
112 85 74
104 98 113
98 99 113
94 95 114
95 108 114
84 115 66
115 68 66
66 68 64
68 67 64
116 117 71
117 72 71
117 118 72
118 112 72
119 104 120
104 113 120
104 119 106
119 121 106
107 122 108
122 123 108
114 108 124
108 123 124
111 68 125
68 115 125
78 126 127
82 80 79
109 93 102
100 96 105
115 114 125
114 124 125
84 94 115
94 114 115
89 92 84
92 94 84
103 92 90
92 89 90
101 88 97
88 86 97
97 86 99
86 85 99
99 85 113
85 112 113
113 112 120
112 118 120
86 78 76
18 17 128
91 79 81
17 16 128
129 130 131
130 132 131
130 133 132
133 134 132
133 135 134
135 136 134
135 137 136
137 138 136
137 139 138
139 140 138
140 139 141
139 142 141
143 144 145
144 146 145
147 145 148
145 146 148
149 150 151
150 152 151
153 152 154
152 150 154
154 155 153
155 156 153
155 157 156
157 158 156
157 159 158
159 160 158
159 161 160
161 162 160
163 164 165
164 166 165
165 166 167
166 168 167
167 168 169
168 170 169
169 170 171
170 172 171
171 172 173
172 174 173
175 173 176
173 174 176
177 178 179
178 180 179
179 181 177
177 181 182
183 184 181
184 182 181
185 186 187
186 188 187
189 190 188
190 187 188
190 189 191
189 192 191
191 192 193
192 194 193
193 194 195
194 196 195
195 196 197
196 198 197
199 200 201
200 202 201
203 204 205
204 206 205
204 207 206
207 202 206
206 202 208
202 200 208
208 200 209
200 210 209
211 208 212
208 209 212
208 211 206
211 205 206
213 211 214
211 212 214
211 213 205
213 215 205
216 215 217
215 213 217
217 213 218
213 214 218
218 214 219
214 220 219
221 220 212
220 214 212
219 220 222
220 223 222
224 223 221
223 220 221
225 226 227
226 216 227
227 216 228
216 217 228
229 218 230
218 219 230
226 231 216
231 215 216
231 203 215
203 205 215
209 210 232
210 233 232
232 221 209
221 212 209
221 232 224
232 234 224
232 233 234
233 235 234
235 236 237
236 238 237
237 239 235
239 234 235
234 239 224
239 240 224
233 241 235
241 236 235
241 233 242
233 210 242
200 199 210
199 242 210
243 222 244
222 223 244
223 224 244
224 240 244
222 243 245
243 246 245
245 230 222
230 219 222
247 248 249
248 250 249
251 252 253
252 254 253
255 256 254
256 253 254
257 250 258
250 248 258
259 260 261
260 262 261
261 247 259
247 249 259
254 263 255
263 264 255
264 263 265
263 266 265
265 260 264
260 259 264
259 249 264
249 255 264
265 266 267
266 268 267
265 269 260
260 269 262
269 270 262
271 272 273
272 274 273
274 272 275
272 276 275
277 278 279
278 280 279
281 273 280
273 279 280
273 281 271
281 282 271
283 277 284
277 279 284
284 279 274
279 273 274
275 285 274
285 284 274
285 286 284
286 283 284
285 275 287
275 288 287
287 289 285
289 286 285
289 290 286
290 291 286
291 266 292
266 263 292
263 254 292
254 252 292
266 291 268
291 290 268
293 294 258
294 257 258
280 295 281
295 296 281
252 251 277
251 278 277
286 291 283
291 292 283
292 252 283
252 277 283
203 231 247
231 248 247
258 248 226
248 231 226
261 262 204
262 207 204
204 203 261
203 247 261
297 207 270
207 262 270
293 258 225
258 226 225
298 299 300
299 301 300
302 303 304
303 305 304
306 307 308
309 310 311
310 312 311
313 314 315
314 316 315
317 318 319
318 320 319
321 322 323
322 317 323
320 324 319
325 321 326
321 323 326
322 327 317
327 318 317
328 229 325
229 321 325
307 306 329
306 330 329
331 330 332
330 306 332
333 334 335
334 336 335
337 338 339
338 340 339
308 341 342
343 344 345
344 346 345
347 348 312
348 349 312
316 350 351
352 350 314
353 354 340
353 355 356
355 357 356
358 359 360
359 361 360
362 363 364
363 365 364
366 282 296
282 281 296
228 367 227
367 368 227
369 370 225
370 293 225
322 321 245
321 230 245
314 371 352
293 370 294
370 372 294
294 372 373
372 333 373
373 374 294
374 257 294
278 375 280
375 295 280
375 278 376
278 251 376
376 251 377
251 253 377
253 256 377
256 378 377
374 379 257
379 378 257
380 381 374
381 379 374
382 383 384
383 385 384
384 385 386
385 387 386
374 373 380
373 388 380
385 389 387
389 390 387
227 368 225
368 369 225
391 392 393
392 394 393
394 392 395
392 396 395
395 396 397
396 398 397
397 398 399
398 400 399
377 378 401
378 379 401
401 393 377
393 376 377
376 393 375
393 394 375
375 394 295
394 395 295
295 395 296
395 397 296
296 397 366
397 399 366
402 403 302
403 303 302
404 405 406
405 407 406
408 409 410
409 411 410
412 413 305
413 304 305
406 407 316
407 315 316
300 301 408
301 409 408
344 343 414
343 415 414
343 307 415
307 329 415
416 344 417
344 414 417
344 416 346
416 418 346
419 352 420
352 371 420
352 419 350
419 421 350
403 404 303
303 406 305
412 406 316
351 422 412
422 413 412
332 390 331
390 389 331
423 424 425
424 426 425
427 423 428
423 425 428
429 427 430
427 428 430
431 429 432
429 430 432
432 433 431
433 434 431
435 434 436
434 433 436
435 436 437
436 438 437
437 438 439
438 440 439
441 439 442
439 440 442
443 336 444
336 334 444
444 334 424
334 426 424
321 229 230
256 250 378
250 257 378
249 250 255
250 256 255
207 297 202
297 201 202
445 332 342
342 446 445
350 421 351
421 422 351
360 361 357
361 356 357
319 447 317
447 323 317
336 443 448
443 449 448
335 336 450
336 448 450
388 335 451
335 450 451
380 388 383
388 451 383
452 384 453
384 386 453
453 454 452
454 455 452
456 455 457
455 454 457
458 457 459
459 460 458
460 461 458
460 462 461
462 463 461
384 452 382
452 464 382
452 455 464
455 465 464
455 456 465
456 466 465
456 458 466
458 467 466
468 467 461
467 458 461
469 468 463
468 461 463
381 380 382
380 383 382
470 381 464
381 382 464
391 470 465
470 464 465
392 391 466
391 465 466
396 392 467
392 466 467
398 396 468
396 467 468
400 398 469
398 468 469
373 333 388
333 335 388
401 379 470
379 381 470
470 391 401
391 393 401
417 414 471
414 472 471
414 415 472
415 473 472
449 473 329
473 415 329
329 330 449
330 448 449
450 448 331
448 330 331
451 450 389
450 331 389
383 451 385
451 389 385
327 322 246
322 245 246
474 326 447
299 313 301
313 315 301
301 315 409
315 407 409
409 407 411
407 405 411
354 475 476
475 477 476
354 476 339
420 371 477
371 476 477
476 314 339
339 314 337
314 313 337
337 313 478
313 299 478
479 478 298
478 299 298
480 481 311
481 482 311
364 359 362
359 358 362
483 484 347
484 348 347
447 319 485
325 436 328
436 433 328
432 367 433
367 328 433
430 368 432
368 367 432
369 368 428
368 430 428
370 369 425
369 428 425
370 425 372
425 426 372
372 426 333
426 334 333
367 228 328
228 229 328
228 217 229
217 218 229
316 351 412
486 487 483
487 484 483
488 440 474
474 440 326
440 438 326
326 438 325
438 436 325
307 343 308
343 345 308
345 489 308
345 346 489
346 490 489
346 418 490
418 491 490
418 482 491
482 481 491
310 309 362
309 363 362
362 358 310
358 492 310
493 494 495
494 496 495
495 496 486
496 487 486
478 479 497
479 498 497
494 493 498
493 497 498
480 311 349
311 312 349
338 337 497
337 478 497
338 497 499
497 493 499
499 493 500
493 495 500
500 495 501
495 486 501
501 486 502
486 483 502
502 483 492
483 347 492
492 347 310
347 312 310
338 499 340
340 499 355
499 500 355
355 500 357
500 501 357
357 501 360
501 502 360
360 502 358
502 492 358
475 354 356
354 353 356
340 355 353
503 504 505
504 506 505
507 508 509
510 511 435
511 434 435
512 422 513
422 421 513
304 514 302
514 515 302
516 517 504
517 506 504
518 516 519
516 504 519
520 521 519
521 522 519
523 424 524
423 427 525
427 526 525
429 431 527
431 528 527
529 444 523
530 531 532
531 533 532
522 439 534
439 441 534
503 520 504
520 519 504
535 520 536
520 503 536
537 538 539
538 540 539
541 542 543
542 544 543
514 304 545
304 413 545
536 503 546
503 505 546
547 509 548
549 550 551
550 552 551
419 553 421
553 513 421
361 359 554
359 555 554
553 419 556
419 420 556
548 549 557
549 551 557
558 559 560
559 561 560
562 544 563
544 542 563
527 526 429
526 427 429
564 402 515
402 302 515
431 434 528
434 511 528
565 566 567
566 568 567
545 413 512
413 422 512
532 533 472
533 471 472
569 570 571
570 572 571
571 572 573
572 574 573
575 576 574
576 573 574
577 578 579
514 578 515
578 580 515
581 564 580
564 515 580
443 529 449
529 473 449
529 532 473
532 472 473
582 554 583
554 555 583
475 554 477
554 582 477
584 555 585
586 569 583
477 582 420
582 556 420
587 588 589
588 590 589
531 591 533
591 592 533
580 506 581
506 517 581
578 577 505
577 546 505
578 505 580
505 506 580
593 585 594
585 595 594
596 597 598
597 599 598
567 568 597
568 600 597
601 602 603
602 604 603
605 606 538
606 540 538
560 607 558
607 608 558
609 610 611
610 612 611
613 614 611
614 615 611
588 616 617
618 523 619
603 620 601
620 598 601
620 536 621
536 546 621
603 535 620
535 536 620
603 604 535
604 511 535
605 538 528
545 579 514
579 578 514
513 573 512
573 576 512
553 571 513
571 573 513
571 553 569
553 556 569
583 569 582
569 556 582
512 576 545
576 579 545
576 575 579
575 622 579
575 623 622
623 624 622
594 595 365
595 364 365
584 583 555
584 625 586
625 626 586
616 625 585
625 584 585
537 527 538
527 528 538
526 527 627
527 537 627
525 526 628
526 627 628
619 524 629
508 623 509
623 630 509
562 563 631
563 632 631
633 634 627
634 628 627
635 548 630
548 509 630
549 636 550
636 626 550
548 635 549
635 636 549
637 629 638
627 537 633
537 539 633
567 639 565
639 624 565
625 616 587
616 588 587
640 599 600
599 597 600
596 621 639
621 641 639
642 643 644
643 645 644
631 632 646
632 647 646
648 619 637
612 649 650
609 651 531
651 591 531
614 652 615
652 653 615
644 645 640
645 599 640
565 508 654
550 587 552
587 589 552
424 423 524
423 525 524
628 629 525
634 638 628
638 629 628
543 561 541
561 559 541
529 618 530
618 610 530
612 608 649
608 607 649
435 437 510
437 521 510
595 359 364
521 437 522
437 439 522
519 522 518
522 534 518
521 520 510
520 535 510
510 535 511
563 539 632
539 540 632
598 620 596
620 621 596
645 643 601
606 647 540
647 632 540
610 609 530
609 531 530
617 616 593
616 585 593
599 645 598
645 601 598
623 508 624
508 565 624
626 625 550
625 587 550
623 575 630
575 574 630
542 541 633
541 634 633
572 635 574
635 630 574
636 570 626
570 586 626
635 572 636
572 570 636
559 558 638
558 637 638
563 542 539
542 633 539
639 641 624
641 622 624
639 567 596
567 597 596
558 608 637
608 648 637
611 615 609
615 651 609
638 634 559
634 541 559
648 612 610
554 475 361
475 356 361
579 622 577
622 641 577
577 641 546
641 621 546
265 267 269
555 595 585
326 323 447
474 447 485
458 456 457
342 341 446
488 474 485
442 440 488
276 655 275
655 288 275
319 324 485
656 657 658
657 659 658
660 661 662
661 663 662
662 663 664
663 659 664
658 659 665
659 663 665
666 658 667
658 665 667
667 665 668
665 669 668
661 669 663
669 665 663
668 669 670
669 671 670
672 671 661
671 669 661
673 674 672
674 671 672
670 671 675
671 674 675
676 670 677
670 675 677
670 676 668
676 678 668
679 676 680
676 677 680
676 679 678
679 681 678
682 683 684
683 673 684
674 673 685
673 683 685
677 675 686
675 687 686
672 688 673
688 684 673
688 672 660
672 661 660
689 666 690
666 667 690
668 678 667
678 690 667
678 681 690
681 691 690
690 691 689
691 692 689
238 693 237
693 692 237
691 239 692
239 237 692
240 239 681
239 691 681
689 692 694
692 693 694
694 695 689
695 666 689
695 656 666
656 658 666
243 244 680
244 679 680
240 681 244
681 679 244
246 243 696
243 680 696
677 686 680
686 696 680
697 698 699
698 700 699
701 702 703
702 704 703
702 705 704
705 706 704
698 697 707
697 708 707
709 710 711
710 712 711
699 700 712
700 711 712
704 706 713
706 714 713
715 713 716
713 714 716
712 710 714
710 716 714
712 714 699
714 706 699
716 717 715
717 718 715
716 710 719
710 709 719
709 720 719
271 721 272
721 722 272
276 272 723
272 722 723
724 725 726
725 727 726
728 727 721
727 725 721
282 728 271
728 721 271
725 724 729
724 730 729
721 725 722
725 729 722
723 722 731
722 729 731
731 729 732
729 730 732
733 723 734
723 731 734
732 735 731
735 734 731
735 732 736
732 737 736
737 738 715
738 713 715
703 704 738
704 713 738
736 737 718
737 715 718
708 739 707
739 740 707
727 728 741
728 742 741
726 701 724
701 703 724
738 737 730
737 732 730
738 730 703
730 724 703
698 688 700
688 660 700
688 698 684
698 707 684
664 709 662
709 711 662
700 660 711
660 662 711
743 720 664
720 709 664
684 707 682
707 740 682
744 745 746
745 747 746
748 749 750
749 751 750
752 753 754
755 756 757
756 758 757
759 760 761
760 762 761
763 764 318
764 320 318
763 765 766
765 767 766
320 764 324
766 767 768
767 769 768
318 327 763
327 765 763
767 687 769
687 770 769
771 754 772
754 753 772
754 771 773
771 774 773
775 776 777
776 778 777
779 780 781
780 782 781
752 783 784
785 786 787
786 788 787
789 790 791
790 792 791
759 793 794
794 760 759
779 781 795
796 797 798
797 799 798
800 801 802
801 803 802
804 805 806
805 807 806
808 809 810
809 811 810
728 282 742
282 366 742
812 813 683
813 685 683
814 682 815
682 740 815
686 767 696
767 765 696
760 816 817
818 815 739
815 740 739
739 819 818
819 775 818
819 739 820
739 708 820
741 821 727
821 726 727
821 822 726
822 701 726
822 823 701
823 702 701
824 705 823
705 702 823
824 825 708
825 820 708
825 826 820
826 827 820
828 829 830
829 831 830
829 832 831
832 833 831
820 827 819
827 834 819
831 833 835
833 836 835
837 838 839
814 812 682
812 683 682
840 841 842
841 843 842
844 842 845
842 843 845
846 844 847
844 845 847
847 399 846
399 400 846
823 848 824
848 825 824
848 823 841
823 822 841
843 841 821
841 822 821
845 843 741
843 821 741
847 845 742
845 741 742
399 847 366
847 742 366
402 748 403
748 750 403
404 849 405
849 850 405
851 410 852
410 411 852
853 751 854
751 749 854
849 759 850
759 761 850
852 744 851
744 746 851
855 788 856
788 786 856
788 855 753
855 772 753
856 786 809
786 857 809
786 785 857
785 858 857
817 816 859
816 860 859
861 860 794
860 816 794
403 750 404
750 751 849
853 849 751
793 853 862
853 854 862
835 836 774
836 773 774
833 863 864
863 833 865
833 832 865
865 832 866
832 867 866
866 867 868
867 869 868
868 869 870
871 872 873
872 874 873
875 876 874
876 873 874
876 875 877
875 878 877
879 880 878
880 877 878
881 882 879
882 880 879
883 884 881
884 882 881
883 885 884
885 886 884
887 886 888
886 885 888
887 888 442
888 441 442
889 890 778
890 777 778
890 872 777
872 871 777
767 686 687
708 697 824
697 705 824
705 697 706
697 699 706
657 743 659
743 664 659
783 754 773
891 892 893
773 836 894
836 895 894
839 838 891
838 892 891
794 793 861
793 862 861
798 803 796
803 801 796
766 896 763
896 764 763
778 897 889
897 898 889
776 899 778
899 897 778
834 900 776
900 899 776
827 830 834
830 900 834
901 867 829
867 832 829
867 901 869
901 902 869
903 870 902
870 869 902
904 905 870
905 904 906
904 907 906
906 907 908
907 909 908
829 828 901
828 910 901
901 910 902
910 911 902
902 911 903
911 912 903
903 912 904
912 913 904
904 913 907
913 914 907
907 914 909
914 469 909
826 828 827
828 830 827
915 910 826
910 828 826
840 911 915
911 910 915
842 912 840
912 911 840
844 913 842
913 912 842
846 914 844
914 913 844
400 469 846
469 914 846
776 775 834
775 819 834
826 825 915
825 848 915
915 848 840
848 841 840
809 808 856
808 916 856
856 916 855
916 917 855
855 917 772
917 898 772
772 898 771
898 897 771
771 897 774
897 899 774
900 835 899
835 774 899
830 831 900
831 835 900
696 765 246
765 327 246
918 896 768
761 762 744
762 745 744
850 761 852
761 744 852
405 850 411
850 852 411
919 920 921
920 795 921
795 781 921
859 919 817
919 921 817
760 817 921
781 782 760
782 762 760
782 922 762
922 745 762
745 922 747
922 923 747
924 755 925
755 757 925
857 858 758
858 757 758
800 802 804
802 805 804
791 926 789
926 927 789
896 485 764
882 884 770
884 769 770
770 813 882
813 880 882
813 812 880
812 877 880
814 876 812
876 877 812
876 814 873
814 815 873
815 818 873
818 871 873
818 775 871
775 777 871
687 685 770
685 813 770
675 674 687
674 685 687
759 853 793
926 928 927
928 929 927
488 918 887
918 768 887
768 886 887
884 886 769
886 768 769
753 752 788
752 787 788
752 784 930
787 930 785
930 931 785
785 931 858
931 932 858
858 932 757
932 925 757
809 857 811
857 758 811
804 933 800
933 934 800
935 936 937
936 938 937
928 938 929
938 936 929
922 939 923
939 940 923
937 940 935
940 939 935
790 755 792
755 924 792
922 782 939
782 780 939
935 939 941
939 780 941
936 935 942
935 941 942
942 943 936
943 929 936
927 929 944
929 943 944
789 927 934
927 944 934
790 789 933
789 934 933
780 779 941
942 941 797
941 779 797
797 796 942
796 943 942
944 943 801
943 796 801
934 944 800
944 801 800
920 798 795
798 799 795
779 799 797
945 946 947
946 948 947
949 950 951
881 952 883
952 953 883
954 955 862
955 861 862
749 748 956
748 957 956
516 946 517
946 945 517
518 958 516
958 946 516
959 958 960
958 961 960
962 872 890
874 963 875
963 964 875
965 879 966
879 878 966
967 890 889
968 969 970
969 971 970
441 888 534
888 961 534
948 946 959
946 958 959
972 973 959
973 948 959
974 975 976
975 977 976
978 979 980
979 981 980
854 749 982
749 956 982
947 948 983
948 973 983
984 985 986
987 988 989
988 990 989
955 991 861
991 860 861
992 802 993
802 803 993
859 860 994
860 991 994
989 990 995
990 996 995
997 998 999
998 1000 999
1001 1002 981
1002 980 981
966 878 964
878 875 964
748 402 957
402 564 957
952 881 965
881 879 965
1003 1004 1005
1004 1006 1005
862 854 954
854 982 954
970 916 968
916 808 968
1007 1008 1009
1008 1010 1009
1011 1010 1012
1010 1008 1012
1012 1013 1011
1013 1014 1011
1015 1016 1017
956 957 1017
957 1018 1017
957 564 1018
564 581 1018
889 898 967
898 917 967
967 917 970
917 916 970
992 993 1019
993 1020 1019
1020 993 919
993 920 919
1021 1022 992
1023 1007 1009
994 1020 859
1020 919 859
1024 1025 1026
1025 1027 1026
969 968 1028
968 1029 1028
517 945 581
945 1018 581
1017 947 1015
947 983 1015
945 947 1018
947 1017 1018
1030 1031 1032
1031 1033 1032
1034 1006 1031
1006 1004 1031
1035 1036 1037
1036 1038 1037
1036 1035 1039
1035 1040 1039
998 997 1041
997 1042 1041
1043 1044 1045
1044 1046 1045
1047 1044 1048
1044 1049 1048
1049 1050 1051
1050 1052 1051
1053 962 967
1037 1038 1054
1038 1032 1054
983 973 1055
973 1054 1055
973 972 1054
972 1037 1054
952 1035 972
1035 1037 972
952 965 1040
982 956 1016
956 1017 1016
1013 1012 954
1012 955 954
1012 1008 955
1008 991 955
1008 1007 991
1007 994 991
1019 1020 1007
1020 994 1007
954 982 1013
982 1016 1013
1013 1016 1014
1016 1056 1014
1014 1056 1057
1056 1058 1057
968 808 1029
808 810 1029
1021 1019 1023
1021 1023 1059
1023 1060 1059
965 966 975
966 977 975
964 1061 966
1061 977 966
963 1062 964
1062 1061 964
1063 1064 962
1065 1057 984
1057 949 984
1066 1002 1067
1002 1001 1067
1062 1068 1061
1068 1069 1061
984 996 1065
996 1070 1065
990 988 1071
988 1060 1071
996 990 1070
990 1071 1070
1072 1073 1063
1061 1069 977
1069 976 977
1058 1074 1003
1074 1004 1003
1059 1024 1075
1024 1026 1075
1031 1030 1034
1030 1076 1034
1077 1055 1074
1055 1033 1074
1078 1079 1080
1079 1081 1080
1082 1081 1083
1081 1079 1083
1084 1063 1053
1047 1085 1044
1043 969 1050
969 1028 1050
1048 1049 1086
1049 1051 1086
1030 1087 1076
1087 1088 1076
949 1003 1089
988 987 1024
987 1025 1024
1026 1027 1051
1027 1086 1051
872 1064 874
1064 963 874
963 1064 1073
1073 1090 1062
1090 1068 1062
979 978 1000
978 999 1000
971 967 970
1053 1045 1084
1041 1042 1091
1042 1046 1091
960 885 953
885 883 953
1092 802 992
960 961 885
961 888 885
534 961 518
961 958 518
960 953 959
953 972 959
953 952 972
1093 1094 1095
1096 1097 1098
1099 1100 1101
1094 1102 1103
1104 1105 1106
1107 1108 1109
1105 1110 1111
1112 1113 1114
1109 1115 1116
1094 1117 1102
1118 1096 1098
1119 1120 1118
1119 1111 1120
1111 1121 1120
1106 1114 1104
1108 1107 1122
1100 1112 1101
1112 1114 1101
974 976 1066
976 1002 1066
1055 1054 1033
1054 1032 1033
1036 1079 1078
1036 1039 1079
1039 1083 1079
969 1043 971
1043 1045 971
1030 1032 1087
1032 1038 1087
1057 1058 949
1058 1003 949
1024 1059 988
1059 1060 988
1051 1052 1026
1011 1014 1065
1014 1057 1065
980 1069 978
1069 1068 978
1065 1070 1011
1070 1010 1011
1071 1060 1009
1060 1023 1009
1070 1071 1010
1071 1009 1010
999 1090 997
1090 1072 997
1002 976 980
976 1069 980
1056 1077 1058
1077 1074 1058
1031 1004 1033
1004 1074 1033
997 1072 1042
1072 1084 1042
1044 1043 1049
1043 1050 1049
978 1068 999
1068 1090 999
1084 1046 1042
798 920 803
920 993 803
1111 1110 1121
1077 1056 1015
1056 1016 1015
1055 1077 983
1077 1015 983
1114 1113 1123
716 719 717
992 1022 1092
768 896 766
918 485 896
904 870 903
783 893 784
488 485 918
442 488 887
276 723 655
723 733 655
764 485 324
584 586 583
1021 992 1019
996 986 995
1095 1097 1124
547 1125 509
548 557 547
986 996 984
586 570 569
1023 1019 1007
588 653 590
653 652 590
1075 1022 1059
1022 1021 1059
1107 1109 1116
595 555 359
1092 805 802
619 523 524
1063 1073 1064
529 443 444
967 962 890
648 618 619
637 619 629
1084 1072 1063
1072 1090 1073
618 648 610
1053 971 1045
529 530 532
971 1053 967
618 529 523
1053 1063 962
523 444 424
962 1064 872
629 524 525
1062 963 1073
648 608 612
1084 1045 1046
615 653 651
653 617 651
651 617 591
617 593 591
591 593 592
593 594 592
592 594 1126
594 365 1126
363 1127 365
1127 1126 365
1052 1128 1075
1128 1022 1075
1128 1129 1022
1129 1092 1022
805 1092 807
1092 1129 807
1126 471 592
471 533 592
471 1126 417
1126 1127 417
1130 416 1127
416 417 1127
416 1130 418
1130 482 418
1128 1052 1028
1052 1050 1028
1028 1029 1128
1029 1129 1128
1029 810 1129
810 807 1129
810 811 807
811 806 807
756 806 758
806 811 758
1127 363 1130
363 309 1130
311 482 309
482 1130 309
933 804 756
804 806 756
756 755 933
755 790 933
404 406 303
750 849 404
412 305 406
853 759 849
350 316 314
794 816 760
476 371 314
760 921 781
354 339 340
799 779 795
1131 1132 1133
1131 445 1132
445 1134 1132
332 445 1135
390 1136 387
1137 1138 387
1138 386 387
453 386 1139
386 1138 1139
1139 1140 453
1140 454 453
457 454 1140
1136 1137 387
390 1141 1136
836 864 895
836 833 864
1141 390 1135
390 332 1135
445 1131 1135
839 891 894
891 773 894
332 306 342
891 783 773
446 1134 445
783 891 893
342 306 308
783 752 754
489 341 308
787 752 930
653 588 617
1052 1075 1026
1093 1095 1124
1095 1098 1097
1118 1098 1119
1067 1082 1066
1082 1083 1066
1039 974 1083
974 1066 1083
1040 975 1039
975 974 1039
646 647 1142
647 1143 1142
602 1143 606
1143 647 606
605 604 606
604 602 606
511 604 605
528 511 605
952 1040 1035
965 975 1040
507 1144 508
1125 507 509
985 984 951
984 949 951
1094 1093 1117
566 565 654
508 1144 654
1106 1105 1111
643 1143 602
1142 1143 642
1143 643 642
1087 1038 1078
1080 1088 1078
1088 1087 1078
643 602 601
1078 1038 1036
1145 1146 238
1146 693 238
694 693 1147
693 1146 1147
695 694 1148
694 1147 1148
656 695 1149
695 1148 1149
1149 1150 656
1150 657 656
1150 1151 657
1151 743 657
720 743 1152
743 1151 1152
720 1152 719
1152 1153 719
1154 717 1153
717 719 1153
717 1154 718
1154 1155 718
718 1155 736
1155 1156 736
736 1156 735
1156 1157 735
735 1157 734
1157 1158 734
734 1158 733
1158 1159 733
655 733 1160
733 1159 1160
655 1160 288
1160 1161 288
287 288 1162
288 1161 1162
289 287 1163
287 1162 1163
290 289 1164
289 1163 1164
268 290 1165
290 1164 1165
267 268 1166
268 1165 1166
1166 1167 267
1167 269 267
270 269 1168
269 1167 1168
1169 297 1168
297 270 1168
297 1169 201
1169 1170 201
1171 199 1170
199 201 1170
1172 242 1171
242 199 1171
242 1172 241
1172 1173 241
241 1173 236
1173 1174 236
236 1174 238
1174 1145 238
1089 950 949
1005 1089 1003
1109 1094 1115
1175 1176 1177
1176 1178 1177
1179 1180 1181
1180 1182 1181
1183 1184 1175
1184 1176 1175
1185 1179 1186
1179 1181 1186
1187 1188 1189
1188 1190 1189
1191 1192 1193
1192 1194 1193
1195 1196 1197
1196 1198 1197
1199 1200 1187
1200 1188 1187
1201 1202 1191
1202 1192 1191
1203 1204 1205
1204 1206 1205
1207 1195 1208
1195 1197 1208
1209 1210 1203
1210 1204 1203
1177 1178 1211
1178 1212 1211
1205 1206 1213
1206 1214 1213
1193 1194 1214
1194 1213 1214
1211 1212 1180
1212 1182 1180
1189 1190 1196
1190 1198 1196
1208 1215 1207
1215 1216 1207
1217 1218 1219
1218 1220 1219
1221 1222 1223
1222 1224 1223
1225 1217 1226
1217 1219 1226
1227 1228 1221
1228 1222 1221
1229 1230 1231
1230 1232 1231
1233 1234 1235
1234 1236 1235
1237 1238 1239
1238 1240 1239
1241 1229 1242
1229 1231 1242
1234 1243 1236
1243 1244 1236
1245 1246 1247
1246 1248 1247
1249 1250 1237
1250 1238 1237
1251 1245 1252
1245 1247 1252
1218 1253 1220
1253 1254 1220
1255 1248 1256
1248 1246 1256
1256 1233 1255
1233 1235 1255
1253 1223 1254
1223 1224 1254
1230 1239 1232
1239 1240 1232
1257 1258 1249
1258 1250 1249
1259 1260 1261
1260 1262 1261
1263 1264 1265
1264 1266 1265
1263 1267 1264
1268 1269 1270
1269 1271 1270
1272 1273 1274
1273 1275 1274
1273 1276 1275
1274 1277 1272
1277 1278 1272
1269 1278 1271
1278 1277 1271
1279 1280 1281
1280 1282 1281
1283 1284 1285
1284 1286 1285
1287 1288 1289
1281 1282 1290
1282 1291 1290
1292 1293 1294
1293 1295 1294
1294 1295 1296
1297 1298 1292
1298 1293 1292
1290 1291 1297
1291 1298 1297
1299 1300 1301
1300 1302 1301
1303 1302 1304
1302 1300 1304
1305 1299 1306
1299 1301 1306
1307 1303 1308
1303 1304 1308
1309 1305 1310
1305 1306 1310
1310 1311 1309
1311 1312 1309
1313 1314 1315
1314 1316 1315
1317 1318 1313
1318 1314 1313
1315 1316 1319
1316 1320 1319
1321 1322 1317
1322 1318 1317
1319 1320 1323
1320 1324 1323
1325 1326 1324
1326 1323 1324
1327 1328 1329
1328 1330 1329
1331 1332 1330
1332 1329 1330
1333 1332 1334
1332 1331 1334
1335 1333 1336
1333 1334 1336
1336 1337 1335
1337 1338 1335
1337 1339 1338
1339 1340 1338
1341 1342 1343
1342 1344 1343
1345 1346 1341
1346 1342 1341
1347 1348 1345
1348 1346 1345
1349 1350 1347
1350 1348 1347
1349 1351 1350
1351 1352 1350
1353 1352 1354
1352 1351 1354
1355 1356 1357
1356 1358 1357
1356 1359 1358
1359 1360 1358
1361 1360 1362
1360 1359 1362
1363 1361 1364
1361 1362 1364
1365 1363 1366
1363 1364 1366
1367 1365 1368
1365 1366 1368
1369 1370 1371
1370 1372 1371
1370 1369 1373
1369 1374 1373
1373 1374 1375
1374 1376 1375
1375 1376 1377
1376 1378 1377
1379 1380 1378
1380 1377 1378
1381 1382 1379
1382 1380 1379
1383 1384 1385
1386 1387 1388
1389 1388 1390
1388 1387 1390
1391 1392 1393
1392 1394 1393
1395 1394 1392
1396 1397 1398
1399 1400 1401
1401 1400 1402
1400 1403 1402
1404 1405 1406
1405 1407 1406
1408 1405 1404
1409 1410 1411
1410 1412 1411
1413 1414 1415
1410 1416 1412
1417 1418 1419
1411 1414 1420
1416 1418 1417
1416 1417 1412
1421 1417 1419
1411 1420 1409
1414 1413 1420
1422 1423 1424
1425 1426 1427
1426 1428 1427
1429 1430 1431
1430 1432 1431
1433 1434 1435
1434 1436 1435
1437 1438 1439
1440 1441 1442
1441 1443 1442
1444 1445 1446
1447 1448 1449
1448 1450 1449
1451 1452 1453
1452 1454 1453
1455 1454 1456
1454 1452 1456
1457 1458 1438
1458 1441 1438
1443 1441 1459
1441 1458 1459
1460 1431 1453
1431 1451 1453
1461 1462 1422
1462 1423 1422
1463 1445 1464
1445 1444 1464
1437 1465 1466
1465 1467 1466
1468 1426 1462
1426 1423 1462
1469 1428 1468
1428 1426 1468
1464 1444 1470
1444 1449 1470
1449 1450 1470
1450 1471 1470
1451 1431 1432
1435 1436 1452
1436 1456 1452
1439 1472 1437
1472 1465 1437
1473 1440 1474
1440 1442 1474
1475 1429 1460
1429 1431 1460
1438 1437 1457
1437 1466 1457
1465 1472 1445
1472 1446 1445
1467 1465 1463
1465 1445 1463
1461 1422 1475
1422 1429 1475
1424 1430 1422
1430 1429 1422
1433 1425 1434
1425 1427 1434
1473 1474 1447
1474 1448 1447
1441 1440 1438
1440 1439 1438
1440 1473 1439
1473 1472 1439
1472 1473 1446
1473 1447 1446
1446 1447 1444
1447 1449 1444
1426 1425 1423
1425 1424 1423
1425 1433 1424
1433 1430 1424
1430 1433 1432
1433 1435 1432
1432 1435 1451
1435 1452 1451
1476 1477 1455
1477 1454 1455
1477 1478 1454
1478 1453 1454
1478 1479 1453
1479 1460 1453
1480 1475 1479
1475 1460 1479
1481 1468 1482
1468 1462 1482
1461 1483 1462
1483 1482 1462
1475 1480 1461
1480 1483 1461
1469 1468 1484
1468 1481 1484
1485 1486 1487
1488 1489 1490
1489 1491 1490
1492 1493 1494
1493 1495 1494
1496 1497 1498
1497 1499 1498
1500 1501 1502
1503 1504 1505
1504 1506 1505
1507 1508 1509
1510 1511 1512
1511 1513 1512
1514 1515 1516
1515 1517 1516
1516 1517 1518
1517 1519 1518
1505 1520 1502
1520 1521 1502
1506 1522 1505
1522 1520 1505
1523 1515 1494
1515 1514 1494
1487 1524 1485
1524 1525 1485
1507 1509 1526
1509 1527 1526
1500 1528 1529
1528 1530 1529
1531 1524 1489
1524 1487 1489
1532 1531 1488
1531 1489 1488
1512 1507 1533
1507 1526 1533
1512 1533 1510
1533 1534 1510
1514 1492 1494
1497 1516 1499
1516 1518 1499
1501 1500 1535
1500 1529 1535
1504 1503 1536
1503 1537 1536
1538 1523 1495
1523 1494 1495
1502 1521 1500
1521 1528 1500
1508 1535 1509
1535 1529 1509
1509 1529 1527
1529 1530 1527
1525 1538 1485
1538 1495 1485
1486 1485 1493
1485 1495 1493
1490 1491 1498
1491 1496 1498
1537 1513 1536
1513 1511 1536
1505 1502 1503
1502 1501 1503
1503 1501 1537
1501 1535 1537
1513 1537 1508
1537 1535 1508
1512 1513 1507
1513 1508 1507
1489 1487 1491
1487 1486 1491
1491 1486 1496
1486 1493 1496
1497 1496 1492
1496 1493 1492
1516 1497 1514
1497 1492 1514
1517 1539 1519
1539 1540 1519
1515 1541 1517
1541 1539 1517
1523 1542 1515
1542 1541 1515
1543 1542 1538
1542 1523 1538
1544 1545 1531
1545 1524 1531
1525 1524 1546
1524 1545 1546
1538 1525 1543
1525 1546 1543
1544 1531 1547
1531 1532 1547
1548 1549 1550
1549 1551 1550
1552 1553 1554
1549 1548 1555
1556 1557 1558
1550 1559 1554
1555 1556 1558
1555 1548 1556
1560 1557 1556
1550 1551 1559
1554 1559 1552
87 1561 126
144 143 1562
143 1563 1562
13 62 24
78 87 126
13 1564 62
1094 1103 1115
1266 1262 1265
1262 1260 1265
1287 1284 1288
1284 1283 1288
1261 1268 1259
1268 1270 1259
1285 1286 1279
1286 1280 1279
1104 1114 1123
613 611 650
611 612 650
1085 1091 1046
1085 1046 1044
