byte offset: 0
first index: 33831
index count: 6642
topology: trianglelist
format: DXGI_FORMAT_R16_UINT

9466 9467 9468
9467 9469 9468
9470 9466 9468
9471 9472 9473
9472 9474 9473
9466 9475 9467
9475 9476 9467
9466 9470 9475
9477 9478 9471
9478 9472 9471
9479 9480 9481
9482 9483 9484
9483 9485 9484
9486 9484 9485
9487 9488 9489
9488 9490 9489
9491 9492 9469
9493 9494 9495
9494 9496 9495
9493 9497 9491
9498 9499 9500
9499 9501 9500
9502 9503 9504
9505 9501 9506
9501 9499 9506
9507 9500 9508
9509 9508 9501
9508 9500 9501
9510 9509 9505
9509 9501 9505
9505 9495 9510
9495 9496 9510
9506 9497 9505
9497 9495 9505
9511 9481 9512
9513 9483 9514
9483 9482 9514
9515 9516 9487
9516 9488 9487
9474 9517 9473
9517 9518 9473
9477 9471 9476
9471 9467 9476
9471 9469 9467
9518 9491 9473
9519 9498 9520
9498 9500 9520
9521 9522 9523
9522 9524 9523
9525 9526 9527
9526 9528 9527
9525 9529 9530
9527 9529 9525
9479 9528 9480
9528 9526 9480
9491 9513 9492
9513 9514 9492
9491 9497 9512
9471 9473 9469
9473 9491 9469
9491 9512 9513
9483 9512 9481
9480 9485 9481
9485 9480 9531
9480 9526 9531
9531 9526 9530
9526 9525 9530
9493 9495 9497
9518 9493 9491
9511 9512 9497
9483 9513 9512
9479 9481 9511
9485 9483 9481
9532 9533 9534
9533 9535 9534
9536 9537 9538
9537 9539 9538
9536 9538 9540
9538 9541 9540
9542 9541 9532
9541 9533 9532
9538 9533 9541
9543 9533 9538
9535 9533 9544
9533 9543 9544
9545 9546 9547
9548 9549 9550
9549 9551 9550
9551 9549 9552
9549 9553 9552
9554 9555 9556
9555 9557 9556
9558 9559 9560
9559 9561 9560
9562 9563 9564
9563 9565 9564
9566 9567 9568
9567 9569 9568
9570 9571 9572
9571 9573 9572
9574 9575 9576
9575 9577 9576
9578 9579 9580
9579 9581 9580
9582 9583 9584
9585 9586 9563
9586 9565 9563
9587 9588 9589
9579 9590 9581
9590 9591 9581
9588 9565 9592
9565 9586 9592
9554 9556 9593
9556 9594 9593
9542 9595 9541
9595 9540 9541
9596 9597 9598
9597 9548 9598
9599 9600 9539
9600 9543 9539
9546 9545 9601
9602 9603 9604
9603 9605 9604
9606 9607 9608
9607 9609 9608
9610 9611 9612
9611 9613 9612
9614 9615 9610
9615 9611 9610
9548 9616 9598
9607 9606 9611
9606 9613 9611
9544 9543 9617
9543 9600 9617
9592 9589 9588
9618 9619 9576
9619 9574 9576
9559 9586 9561
9586 9585 9561
9599 9539 9620
9539 9537 9620
9621 9622 9613
9622 9612 9613
9608 9598 9623
9604 9605 9598
9605 9596 9598
9599 9620 9624
9620 9625 9624
9624 9626 9599
9626 9600 9599
9617 9600 9627
9600 9626 9627
9601 9628 9629
9621 9606 9623
9630 9631 9597
9631 9632 9597
9593 9594 9631
9594 9632 9631
9550 9551 9562
9551 9563 9562
9633 9634 9561
9634 9560 9561
9633 9561 9552
9561 9585 9552
9563 9551 9585
9551 9552 9585
9635 9636 9637
9638 9639 9640
9639 9641 9640
9642 9643 9638
9643 9639 9638
9642 9644 9643
9644 9645 9643
9646 9647 9648
9647 9649 9648
9650 9651 9652
9651 9653 9652
9567 9654 9569
9654 9655 9569
9656 9542 9657
9542 9532 9657
9657 9532 9658
9532 9534 9658
9542 9656 9595
9656 9659 9595
9547 9546 9660
9569 9655 9650
9655 9651 9650
9640 9641 9661
9641 9662 9661
9658 9534 9663
9534 9664 9663
9534 9535 9664
9535 9665 9664
9665 9535 9544
9617 9666 9544
9666 9665 9544
9627 9667 9617
9667 9666 9617
9597 9632 9548
9632 9549 9548
9668 9630 9596
9630 9597 9596
9668 9596 9605
9603 9669 9605
9608 9609 9604
9609 9602 9604
9567 9566 9670
9566 9671 9670
9670 9672 9567
9672 9654 9567
9673 9674 9675
9674 9676 9675
9677 9592 9676
9592 9675 9676
9678 9679 9680
9679 9681 9680
9682 9683 9684
9685 9686 9687
9686 9688 9687
9689 9690 9688
9690 9687 9688
9610 9691 9692
9610 9612 9691
9612 9622 9693
9694 9685 9695
9685 9687 9695
9695 9687 9696
9687 9690 9696
9565 9588 9564
9588 9587 9564
9592 9586 9675
9586 9559 9675
9558 9673 9559
9673 9675 9559
9543 9538 9539
9594 9553 9632
9553 9549 9632
9556 9697 9594
9697 9553 9594
9556 9557 9697
9557 9698 9697
9648 9649 9699
9649 9700 9699
9552 9553 9633
9553 9697 9633
9697 9698 9633
9698 9634 9633
9652 9653 9700
9653 9699 9700
9601 9666 9628
9666 9667 9628
9545 9665 9601
9665 9666 9601
9664 9665 9547
9665 9545 9547
9663 9664 9660
9664 9547 9660
9661 9662 9637
9662 9635 9637
9623 9616 9701
9623 9701 9702
9701 9703 9702
9616 9623 9598
9669 9668 9605
9608 9604 9598
9613 9606 9621
9606 9608 9623
9704 9705 9706
9705 9707 9706
9708 9709 9705
9709 9707 9705
9703 9704 9702
9704 9706 9702
9546 9601 9629
9710 9711 9712
9713 9714 9715
9714 9716 9715
9717 9718 9719
9720 9721 9722
9723 9722 9717
9722 9724 9717
9725 9715 9716
9726 9727 9728
9727 9729 9728
9730 9712 9731
9712 9711 9731
9732 9723 9733
9723 9719 9733
9734 9735 9736
9735 9737 9736
9738 9739 9740
9739 9741 9740
9736 9737 9732
9737 9723 9732
9742 9743 9744
9743 9745 9744
9746 9747 9748
9747 9749 9748
9750 9746 9751
9746 9748 9751
9752 9753 9754
9753 9755 9754
9748 9749 9756
9749 9757 9756
9751 9748 9758
9748 9756 9758
9759 9752 9760
9752 9754 9760
9761 9762 9746
9762 9747 9746
9763 9734 9764
9734 9736 9764
9764 9736 9765
9736 9732 9765
9733 9766 9732
9766 9765 9732
9767 9768 9769
9768 9770 9769
9771 9772 9773
9772 9774 9773
9775 9776 9777
9767 9761 9750
9761 9746 9750
9778 9779 9780
9779 9781 9780
9773 9774 9778
9774 9779 9778
9782 9783 9784
9785 9786 9787
9788 9789 9790
9789 9791 9790
9757 9792 9756
9756 9792 9758
9753 9777 9755
9777 9776 9755
9793 9772 9794
9772 9771 9794
9795 9785 9796
9785 9787 9796
9797 9798 9780
9798 9778 9780
9799 9800 9801
9800 9802 9801
9803 9804 9805
9804 9806 9805
9807 9808 9809
9808 9810 9809
9809 9810 9811
9812 9813 9814
9801 9802 9806
9802 9805 9806
9815 9718 9717
9816 9817 9818
9817 9819 9818
9820 9821 9822
9821 9823 9822
9824 9825 9826
9825 9827 9826
9826 9827 9828
9829 9830 9831
9829 9832 9830
9832 9833 9830
9834 9835 9836
9835 9837 9836
9838 9835 9839
9835 9834 9839
9840 9841 9842
9841 9843 9842
9841 9844 9843
9794 9845 9793
9742 9744 9846
9744 9847 9846
9848 9849 9850
9849 9851 9850
9852 9853 9854
9853 9855 9854
9853 9856 9855
9856 9857 9855
9761 9767 9769
9858 9859 9761
9859 9762 9761
9826 9860 9824
9860 9861 9824
9860 9826 9828
9729 9862 9863
9862 9864 9863
9721 9865 9724
9866 9867 9868
9867 9869 9868
9841 9870 9871
9872 9873 9874
9875 9876 9877
9876 9878 9877
9879 9880 9881
9880 9882 9881
9883 9884 9885
9884 9886 9885
9887 9888 9889
9890 9891 9892
9891 9893 9892
9894 9895 9887
9895 9888 9887
9881 9882 9896
9882 9897 9896
9898 9899 9889
9899 9900 9889
9889 9901 9898
9901 9902 9898
9903 9904 9905
9888 9906 9889
9903 9907 9904
9908 9909 9879
9909 9910 9879
9911 9912 9913
9912 9914 9913
9915 9878 9916
9878 9876 9916
9849 9917 9851
9917 9918 9851
9805 9919 9803
9919 9920 9803
9802 9815 9805
9815 9919 9805
9815 9802 9800
9921 9922 9923
9922 9924 9923
9925 9921 9926
9921 9923 9926
9927 9861 9928
9929 9930 9921
9930 9922 9921
9931 9929 9925
9929 9921 9925
9928 9861 9932
9861 9860 9932
9822 9933 9820
9934 9935 9807
9935 9808 9807
9927 9936 9824
9936 9825 9824
9861 9927 9824
9841 9840 9870
9937 9938 9782
9938 9783 9782
9939 9766 9733
9733 9719 9940
9719 9941 9940
9719 9718 9941
9718 9942 9941
9943 9942 9800
9942 9718 9800
9944 9943 9799
9943 9800 9799
9945 9946 9947
9946 9948 9947
9949 9950 9951
9952 9953 9954
9955 9956 9945
9956 9946 9945
9957 9958 9959
9958 9960 9959
9790 9961 9788
9961 9962 9788
9963 9964 9965
9964 9966 9965
9780 9795 9797
9795 9796 9797
9780 9781 9795
9781 9967 9795
9857 9968 9858
9968 9859 9858
9855 9857 9769
9857 9858 9769
9769 9770 9855
9770 9854 9855
9740 9838 9738
9838 9839 9738
9927 9926 9869
9867 9936 9869
9864 9862 9868
9862 9866 9868
9714 9713 9726
9713 9727 9726
9898 9902 9969
9899 9898 9886
9898 9885 9886
9744 9853 9847
9853 9852 9847
9744 9745 9853
9745 9856 9853
9970 9971 9972
9971 9973 9972
9974 9975 9976
9975 9977 9976
9978 9979 9980
9979 9981 9980
9979 9978 9982
9978 9983 9982
9980 9981 9984
9981 9985 9984
9986 9987 9988
9987 9989 9988
9990 9991 9973
9991 9972 9973
9930 9929 9979
9929 9981 9979
9932 9860 9977
9860 9976 9977
9970 9992 9971
9987 9993 9989
9930 9979 9994
9979 9982 9994
9984 9975 9995
9995 9983 9978
9995 9978 9980
9821 9986 9823
9986 9988 9823
9929 9931 9981
9931 9985 9981
9996 9997 9998
9999 10000 10001
10002 10003 10004
10005 10006 10007
10006 10008 10007
10009 10010 10011
10010 10012 10011
10013 9880 9879
10014 9895 10015
9895 9894 10015
9879 9910 10013
9910 10016 10013
10006 10017 10008
10017 10018 10008
10011 10012 10019
10012 10020 10019
9927 9925 9926
9818 9819 9934
9819 9935 9934
10021 10022 9825
10022 9827 9825
9825 9936 10021
9936 10023 10021
10023 9936 9867
9713 10024 9867
9827 10022 9828
9862 9727 9866
9727 9713 9866
9729 9727 9862
9925 9928 9931
9928 9932 9931
9931 9932 9985
9932 9977 9985
9977 9975 9985
9975 9984 9985
9927 9928 9925
10025 10026 9836
10026 10027 9836
10028 10029 9786
9785 10028 9786
9887 9889 9900
9850 9851 10030
9851 10031 10030
9851 9918 10031
9918 10032 10031
9868 10032 9864
10032 9918 9864
9923 9924 10031
9924 10030 10031
9926 9923 10032
9923 10031 10032
9926 10032 9869
9723 9717 9719
9718 9815 9800
10032 9868 9869
9717 9724 9815
9724 9919 9815
9865 9920 9724
9920 9919 9724
9864 9918 9863
9918 9917 9863
9721 9724 9722
9936 9927 9869
10024 10023 9867
9713 9867 9866
9871 9870 9944
9870 9943 9944
9840 9942 9870
9942 9943 9870
9941 9942 9842
9942 9840 9842
9842 9843 9941
9843 9940 9941
10033 9939 9843
9939 9940 9843
9975 9974 9995
9995 9980 9984
9875 9877 10034
9877 10035 10034
10036 9906 9888
9906 9901 9889
9844 10033 9843
9858 9761 9769
10037 10038 10039
10038 10040 10039
10041 10042 10043
10042 10044 10043
10045 10046 10047
10046 10048 10047
10039 10040 10049
10040 10050 10049
10051 10048 10052
10048 10046 10052
10053 10054 10044
10054 10043 10044
10038 10037 10035
10037 10034 10035
10042 10041 9888
10041 10036 9888
9914 9912 10045
9898 9969 9885
10055 9883 9969
9883 9885 9969
9890 9892 10056
9892 10057 10056
9837 10025 9836
10058 9914 10047
9914 10045 10047
10059 9609 10060
9609 9607 10060
9611 9615 9607
9615 10060 9607
10061 10062 10063
10064 10065 10066
10065 10067 10066
10068 10069 10070
10069 10071 10070
10072 10063 10073
10074 10075 10076
10077 10074 10078
10074 10079 10078
10080 10081 10082
10081 10083 10082
10084 10085 10086
10085 10087 10086
10088 10089 10090
10088 10091 10092
10093 10094 10074
10094 10075 10074
10070 10095 10096
10095 10097 10096
10082 10098 10080
10098 10099 10080
10100 10101 10102
10103 10104 10105
10104 10106 10105
10107 10108 10109
10110 10103 10111
10103 10105 10111
10100 10112 10113
10112 10114 10113
10115 10116 10117
10118 10119 10120
10121 10122 10123
10124 10125 10126
10125 10127 10126
10128 10129 10130
10129 10131 10130
10132 10133 10134
10135 10136 10137
10136 10138 10137
10139 10140 10141
10142 10143 10128
10143 10129 10128
10144 10145 10146
10145 10136 10146
10136 10145 10138
10145 10147 10138
10125 10148 10127
10148 10142 10127
10149 10122 10150
10122 10121 10150
10151 10152 10117
10153 10154 10155
10154 10156 10155
10157 10158 10159
10158 10160 10159
10161 10160 10162
10160 10158 10162
10142 10163 10164
10153 10155 10165
10155 10166 10165
10167 10168 10155
10168 10166 10155
10169 10170 10171
10170 10172 10171
10173 10174 10175
10174 10176 10175
10165 10166 10177
10166 10178 10177
10168 10179 10166
10179 10178 10166
10135 10180 10136
10180 10146 10136
10181 10182 10183
10182 10184 10183
10185 10186 10176
10186 10175 10176
10187 10188 10189
10188 10190 10189
10191 10171 10192
10171 10172 10192
10193 10194 10195
10194 10196 10195
10197 10198 10199
10200 10201 10202
10201 10203 10202
10204 10205 10206
10205 10207 10206
10208 10209 10210
10209 10211 10210
10212 10203 10213
10203 10201 10213
10214 10215 10216
10215 10156 10216
10217 10133 10218
10133 10219 10218
10220 10221 10222
10221 10223 10222
10224 10225 10226
10227 10228 10229
10230 10231 10232
10231 10233 10232
10234 10235 10236
10235 10237 10236
10238 10239 10237
10239 10236 10237
10240 10241 10242
10241 10243 10242
10232 10233 10244
10233 10245 10244
10246 10234 10247
10234 10236 10247
10239 10248 10236
10248 10247 10236
10249 10250 10240
10250 10241 10240
10251 10252 10253
10254 10255 10256
10255 10257 10256
10254 10237 10258
10237 10235 10258
10218 10219 10220
10219 10221 10220
10238 10256 10259
10256 10260 10259
10259 10261 10238
10261 10239 10238
10261 10262 10239
10262 10248 10239
10126 10127 10130
10127 10128 10130
10263 10187 10184
10187 10189 10184
10264 10140 10265
10140 10266 10265
10127 10142 10128
10267 10268 10269
10226 10225 10270
10225 10271 10270
10272 10226 10273
10226 10270 10273
10223 10274 10222
10107 10275 10108
10276 10277 10278
10277 10279 10278
10280 10281 10093
10281 10094 10093
10282 10110 10283
10284 10285 10286
10285 10287 10286
10288 10289 10290
10291 10292 10293
10294 10295 10296
10295 10297 10296
10298 10299 10300
10299 10301 10300
10301 10302 10300
10302 10303 10300
10304 10305 10306
10305 10307 10306
10308 10309 10310
10309 10311 10310
10312 10313 10314
10313 10315 10314
10313 10316 10315
10316 10317 10315
10318 10319 10320
10319 10321 10320
10322 10323 10324
10323 10325 10324
10326 10327 10328
10327 10329 10328
10330 10331 10326
10331 10327 10326
10332 10084 10333
10084 10086 10333
10324 10321 10322
10321 10319 10322
10334 10335 10099
10335 10080 10099
10090 10089 10335
10089 10336 10335
10337 10338 10339
10325 10323 10340
10333 10337 10332
10337 10339 10332
10335 10334 10090
10334 10091 10090
10335 10336 10080
10336 10081 10080
10341 10342 10343
10113 10114 10344
10114 10345 10344
10101 10113 10344
10346 10347 10348
10347 10349 10348
10346 10350 10347
10350 10351 10347
10072 10352 10061
10352 10353 10061
10354 10355 10356
10355 10357 10356
10358 10359 10291
10359 10360 10291
10361 10099 10362
10099 10098 10362
10363 10334 10361
10334 10099 10361
10334 10363 10091
10363 10092 10091
10088 10090 10091
10293 10364 10291
10364 10358 10291
10343 10365 10341
10366 10367 10266
10367 10265 10266
10368 10115 10117
10369 10370 10371
10372 10373 10374
10375 10246 10376
10246 10247 10376
10376 10247 10377
10247 10248 10377
10262 10378 10248
10378 10377 10248
10379 10380 10249
10380 10250 10249
10381 10382 10245
10382 10244 10245
10383 10384 10385
10384 10373 10385
10386 10065 10064
10296 10297 10298
10297 10299 10298
10354 10353 10355
10353 10352 10355
10387 10388 10389
10388 10390 10389
10175 10186 10391
10186 10392 10391
10393 10394 10183
10394 10181 10183
10395 10396 10183
10396 10393 10183
10397 10398 10395
10398 10396 10395
10399 10176 10400
10176 10174 10400
10176 10399 10185
10399 10401 10185
10263 10184 10402
10184 10182 10402
10403 10404 10405
10132 10406 10133
10406 10407 10133
10404 10403 10408
10403 10409 10408
10410 10411 10412
10411 10413 10412
10414 10410 10415
10410 10412 10415
10412 10413 10346
10413 10350 10346
10348 10415 10346
10415 10412 10346
10327 10416 10329
10416 10417 10329
10331 10418 10327
10418 10416 10327
10306 10419 10304
10419 10420 10304
10421 10417 10422
10417 10416 10422
10418 10423 10416
10423 10422 10416
10419 10424 10420
10424 10425 10420
10426 10427 10405
10427 10428 10405
10302 10425 10303
10425 10424 10303
10423 10073 10422
10073 10063 10422
10422 10063 10421
10063 10062 10421
10368 10152 10414
10152 10410 10414
10152 10151 10410
10151 10411 10410
10408 10409 10150
10409 10149 10150
10134 10217 10429
10217 10430 10429
10431 10430 10218
10431 10218 10220
10432 10220 10222
10283 10110 10433
10110 10111 10433
10133 10407 10434
10435 10221 10434
10221 10219 10434
10076 10075 10436
10075 10437 10436
10078 10079 10438
10079 10439 10438
10102 10440 10100
10440 10112 10100
10104 10103 10282
10108 10441 10109
10441 10442 10109
10282 10103 10110
10101 10100 10113
10108 10275 10441
10275 10443 10441
10444 10445 10285
10446 10447 10448
10447 10449 10448
10450 10451 10444
10451 10445 10444
10448 10449 10452
10453 10454 10455
10454 10456 10455
10457 10458 10459
10458 10460 10459
10461 10462 10463
10462 10464 10463
10461 10465 10466
10465 10467 10466
10466 10467 10468
10467 10469 10468
10470 10471 10472
10471 10473 10472
10474 10472 10475
10472 10473 10475
10476 10474 10477
10474 10475 10477
10459 10478 10457
10478 10479 10457
10432 10068 10431
10068 10480 10431
10431 10480 10430
10480 10481 10430
10429 10430 10482
10430 10481 10482
10277 10120 10279
10120 10119 10279
10093 10071 10280
10071 10069 10280
10074 10095 10093
10095 10071 10093
10077 10097 10074
10097 10095 10074
10314 10311 10312
10311 10309 10312
10270 10271 10158
10271 10162 10158
10273 10270 10157
10270 10158 10157
10216 10407 10214
10407 10406 10214
10483 10434 10216
10434 10407 10216
10257 10435 10483
10435 10434 10483
10436 10437 10453
10437 10454 10453
10438 10439 10085
10439 10087 10085
10320 10317 10318
10317 10316 10318
10098 10360 10362
10360 10359 10362
10484 10223 10435
10223 10221 10435
10485 10274 10484
10274 10223 10484
10486 10268 10487
10268 10267 10487
10276 10278 10488
10278 10489 10488
10281 10490 10094
10490 10491 10094
10075 10094 10437
10094 10491 10437
10255 10484 10257
10484 10435 10257
10492 10485 10255
10485 10484 10255
10493 10487 10494
10488 10489 10495
10216 10156 10483
10156 10154 10483
10159 10160 10144
10160 10145 10144
10147 10145 10161
10145 10160 10161
10164 10163 10493
10155 10156 10167
10156 10215 10167
10229 10228 10243
10228 10242 10243
10237 10254 10238
10254 10256 10238
10255 10254 10492
10254 10258 10492
10483 10260 10257
10260 10256 10257
10171 10191 10178
10191 10177 10178
10179 10169 10178
10169 10171 10178
10399 10400 10135
10400 10180 10135
10399 10135 10401
10135 10137 10401
10126 10263 10124
10263 10402 10124
10130 10187 10126
10187 10263 10126
10130 10131 10187
10131 10188 10187
10496 10172 10497
10172 10170 10497
10496 10498 10172
10498 10192 10172
10395 10189 10397
10189 10190 10397
10395 10183 10189
10183 10184 10189
10499 10500 10501
10500 10502 10501
10503 10504 10499
10504 10500 10499
10504 10503 10505
10506 10409 10507
10409 10403 10507
10508 10149 10506
10149 10409 10506
10509 10149 10508
10510 10122 10509
10122 10510 10511
10511 10123 10122
10115 10386 10116
10386 10064 10116
10512 10123 10511
10082 10513 10098
10513 10360 10098
10513 10292 10360
10292 10291 10360
10134 10133 10217
10509 10122 10149
10403 10428 10507
10403 10405 10428
10164 10493 10494
10493 10486 10487
10148 10163 10142
10514 10147 10515
10147 10161 10515
10138 10147 10516
10147 10514 10516
10516 10517 10138
10517 10137 10138
10401 10137 10518
10137 10517 10518
10185 10401 10519
10401 10518 10519
10515 10161 10520
10161 10162 10520
10519 10521 10185
10521 10186 10185
10521 10522 10186
10522 10392 10186
10193 10195 10523
10195 10524 10523
10071 10095 10070
10065 10354 10067
10354 10356 10067
10386 10353 10065
10353 10354 10065
10115 10061 10386
10061 10353 10386
10061 10115 10368
10062 10061 10368
10421 10062 10414
10062 10368 10414
10414 10415 10421
10415 10417 10421
10329 10417 10348
10417 10415 10348
10328 10329 10349
10329 10348 10349
10061 10063 10072
10368 10117 10152
10288 10365 10289
10289 10365 10343
10284 10342 10341
10284 10286 10342
10284 10341 10444
10288 10290 10525
10293 10526 10364
10293 10527 10526
10226 10272 10224
10224 10528 10529
10224 10272 10528
10430 10217 10218
10432 10431 10220
10530 10531 10532
10533 10534 10535
10534 10536 10535
10537 10538 10539
10538 10540 10539
10541 10542 10531
10543 10544 10545
10546 10547 10543
10547 10548 10543
10549 10550 10551
10550 10552 10551
10553 10554 10555
10554 10556 10555
10557 10558 10559
10557 10560 10561
10545 10562 10543
10562 10563 10543
10539 10564 10565
10565 10564 10566
10567 10568 10549
10568 10550 10549
10569 10570 10571
10572 10573 10574
10573 10575 10574
10576 10577 10578
10579 10580 10573
10580 10575 10573
10581 10582 10583
10582 10584 10583
10585 10586 10587
10588 10589 10590
10591 10592 10593
10594 10595 10596
10595 10597 10596
10598 10599 10600
10599 10601 10600
10602 10603 10604
10605 10606 10607
10606 10608 10607
10609 10610 10611
10610 10612 10611
10613 10614 10615
10599 10616 10601
10616 10617 10601
10607 10618 10619
10618 10620 10619
10607 10608 10618
10608 10621 10618
10617 10622 10594
10622 10595 10594
10623 10624 10593
10624 10591 10593
10625 10586 10626
10627 10628 10629
10628 10630 10629
10631 10632 10633
10632 10634 10633
10632 10631 10635
10631 10636 10635
10617 10637 10638
10627 10639 10628
10639 10640 10628
10641 10628 10642
10628 10640 10642
10643 10644 10645
10644 10646 10645
10647 10648 10649
10648 10650 10649
10639 10651 10640
10651 10652 10640
10642 10640 10653
10640 10652 10653
10605 10607 10654
10607 10619 10654
10655 10656 10657
10656 10658 10657
10659 10660 10661
10662 10663 10664
10663 10665 10664
10666 10650 10667
10650 10648 10667
10668 10669 10670
10669 10671 10670
10643 10645 10672
10645 10673 10672
10674 10675 10676
10675 10661 10676
10677 10678 10679
10676 10661 10680
10661 10660 10680
10681 10682 10683
10682 10630 10683
10684 10685 10686
10685 10687 10686
10688 10689 10690
10689 10691 10690
10692 10693 10604
10693 10694 10604
10695 10696 10697
10696 10698 10697
10699 10700 10701
10702 10703 10704
10705 10706 10707
10706 10708 10707
10709 10710 10711
10710 10712 10711
10710 10713 10712
10713 10714 10712
10715 10716 10717
10716 10718 10717
10706 10719 10708
10719 10720 10708
10721 10722 10709
10722 10710 10709
10713 10710 10723
10710 10722 10723
10716 10724 10718
10724 10725 10718
10726 10727 10728
10729 10730 10731
10730 10732 10731
10733 10734 10735
10734 10736 10735
10711 10712 10737
10712 10736 10737
10696 10694 10698
10694 10693 10698
10714 10738 10735
10738 10739 10735
10713 10740 10714
10740 10738 10714
10740 10713 10741
10713 10723 10741
10596 10600 10594
10600 10601 10594
10670 10671 10665
10671 10742 10665
10609 10687 10610
10687 10685 10610
10594 10601 10617
10743 10744 10745
10700 10746 10701
10746 10747 10701
10746 10700 10748
10700 10749 10748
10695 10697 10750
10751 10577 10576
10752 10753 10754
10753 10755 10754
10756 10563 10757
10563 10562 10757
10758 10759 10760
10761 10762 10763
10762 10764 10763
10765 10766 10767
10768 10769 10770
10771 10772 10773
10772 10774 10773
10775 10776 10777
10776 10778 10777
10779 10780 10777
10780 10775 10777
10781 10782 10783
10782 10784 10783
10785 10786 10787
10786 10788 10787
10789 10790 10791
10790 10792 10791
10791 10792 10793
10792 10794 10793
10795 10796 10797
10796 10798 10797
10799 10800 10801
10800 10802 10801
10803 10804 10805
10804 10806 10805
10807 10803 10808
10803 10805 10808
10555 10556 10809
10556 10810 10809
10797 10798 10799
10798 10800 10799
10549 10811 10567
10811 10812 10567
10813 10559 10811
10559 10558 10811
10814 10815 10816
10802 10817 10801
10809 10810 10814
10810 10815 10814
10561 10812 10558
10812 10811 10558
10551 10813 10549
10813 10811 10549
10818 10819 10820
10821 10581 10822
10581 10583 10822
10570 10823 10824
10825 10826 10827
10826 10828 10827
10829 10830 10827
10830 10825 10827
10541 10530 10831
10530 10832 10831
10833 10834 10835
10834 10836 10835
10837 10838 10768
10838 10839 10768
10840 10841 10567
10841 10568 10567
10567 10812 10840
10812 10842 10840
10560 10842 10561
10842 10812 10561
10557 10561 10558
10839 10843 10768
10843 10769 10768
10819 10818 10844
10845 10846 10847
10846 10848 10847
10687 10609 10615
10609 10849 10615
10850 10586 10585
10851 10852 10853
10729 10731 10854
10731 10855 10854
10856 10857 10855
10858 10536 10534
10776 10774 10778
10774 10772 10778
10831 10832 10834
10832 10836 10834
10690 10859 10688
10859 10860 10688
10847 10667 10845
10667 10648 10845
10610 10663 10612
10663 10662 10612
10610 10685 10663
10685 10861 10663
10862 10861 10684
10861 10685 10684
10649 10650 10863
10650 10864 10863
10650 10666 10864
10666 10865 10864
10664 10665 10866
10665 10742 10866
10867 10868 10869
10602 10604 10870
10604 10871 10870
10869 10872 10867
10872 10873 10867
10874 10875 10876
10875 10877 10876
10878 10879 10874
10879 10875 10874
10875 10825 10877
10825 10830 10877
10875 10879 10825
10879 10826 10825
10880 10881 10806
10881 10805 10806
10881 10882 10805
10882 10808 10805
10782 10781 10883
10781 10884 10883
10885 10886 10880
10886 10881 10880
10886 10887 10881
10887 10882 10881
10883 10884 10888
10884 10889 10888
10890 10868 10891
10868 10892 10891
10888 10889 10779
10889 10780 10779
10531 10542 10886
10542 10887 10886
10532 10531 10885
10531 10886 10885
10850 10878 10626
10878 10874 10626
10626 10874 10625
10874 10876 10625
10872 10624 10873
10624 10623 10873
10893 10692 10894
10692 10603 10894
10693 10692 10893
10895 10698 10693
10896 10698 10895
10897 10898 10579
10898 10580 10579
10694 10899 10604
10694 10696 10899
10696 10900 10899
10544 10901 10545
10901 10902 10545
10547 10903 10548
10903 10904 10548
10582 10905 10584
10905 10906 10584
10759 10907 10908
10909 10910 10911
10910 10912 10911
10759 10758 10907
10570 10824 10571
10913 10914 10911
10914 10909 10911
10915 10761 10763
10916 10917 10918
10917 10919 10918
10920 10921 10915
10921 10922 10915
10917 10923 10924
10925 10926 10927
10926 10928 10927
10929 10930 10919
10930 10918 10919
10931 10763 10932
10763 10764 10932
10920 10931 10933
10933 10934 10920
10934 10921 10920
10935 10936 10927
10936 10925 10927
10924 10937 10929
10938 10540 10895
10540 10896 10895
10939 10938 10893
10938 10895 10893
10894 10940 10893
10940 10939 10893
10590 10589 10752
10589 10753 10752
10563 10756 10537
10756 10538 10537
10543 10563 10565
10563 10537 10565
10546 10543 10566
10543 10565 10566
10787 10788 10789
10788 10790 10789
10746 10632 10747
10632 10635 10747
10748 10634 10746
10634 10632 10746
10870 10871 10681
10871 10682 10681
10871 10899 10682
10899 10941 10682
10899 10900 10941
10900 10733 10941
10901 10928 10902
10928 10926 10902
10903 10554 10904
10554 10553 10904
10793 10794 10795
10794 10796 10795
10568 10841 10837
10841 10838 10837
10696 10695 10900
10695 10942 10900
10695 10750 10942
10750 10943 10942
10743 10745 10944
10745 10945 10944
10755 10946 10754
10946 10947 10754
10948 10949 10562
10949 10757 10562
10545 10902 10562
10902 10948 10562
10900 10942 10733
10942 10734 10733
10942 10943 10734
10943 10950 10734
10951 10952 10944
10923 10917 10947
10948 10953 10949
10953 10954 10949
10902 10926 10948
10926 10953 10948
10629 10630 10941
10630 10682 10941
10633 10620 10631
10620 10618 10631
10631 10618 10636
10618 10621 10636
10637 10951 10638
10683 10630 10641
10630 10628 10641
10703 10715 10704
10715 10717 10704
10735 10736 10714
10736 10712 10714
10737 10736 10950
10736 10734 10950
10735 10739 10733
10739 10941 10733
10645 10652 10673
10652 10651 10673
10653 10652 10646
10652 10645 10646
10864 10605 10863
10605 10654 10863
10864 10865 10605
10865 10606 10605
10866 10742 10597
10742 10596 10597
10742 10671 10596
10671 10600 10596
10669 10598 10671
10598 10600 10671
10644 10643 10955
10643 10956 10955
10672 10957 10643
10957 10956 10643
10668 10670 10862
10670 10861 10862
10665 10663 10670
10663 10861 10670
10958 10959 10960
10959 10961 10960
10959 10962 10961
10962 10963 10961
10962 10964 10963
10867 10873 10965
10873 10966 10965
10873 10623 10966
10623 10967 10966
10968 10967 10623
10969 10968 10593
10593 10970 10969
10970 10593 10592
10585 10587 10858
10858 10587 10536
10971 10970 10592
10550 10568 10972
10568 10837 10972
10972 10837 10770
10837 10768 10770
10603 10692 10604
10968 10623 10593
10867 10965 10892
10867 10892 10868
10637 10952 10951
10951 10944 10945
10622 10617 10638
10973 10974 10636
10974 10635 10636
10975 10973 10621
10973 10636 10621
10608 10976 10621
10976 10975 10621
10606 10977 10608
10977 10976 10608
10865 10978 10606
10978 10977 10606
10666 10979 10865
10979 10978 10865
10667 10980 10666
10980 10979 10666
10847 10981 10667
10981 10980 10667
10848 10982 10847
10982 10981 10847
10537 10539 10565
10835 10836 10533
10836 10534 10533
10836 10832 10534
10832 10858 10534
10832 10530 10858
10530 10585 10858
10530 10850 10585
10532 10850 10530
10885 10878 10532
10878 10850 10532
10878 10885 10879
10885 10880 10879
10806 10826 10880
10826 10879 10880
10804 10828 10806
10828 10826 10806
10530 10541 10531
10850 10626 10586
10765 10767 10844
10767 10819 10844
10761 10818 10820
10761 10820 10762
10761 10915 10818
10765 10983 10766
10769 10843 10984
10769 10984 10985
10700 10699 10749
10699 10986 10987
10699 10987 10749
10895 10693 10893
10896 10697 10698
10988 10989 10990
10989 10991 10990
10992 10993 10994
10993 10995 10994
10996 10997 10998
10997 10999 10998
11000 11001 11002
11001 11003 11002
11004 11005 11006
11005 11007 11006
11008 11009 11010
11009 11011 11010
10990 10991 10995
10991 10994 10995
11012 11013 11014
11013 11015 11014
11016 11017 10996
11017 10997 10996
11015 11013 11016
11013 11017 11016
11014 11011 11012
11011 11009 11012
11018 11019 11004
11019 11005 11004
11006 11007 11000
11007 11001 11000
11002 11003 10992
11003 10993 10992
10998 10999 11018
10999 11019 11018
11010 11020 11008
11021 11022 10988
11022 10989 10988
11023 11024 11025
11024 11026 11025
11027 11028 11029
11030 11031 11032
11031 11033 11032
11030 11034 11035
11034 11036 11035
11035 11036 11037
11036 11038 11037
11039 11040 11038
11040 11037 11038
11041 11042 11043
11042 11044 11043
11045 11046 11047
11046 11048 11047
11049 11050 11048
11050 11047 11048
11051 11052 11049
11052 11050 11049
11051 11053 11052
11053 11054 11052
11055 11056 11057
11056 11058 11057
11059 11060 11055
11060 11056 11055
11061 11062 11059
11062 11060 11059
11063 11064 11061
11064 11062 11061
11065 11066 11067
11068 11069 11070
11069 11071 11070
11072 11066 11065
11073 11074 11068
11074 11069 11068
11075 11076 11072
11071 11077 11044
11077 11078 11044
11075 11079 11076
11079 11080 11076
11030 11032 11034
11032 11081 11034
11031 11030 11029
11030 11035 11029
11037 11082 11035
11082 11029 11035
11040 11083 11037
11083 11082 11037
11084 11085 11086
11085 11087 11086
11087 11088 11086
11088 11089 11086
11088 11090 11089
11090 11091 11089
11092 11078 11093
11078 11094 11093
11095 11096 11097
11096 11098 11097
11096 11095 11077
11095 11099 11077
11094 11078 11099
11078 11077 11099
11065 11094 11072
11094 11099 11072
11095 11075 11099
11075 11072 11099
11097 11079 11095
11079 11075 11095
11093 11094 11100
11094 11065 11100
11066 11076 11087
11076 11088 11087
11076 11080 11088
11080 11090 11088
11066 11087 11067
11087 11085 11067
11041 11063 11042
11063 11061 11042
11059 11070 11061
11070 11042 11061
11055 11068 11059
11068 11070 11059
11057 11073 11055
11073 11068 11055
11050 11060 11047
11060 11062 11047
11052 11056 11050
11056 11060 11050
11054 11058 11052
11058 11056 11052
11047 11062 11045
11062 11064 11045
11046 11039 11048
11039 11038 11048
11036 11049 11038
11049 11048 11038
11034 11051 11036
11051 11049 11036
11034 11081 11051
11081 11053 11051
11078 11092 11044
11092 11043 11044
11077 11071 11096
11071 11069 11096
11044 11042 11071
11042 11070 11071
11074 11098 11069
11098 11096 11069
11086 11101 11084
11089 11101 11086
11091 11101 11089
11025 11026 11027
11026 11102 11027
11103 11104 11105
11104 11028 11105
11082 11083 11025
11083 11023 11025
11105 11028 11102
11028 11027 11102
11104 11033 11028
11033 11031 11028
11027 11029 11025
11029 11082 11025
11028 11031 11029
11100 11065 11067
11076 11066 11072
11106 11107 11108
11108 11107 11109
11110 11111 11112
11111 11113 11112
11114 11115 11116
11115 11117 11116
11117 11118 11116
11118 11119 11116
11120 11121 11122
11121 11123 11122
11124 11125 11121
11125 11123 11121
11126 11127 11128
11127 11129 11128
11127 11130 11129
11130 11131 11129
11129 11131 11132
11131 11133 11132
11132 11134 11129
11134 11128 11129
11135 11136 11137
11136 11138 11137
11139 11140 11141
11140 11142 11141
11143 11144 11145
11144 11146 11145
11147 11143 11148
11143 11145 11148
11149 11150 11151
11150 11152 11151
11153 11151 11154
11151 11152 11154
11150 11155 11152
11152 11155 11154
11126 11124 11127
11124 11121 11127
11121 11120 11127
11120 11130 11127
11113 11111 11123
11111 11156 11122
11157 11158 11159
11158 11160 11159
11161 11140 11139
11160 11158 11162
11110 11156 11111
11110 11109 11156
11108 11109 11110
11106 11162 11107
11160 11162 11106
11163 11161 11164
11165 11112 11166
11112 11167 11166
11168 11164 11165
11110 11112 11165
11164 11108 11165
11110 11165 11108
11161 11163 11140
11168 11163 11164
11166 11168 11165
11116 11119 11143
11119 11144 11143
11114 11116 11147
11116 11143 11147
11145 11146 11169
11146 11170 11169
11148 11145 11171
11145 11169 11171
11132 11133 11169
11133 11171 11169
11169 11170 11132
11170 11134 11132
11136 11135 11172
11135 11141 11172
11139 11141 11159
11141 11135 11159
11161 11139 11159
11164 11161 11106
11161 11160 11106
11164 11106 11108
11137 11157 11135
11157 11159 11135
11172 11141 11173
11141 11142 11173
11138 11136 11174
11136 11175 11174
11176 11177 11178
11177 11179 11178
11179 11180 11175
11174 11175 11181
11175 11180 11181
11160 11161 11159
11172 11178 11136
11178 11175 11136
11173 11176 11172
11176 11178 11172
11182 11167 11112
11123 11125 11113
11123 11111 11122
11125 11182 11113
11182 11112 11113
11183 11184 11185
11184 11186 11185
11187 11184 11188
11184 11183 11188
11189 11190 11191
11190 11192 11191
11193 11194 11195
11194 11196 11195
11197 11193 11198
11193 11195 11198
11199 11200 11201
11200 11202 11201
11203 11204 11205
11204 11206 11205
11207 11208 11209
11208 11210 11209
11210 11211 11209
11194 11191 11196
11191 11192 11196
11212 11213 11189
11213 11190 11189
11214 11215 11216
11215 11217 11216
11216 11217 11186
11217 11185 11186
11188 11213 11187
11213 11212 11187
11200 11203 11202
11203 11205 11202
11204 11218 11206
11218 11219 11206
11198 11219 11197
11219 11218 11197
11220 11221 11222
11221 11223 11222
11224 11225 11214
11225 11215 11214
11226 11227 11224
11227 11225 11224
11223 11221 11226
11221 11227 11226
11178 11179 11175
10465 10464 10285
10464 10287 10285
10456 10473 10455
10473 10471 10455
10445 10465 10285
10451 10469 10445
10469 10467 10445
11228 10475 10456
10475 10473 10456
10477 10475 11229
10475 11228 11229
10449 10457 10452
10447 10458 10449
10458 10457 10449
10444 10285 10284
10915 10763 10920
10920 10763 10931
10445 10467 10465
10933 10931 10581
10931 10582 10581
10932 10905 10931
10905 10582 10931
10929 10911 10930
10911 10912 10930
10937 10913 10929
10913 10911 10929
11230 10580 11231
10580 10898 11231
10936 10575 11230
10575 10580 11230
10574 10575 10935
10575 10936 10935
10934 10933 10821
10933 10581 10821
11232 11233 11234
11233 11235 11234
11236 10213 10201
10727 11237 10728
11237 11238 10728
10732 10856 10731
10853 10852 11239
10852 11240 11239
10854 10855 11241
10855 10857 11241
10731 10856 10855
10385 10372 11242
10373 10372 10385
10383 10385 11243
10385 11242 11243
10384 11244 10373
11244 10374 10373
11245 11246 10252
11246 10253 10252
11247 10371 11248
10371 10370 11248
11237 11249 11238
11249 11250 11238
11239 11240 11251
11240 11252 11251
11253 11254 10729
11254 10730 10729
10854 11255 10729
11255 11253 10729
11241 11256 10854
11256 11255 10854
11253 10722 11254
10722 10721 11254
10723 10722 11255
10722 11253 11255
10741 10723 11256
10723 11255 11256
11249 10725 11250
10725 10724 11250
11252 10720 11251
10720 10719 11251
10376 10383 10375
10383 11243 10375
10384 10383 10377
10383 10376 10377
10377 10378 10384
10378 11244 10384
10380 10379 11245
10379 11246 11245
10381 11247 10382
11247 11248 10382
9576 9577 11257
9577 11258 11257
9579 9578 9584
9578 11259 9584
9572 11260 9570
11260 11261 9570
9576 11257 9618
11257 11262 9618
9619 9677 9574
9677 9676 9574
9571 9681 9573
9681 9679 9573
9522 9519 9524
9519 9520 9524
9580 9581 9671
9581 9670 9671
9581 9591 9670
9591 9672 9670
9575 9574 9674
9574 9676 9674
9503 9521 9504
9521 9523 9504
9590 9579 9583
9579 9584 9583
11260 11263 11261
11258 11264 11257
11259 9582 9584
11257 11264 11262
10569 10571 10906
10571 10584 10906
10910 10909 10578
10909 10576 10578
10914 10751 10909
10751 10576 10909
10579 10758 10897
10758 10760 10897
10573 10907 10579
10907 10758 10579
10572 10908 10573
10908 10907 10573
10822 10583 10823
10583 10824 10823
10583 10584 10824
10584 10571 10824
10461 10112 10462
10112 10440 10462
10466 10114 10461
10114 10112 10461
10468 10345 10466
10345 10114 10466
10472 10105 10470
10105 10106 10470
10472 10474 10105
10474 10111 10105
10474 10476 10111
10476 10433 10111
10478 10459 10443
10459 10441 10443
10460 10442 10459
10442 10441 10459
10489 10448 10495
10946 10923 10947
10953 11265 10954
11265 11266 10954
10926 10925 10953
10925 11265 10953
10491 10490 11267
10490 11268 11267
11267 10454 10491
10454 10437 10491
10448 10452 10495
10917 10924 10919
10919 10924 10929
10457 10479 10452
11231 11266 11230
11266 11265 11230
10936 11230 10925
11230 11265 10925
11229 11228 11268
11228 11267 11268
11228 10456 11267
10456 10454 11267
11269 11270 11271
11272 10613 10849
10849 10613 10615
11271 11270 11273
10140 10264 10141
10264 11274 10141
10193 11275 10194
10199 10198 11276
10198 11277 11276
10266 10139 10366
10140 10139 10266
10523 11275 10193
10609 10611 10849
10611 11272 10849
11271 11273 10848
11273 10982 10848
10846 11269 10848
11269 11271 10848
10689 10679 10691
10679 10678 10691
10686 10687 10614
10687 10615 10614
10265 10367 10393
10367 10394 10393
10195 10392 10524
10392 10522 10524
10391 10392 10196
10392 10195 10196
10389 10390 11277
10390 11276 11277
10264 10396 11274
10396 10398 11274
10265 10393 10264
10393 10396 10264
11236 10201 10200
10656 11278 10658
10675 10659 10661
11232 11279 11233
10208 11280 10209
10205 11281 10207
10680 10955 10676
10955 10956 10676
11234 11235 10647
11235 10648 10647
10657 11282 10655
11282 11283 10655
10676 10956 10674
10956 10957 10674
10203 10212 10496
10212 10498 10496
10210 10211 11284
10211 11285 11284
10206 10173 10204
10173 10175 10204
10496 10497 10203
10497 10202 10203
11118 11117 11153
11117 11151 11153
11115 11149 11117
11149 11151 11117
11208 11207 11201
11207 11199 11201
11286 9768 11287
9768 9767 11287
11288 9741 11289
9741 9739 11289
11290 9778 11291
9778 9798 11291
11292 11293 11294
11293 11295 11294
11287 9965 11286
9965 9966 11286
9961 11288 9962
11288 11289 9962
11291 9960 11290
9960 9958 11290
9956 9955 11292
9955 11293 11292
9789 11296 9791
9948 11297 9947
9951 9950 9963
9950 9964 9963
9953 9957 9954
9957 9959 9954
9614 9610 9692
9612 9693 9691
11298 9695 9696
11299 10010 10009
11300 10005 10007
9695 11298 9694
9686 9692 9688
9692 9691 9688
10017 10014 10018
10014 10015 10018
10013 10016 10020
10016 10019 10020
9688 9691 9689
9691 9693 9689
9684 9683 9708
9683 9709 9708
10049 10050 9997
10050 9998 9997
10001 10000 10053
10000 10054 10053
10052 10004 10051
10004 10003 10051
9939 9733 9940
10219 10133 10434
10899 10871 10604
