byte offset: 0
first index: 0
index count: 8259
topology: trianglelist
format: DXGI_FORMAT_R16_UINT

0 1 2
1 3 2
1 4 3
4 5 3
4 6 5
6 7 5
8 0 9
0 2 9
10 11 9
11 8 9
12 13 10
13 11 10
14 15 12
15 13 12
16 17 14
17 15 14
18 19 20
21 22 23
22 24 23
25 21 26
21 23 26
24 27 23
27 28 23
29 26 28
26 23 28
22 30 24
30 31 24
31 32 24
32 27 24
6 33 7
33 34 7
35 36 37
31 38 32
39 40 41
40 42 41
41 42 43
42 44 43
39 41 45
41 46 45
47 46 43
46 41 43
48 49 39
49 40 39
48 39 50
39 45 50
48 51 52
48 52 49
48 50 51
37 53 35
53 54 35
51 55 52
18 56 19
31 57 38
31 30 57
57 36 38
38 36 35
53 34 33
56 55 51
56 58 55
20 19 17
20 17 16
18 58 56
54 53 33
59 60 61
60 62 61
63 59 64
59 61 64
63 64 65
64 66 65
65 66 67
66 68 67
68 69 70
71 69 66
69 68 66
71 72 73
72 74 73
72 75 74
75 76 74
76 75 77
75 78 77
79 80 78
80 77 78
67 68 70
81 60 82
60 83 82
81 84 85
86 87 79
87 80 79
88 87 86
66 64 71
64 72 71
64 61 72
61 75 72
75 61 78
61 62 78
89 62 81
62 60 81
69 71 90
71 73 90
69 90 91
69 91 70
67 70 92
85 86 89
86 79 89
89 79 62
79 78 62
88 93 94
95 83 59
83 60 59
63 96 59
96 95 59
65 97 63
97 96 63
67 92 65
92 97 65
82 84 81
93 85 84
98 70 91
93 88 86
93 86 85
89 81 85
99 100 101
102 99 101
103 99 102
100 104 101
103 102 105
100 106 104
102 101 107
105 102 108
109 103 105
110 101 104
102 107 108
110 107 101
111 104 106
112 105 108
109 105 112
113 106 114
111 106 113
104 115 110
116 108 107
104 111 115
117 107 110
108 118 112
118 119 112
120 109 112
116 118 108
120 121 122
113 114 123
114 124 123
116 107 117
111 113 125
113 123 125
112 119 120
119 126 120
127 110 115
117 110 127
111 128 115
129 121 120
111 125 128
130 121 129
116 131 118
131 132 118
133 116 117
118 132 119
132 134 119
129 135 130
123 136 125
136 137 125
123 124 136
124 138 136
133 131 116
115 139 127
115 128 139
140 117 127
129 120 141
120 126 141
119 134 126
134 142 126
125 137 128
137 143 128
133 117 140
138 124 144
129 145 135
145 146 135
136 138 147
138 148 147
149 150 151
150 152 151
150 149 153
149 154 153
150 153 155
153 156 155
136 147 137
147 157 137
138 144 158
131 159 132
159 160 132
150 155 152
155 161 152
133 162 131
162 159 131
139 163 127
163 140 127
144 164 158
164 165 158
155 166 161
166 167 161
168 139 128
155 156 166
156 169 166
132 160 134
160 170 134
149 151 171
168 128 143
138 172 148
172 173 148
137 157 143
157 174 143
158 172 138
153 175 156
175 176 156
154 175 153
154 149 171
161 177 152
140 178 133
178 162 133
141 126 179
126 142 179
141 180 129
180 145 129
156 176 169
176 181 169
161 167 182
167 183 182
161 184 177
134 170 142
170 185 142
145 186 146
186 187 146
158 165 172
165 188 172
184 161 182
154 189 175
154 171 190
139 191 163
174 192 143
192 168 143
193 176 175
190 189 154
139 168 191
163 194 140
194 178 140
195 196 197
196 198 197
199 195 197
177 184 200
184 201 200
181 176 202
176 193 202
172 188 173
188 203 173
189 204 175
193 175 204
184 182 201
182 205 201
196 206 198
182 183 205
183 207 205
208 199 197
179 209 141
209 180 141
210 190 171
192 211 168
211 191 168
159 212 160
179 142 213
142 185 213
214 159 162
202 193 215
193 216 215
190 217 189
218 163 191
180 219 145
219 186 145
208 220 221
220 222 221
160 212 170
212 223 170
204 216 193
218 194 163
208 197 220
189 224 204
178 225 162
225 226 162
206 227 198
227 228 198
197 198 229
198 228 229
186 230 187
230 231 187
232 233 234
178 194 235
236 237 238
237 239 238
224 189 217
234 233 240
233 241 240
204 242 216
236 233 232
185 170 243
170 223 243
211 244 191
244 218 191
220 197 245
197 229 245
159 214 212
204 224 242
224 246 242
215 216 247
216 248 247
217 190 249
210 249 190
240 241 250
225 178 235
236 238 233
214 162 226
218 251 194
222 220 252
220 245 252
248 216 242
213 253 179
253 209 179
251 235 194
239 254 238
254 255 238
209 256 180
256 219 180
257 231 258
231 230 258
227 259 228
259 260 228
213 185 261
185 243 261
229 228 262
230 186 263
186 219 263
245 229 264
229 262 264
244 265 218
265 251 218
238 255 233
255 266 233
267 224 217
233 266 241
266 268 241
248 242 269
250 241 270
241 268 270
271 257 272
257 258 272
247 248 273
248 274 273
259 271 260
271 272 260
252 245 275
245 264 275
225 235 276
242 246 269
246 277 269
217 249 278
262 228 279
228 280 279
223 212 281
212 282 281
246 224 267
214 282 212
276 235 251
228 260 280
260 283 280
249 210 284
258 230 285
230 263 285
248 269 274
254 286 255
286 287 255
267 217 278
243 223 288
223 281 288
260 272 283
272 289 283
226 225 290
264 262 291
262 279 291
272 258 289
258 285 289
263 219 292
219 256 292
253 293 209
293 256 209
294 214 226
253 213 295
213 261 295
296 251 265
255 287 266
287 297 266
225 276 290
296 276 251
269 298 274
299 273 274
214 294 282
280 283 300
261 243 301
243 288 301
285 263 302
263 292 302
275 264 303
264 291 303
279 280 304
280 300 304
283 289 300
289 305 300
306 246 267
307 278 249
289 285 305
285 302 305
266 297 268
298 269 277
307 249 284
286 308 287
308 309 287
246 306 277
306 310 277
311 274 298
299 274 311
226 290 312
313 314 315
292 256 316
256 293 316
317 267 278
294 226 312
313 315 318
319 276 296
293 253 320
253 295 320
319 290 276
305 321 300
287 309 297
309 322 297
306 267 317
305 302 321
302 323 321
281 282 324
282 325 324
270 268 326
268 327 326
288 281 328
281 324 328
295 261 329
261 301 329
330 298 277
304 300 331
300 321 331
297 322 268
322 332 268
302 292 323
292 316 323
333 314 334
314 313 334
330 311 298
335 299 311
282 294 325
294 336 325
307 337 278
317 278 337
320 316 293
301 288 338
288 328 338
333 334 339
334 340 339
277 310 330
310 341 330
342 307 284
343 313 318
306 317 344
343 318 345
294 312 336
312 346 336
335 311 347
330 347 311
348 312 290
268 332 327
332 349 327
319 348 290
306 344 310
344 350 310
301 338 329
338 351 329
331 321 352
321 323 352
295 353 320
340 354 339
295 329 353
337 307 355
334 313 356
313 343 356
320 357 316
316 357 323
317 337 358
335 347 359
341 347 330
317 358 344
358 360 344
342 355 307
322 361 332
361 362 332
326 327 363
327 364 363
312 348 346
348 365 346
340 366 354
334 356 340
356 367 340
357 352 323
343 345 368
345 369 368
347 370 359
341 370 347
332 362 349
371 341 310
337 372 358
372 373 358
372 337 355
327 349 364
349 374 364
371 310 350
375 353 329
344 360 350
360 376 350
353 377 320
375 329 351
377 357 320
367 366 340
356 343 378
343 368 378
379 355 342
380 369 381
370 382 359
382 383 359
384 370 341
349 362 374
362 385 374
369 380 368
358 373 360
373 386 360
384 341 371
372 355 379
361 387 362
387 388 362
356 378 367
378 389 367
363 364 390
364 391 390
367 392 366
350 393 371
350 376 393
375 394 353
394 377 353
382 370 395
370 384 395
360 386 376
386 396 376
364 374 391
374 397 391
381 398 399
372 400 373
400 401 373
381 399 380
400 372 379
385 362 388
371 402 384
367 389 392
389 403 392
368 404 378
368 380 404
371 393 402
374 385 397
385 405 397
376 396 393
396 406 393
400 379 407
373 401 386
401 408 386
390 391 409
391 410 409
395 384 411
384 402 411
389 378 404
385 388 405
388 412 405
387 413 388
413 412 388
391 397 410
397 414 410
415 398 416
386 408 396
408 417 396
415 399 398
418 400 419
402 393 420
393 406 420
399 421 380
421 404 380
418 419 422
401 400 423
400 418 423
409 410 424
410 425 424
397 405 414
405 426 414
411 402 427
402 420 427
389 404 428
418 422 429
403 389 428
406 396 430
396 417 430
408 401 431
401 423 431
418 429 432
429 433 432
410 414 425
414 434 425
424 425 433
425 432 433
399 415 421
415 435 421
405 412 426
412 436 426
420 406 437
406 430 437
404 421 428
421 438 428
417 408 439
408 431 439
423 418 440
418 432 440
441 412 413
414 426 434
426 442 434
425 434 432
434 440 432
428 443 403
427 420 444
420 437 444
430 417 445
417 439 445
431 423 446
423 440 446
426 436 442
436 447 442
436 412 441
434 442 440
442 446 440
443 428 438
437 430 448
430 445 448
439 431 449
431 446 449
442 447 446
447 449 446
450 436 441
450 447 436
444 437 451
437 448 451
438 421 452
421 435 452
445 439 453
439 449 453
447 450 449
450 453 449
443 438 454
450 441 455
448 445 456
445 453 456
452 454 438
453 450 457
448 456 451
456 458 451
457 450 455
453 457 456
452 459 454
457 455 460
461 456 457
461 458 456
461 457 460
400 407 419
462 463 464
463 465 464
466 467 468
469 470 462
470 463 462
466 468 471
472 473 467
473 468 467
468 474 471
468 473 474
466 471 475
476 477 465
477 464 465
471 474 465
465 474 476
463 478 465
478 471 465
475 471 478
479 469 480
469 481 480
470 478 463
475 478 482
472 483 473
484 470 479
470 469 479
483 485 473
486 487 470
487 478 470
487 482 478
472 488 483
489 486 484
486 470 484
488 490 483
491 479 492
479 480 492
488 493 490
493 494 490
488 495 493
496 489 497
489 484 497
498 499 500
499 492 500
493 501 494
502 501 495
501 493 495
503 504 505
504 506 505
507 491 499
491 492 499
508 509 510
509 511 510
511 512 498
512 499 498
513 496 514
496 497 514
509 508 515
508 516 515
517 503 501
503 505 501
518 509 515
499 512 507
512 519 507
517 502 520
521 504 522
504 503 522
523 513 524
513 514 524
525 526 527
526 518 527
512 528 519
528 529 519
522 503 530
503 517 530
531 532 533
532 525 533
526 525 534
525 532 534
535 523 536
523 524 536
520 537 530
528 526 529
526 534 529
532 531 538
531 539 538
540 535 541
535 536 541
542 538 539
543 540 538
540 541 538
538 542 543
504 544 506
545 546 547
545 547 548
549 550 551
549 552 553
545 554 546
549 551 555
556 557 558
557 559 558
558 560 556
560 561 556
560 558 562
558 563 562
564 560 565
560 562 565
566 567 565
567 564 565
568 500 566
500 567 566
569 498 568
498 500 568
510 511 498
560 564 561
564 481 561
567 480 564
480 481 564
500 492 567
492 480 567
549 555 552
570 554 545
473 485 476
485 571 476
571 477 476
572 559 573
559 557 573
574 559 575
576 577 575
577 574 575
485 483 578
483 490 578
558 559 574
574 577 563
509 528 511
528 512 511
518 528 509
476 474 473
526 528 518
517 501 502
579 580 581
571 485 582
485 578 582
583 494 501
573 571 584
571 582 584
580 572 584
572 573 584
579 572 580
585 575 579
586 583 505
544 587 506
587 586 506
588 581 544
581 587 544
589 590 581
583 501 505
557 477 573
477 571 573
557 556 477
556 464 477
462 464 561
464 556 561
561 481 462
481 469 462
494 578 490
582 578 583
578 494 583
584 582 586
582 583 586
587 580 586
580 584 586
542 539 591
586 505 506
538 541 532
541 534 532
541 536 534
536 529 534
536 524 529
524 519 529
524 514 519
514 507 519
514 497 507
497 491 507
497 484 491
484 479 491
592 593 594
593 595 594
570 594 554
594 595 554
596 597 598
597 599 598
551 598 555
598 599 555
593 592 600
592 601 600
547 602 548
550 603 551
593 600 604
525 596 533
527 596 525
521 605 606
597 607 608
609 593 588
588 544 609
610 611 612
611 608 612
613 614 533
606 544 504
533 596 613
521 606 504
612 608 615
608 607 615
609 544 606
597 596 527
527 607 597
554 595 546
595 616 546
616 595 609
595 593 609
616 617 546
617 547 546
616 609 617
609 606 617
617 602 547
617 606 602
606 605 602
555 599 552
599 618 552
599 597 618
597 608 618
608 611 618
611 619 618
618 619 552
619 553 552
613 596 603
596 598 603
603 598 551
585 576 575
575 572 579
575 559 572
581 580 587
563 558 574
593 604 588
620 621 622
621 623 622
624 625 626
627 620 628
620 622 628
624 629 625
625 630 626
630 631 626
625 629 632
625 632 630
624 633 629
634 623 635
623 621 635
629 623 632
623 634 632
622 623 636
636 623 629
633 636 629
637 638 627
638 639 627
628 622 636
633 640 636
631 630 641
627 628 637
628 642 637
641 630 643
636 644 628
644 645 628
644 636 640
631 641 646
628 645 642
645 647 642
646 641 648
638 637 649
637 650 649
646 648 651
651 648 652
646 651 653
642 647 654
647 655 654
656 657 658
657 649 658
651 652 659
651 659 653
659 660 653
661 662 663
662 664 663
665 658 650
658 649 650
666 667 668
667 669 668
658 670 656
670 666 656
654 655 671
655 672 671
673 674 669
662 661 659
661 675 659
676 677 678
677 673 678
679 673 667
680 670 665
670 658 665
675 681 660
661 663 682
663 683 682
671 672 684
672 685 684
679 686 678
686 687 678
688 689 680
689 670 680
675 661 690
661 682 690
687 691 692
691 693 692
686 694 687
694 691 687
684 685 695
685 696 695
675 690 681
694 686 688
686 689 688
697 693 698
693 691 698
695 696 699
696 700 699
701 697 698
699 700 698
700 702 698
698 702 701
663 664 703
704 705 706
704 707 705
708 709 710
708 711 712
704 706 713
708 714 709
656 666 715
666 668 715
657 656 716
656 715 716
717 657 718
657 716 718
719 720 721
720 722 721
723 724 719
724 720 719
725 717 726
717 718 726
727 724 726
724 725 726
724 727 720
727 728 720
729 728 730
728 727 730
726 731 727
731 730 727
726 718 731
718 732 731
718 716 732
716 733 732
716 715 733
715 734 733
735 734 668
734 715 668
668 669 735
669 736 735
639 725 723
725 724 723
639 638 725
638 717 725
638 649 717
649 657 717
677 674 673
708 712 714
737 704 713
630 634 643
635 738 634
738 643 634
721 722 739
722 740 739
741 742 722
743 742 744
742 741 744
643 745 641
745 648 641
720 728 722
728 741 722
744 741 729
741 728 729
670 689 666
689 667 666
679 667 689
634 630 632
686 679 689
675 660 659
746 747 748
746 749 750
738 751 643
751 745 643
752 659 652
739 753 738
753 751 738
739 740 753
740 748 753
746 748 740
749 746 742
754 662 752
754 755 664
755 703 664
752 662 659
721 739 635
739 738 635
621 719 635
719 721 635
719 621 723
621 620 723
723 620 639
620 627 639
652 648 745
751 752 745
752 652 745
753 754 751
754 752 751
753 748 754
748 755 754
701 756 697
754 664 662
694 699 691
699 698 691
688 695 694
695 699 694
680 684 688
684 695 688
684 680 671
680 665 671
650 654 665
654 671 665
637 642 650
642 654 650
757 758 759
758 760 759
757 759 713
759 737 713
761 762 763
762 764 763
761 763 714
763 709 714
758 765 760
705 707 766
710 709 767
765 758 768
758 769 768
687 692 764
678 687 764
683 770 771
762 772 773
774 769 758
769 774 703
772 775 776
777 692 778
770 663 703
692 777 764
683 663 770
772 779 773
774 770 703
762 678 764
678 762 676
762 773 676
780 757 706
757 713 706
758 757 774
757 780 774
780 706 781
706 705 781
780 781 774
781 770 774
781 705 766
781 766 770
766 771 770
782 761 712
761 714 712
761 782 762
782 772 762
783 775 782
775 772 782
782 712 783
712 711 783
763 764 767
764 777 767
767 709 763
749 742 743
742 746 740
742 740 722
747 746 750
747 755 748
510 498 569
690 784 681
517 520 530
785 786 787
786 788 787
789 790 791
790 792 791
793 794 795
794 796 795
787 788 797
788 798 797
793 795 785
795 786 785
797 798 799
798 800 799
799 800 801
800 802 801
801 802 803
802 804 803
803 804 805
804 806 805
805 806 807
806 808 807
808 809 807
809 810 807
811 812 813
812 814 813
812 815 814
815 816 814
815 817 816
817 818 816
817 819 818
819 820 818
819 821 820
821 822 820
821 796 822
796 794 822
790 823 792
823 824 792
825 826 827
826 828 827
829 828 830
828 826 830
831 829 832
829 830 832
833 831 834
831 832 834
835 833 836
833 834 836
837 835 838
835 836 838
839 837 840
837 838 840
841 839 842
839 840 842
843 844 845
844 846 845
847 848 843
848 844 843
849 850 847
850 848 847
851 852 849
852 850 849
853 854 851
854 852 851
855 856 853
856 854 853
857 858 855
858 856 855
825 827 857
827 858 857
859 824 860
824 823 860
861 859 862
859 860 862
861 862 863
862 864 863
863 864 865
864 866 865
865 866 867
866 868 867
867 868 869
868 870 869
871 872 873
872 874 873
873 874 875
874 876 875
875 876 877
876 878 877
879 877 880
877 878 880
881 879 882
879 880 882
883 881 884
881 882 884
885 883 886
883 884 886
791 885 789
885 886 789
887 888 889
888 890 889
889 890 891
890 892 891
892 893 891
894 895 893
887 896 888
897 898 899
898 895 899
898 897 900
897 901 900
900 901 902
901 903 902
904 905 902
905 900 902
906 898 905
898 900 905
895 898 907
898 906 907
895 894 899
908 895 907
893 895 908
892 894 893
891 893 908
909 910 911
910 912 911
913 914 915
914 916 915
917 918 919
918 920 919
921 909 922
909 911 922
917 912 918
912 910 918
923 921 924
921 922 924
925 923 926
923 924 926
927 925 928
925 926 928
929 927 930
927 928 930
931 929 932
929 930 932
931 932 933
932 934 933
935 936 937
936 938 937
937 938 939
938 940 939
939 940 941
940 942 941
941 942 943
942 944 943
943 944 945
944 946 945
945 946 920
946 919 920
914 913 947
913 948 947
949 950 951
950 952 951
953 954 949
954 950 949
955 956 953
956 954 953
957 958 955
958 956 955
959 960 957
960 958 957
961 962 959
962 960 959
963 964 961
964 962 961
965 966 963
966 964 963
967 968 969
968 970 969
968 971 970
971 972 970
971 973 972
973 974 972
973 975 974
975 976 974
975 977 976
977 978 976
977 979 978
979 980 978
981 980 982
980 979 982
952 981 951
981 982 951
947 948 983
948 984 983
983 984 985
984 986 985
986 987 985
987 988 985
987 989 988
989 990 988
989 991 990
991 992 990
991 993 992
993 994 992
995 996 997
996 998 997
996 999 998
999 1000 998
999 1001 1000
1001 1002 1000
1002 1001 1003
1001 1004 1003
1003 1004 1005
1004 1006 1005
1005 1006 1007
1006 1008 1007
1007 1008 1009
1008 1010 1009
1009 1010 916
1010 915 916
1011 1012 1013
1012 1014 1013
1015 1014 1016
1014 1012 1016
1015 1016 1017
1018 1017 1019
1011 1013 1020
1021 1022 1023
1022 1019 1023
1023 1024 1021
1024 1025 1021
1024 1026 1025
1026 1027 1025
1024 1028 1026
1028 1029 1026
1030 1028 1023
1028 1024 1023
1019 1031 1023
1031 1030 1023
1019 1022 1018
1032 1031 1019
1017 1032 1019
1015 1017 1018
1016 1032 1017
772 776 779
1033 1034 1035
1034 1036 1035
1037 1038 1039
1038 1040 1039
1041 1042 1043
1042 1044 1043
1043 1044 1045
1044 1046 1045
1045 1046 1037
1046 1038 1037
1047 1048 1049
1048 1050 1049
1050 1051 1049
1052 1053 1054
1053 1055 1054
1056 1055 1057
1055 1053 1057
1051 1050 1058
1050 1059 1058
1060 1061 1062
1063 1064 1065
1066 1067 1068
1069 1058 1059
1066 1069 1067
1069 1059 1067
1034 1052 1036
1052 1054 1036
1070 1071 1041
1071 1042 1041
1063 1056 1064
1056 1057 1064
1072 1073 1074
1073 1075 1074
1076 1077 1078
1077 1079 1078
1080 1081 1082
1083 1084 1085
1084 1086 1085
1087 1088 1089
1090 1087 1091
1087 1089 1091
1092 1090 1093
1090 1091 1093
1094 1092 1095
1092 1093 1095
1084 1094 1086
1094 1095 1086
1074 1075 1096
1075 1097 1096
1098 1099 1100
1099 1101 1100
1100 1101 1097
1101 1096 1097
1081 1077 1102
1081 1102 1082
1082 1103 1080
1103 1104 1080
1098 1105 1106
1107 1076 1078
1098 1106 1099
1108 1109 1110
1109 1111 1110
1112 1113 1108
1113 1109 1108
1112 1114 1113
1114 1115 1113
1114 1116 1115
1116 1117 1115
1117 1118 1119
1120 1115 1119
1115 1117 1119
1121 1122 1123
1122 1120 1123
1122 1121 1124
1121 1125 1124
1126 1124 1127
1124 1125 1127
1127 1128 1126
1128 1129 1126
1130 1108 1131
1108 1110 1131
1130 1132 1108
1132 1112 1108
1132 1133 1112
1133 1114 1112
1133 1134 1114
1134 1116 1114
1135 1116 1134
1116 1118 1117
1136 1118 1135
1137 1138 1110
1138 1131 1110
1139 1140 1137
1140 1138 1137
1137 1141 1139
1141 1142 1139
1143 1129 1144
1129 1128 1144
1145 1140 1139
1142 1146 1139
1147 1143 1144
1122 1113 1120
1113 1115 1120
1113 1122 1109
1122 1124 1109
1111 1109 1126
1109 1124 1126
1141 1137 1111
1137 1110 1111
1123 1120 1148
1120 1119 1148
1119 1149 1148
1136 1149 1118
1119 1118 1149
1116 1135 1118
1146 1143 1147
1129 1143 1141
1143 1142 1141
1126 1129 1111
1129 1141 1111
1146 1145 1139
1146 1142 1143
1150 1145 1146
1147 1150 1146
1151 1152 1153
1152 1154 1153
1152 1155 1154
1155 1156 1154
1157 1151 1158
1151 1153 1158
1159 1160 1161
1160 1162 1161
1153 1154 1163
1154 1164 1163
1165 1166 1155
1166 1156 1155
1158 1153 1167
1153 1163 1167
1154 1156 1164
1156 1168 1164
1169 1159 1170
1159 1161 1170
1171 1172 1165
1172 1166 1165
1161 1162 1173
1162 1174 1173
1164 1175 1163
1175 1176 1163
1167 1163 1177
1163 1176 1177
1166 1178 1156
1178 1168 1156
1179 1169 1180
1169 1170 1180
1168 1181 1164
1181 1175 1164
1182 1183 1171
1183 1172 1171
1170 1161 1184
1161 1173 1184
1173 1174 1185
1174 1186 1185
1187 1179 1188
1179 1180 1188
1189 1190 1182
1190 1183 1182
1176 1191 1177
1191 1192 1177
1175 1193 1176
1193 1191 1176
1172 1194 1166
1194 1178 1166
1195 1187 1196
1187 1188 1196
1195 1196 1189
1196 1190 1189
1178 1197 1168
1197 1181 1168
1180 1170 1198
1170 1184 1198
1181 1199 1175
1199 1193 1175
1184 1173 1200
1173 1185 1200
1186 1201 1185
1201 1202 1185
1183 1203 1172
1203 1194 1172
1188 1180 1204
1180 1198 1204
1194 1205 1178
1205 1197 1178
1191 1206 1192
1206 1207 1192
1193 1208 1191
1208 1206 1191
1197 1209 1181
1209 1199 1181
1190 1210 1183
1210 1203 1183
1196 1188 1211
1188 1204 1211
1198 1184 1212
1184 1200 1212
1196 1211 1190
1211 1210 1190
1185 1202 1200
1202 1213 1200
1201 1214 1202
1214 1215 1202
1199 1216 1193
1216 1208 1193
1203 1217 1194
1217 1205 1194
1206 1218 1207
1218 1219 1207
1208 1220 1206
1220 1218 1206
1204 1198 1221
1198 1212 1221
1205 1222 1197
1222 1209 1197
1202 1215 1213
1215 1223 1213
1209 1224 1199
1224 1216 1199
1200 1213 1212
1213 1225 1212
1214 1226 1215
1226 1227 1215
1210 1228 1203
1228 1217 1203
1211 1204 1229
1204 1221 1229
1216 1230 1208
1230 1220 1208
1210 1211 1228
1211 1229 1228
1220 1231 1218
1231 1232 1218
1218 1232 1219
1232 1233 1219
1205 1217 1222
1217 1234 1222
1226 1235 1227
1235 1236 1227
1230 1237 1220
1237 1231 1220
1221 1212 1238
1212 1225 1238
1230 1216 1239
1216 1224 1239
1222 1240 1209
1240 1224 1209
1232 1241 1233
1241 1242 1233
1227 1243 1215
1243 1223 1215
1225 1213 1244
1213 1223 1244
1231 1245 1232
1245 1241 1232
1217 1228 1234
1228 1246 1234
1229 1221 1247
1221 1238 1247
1228 1229 1246
1229 1247 1246
1237 1248 1231
1248 1245 1231
1237 1230 1249
1230 1239 1249
1250 1251 1235
1251 1236 1235
1241 1252 1242
1252 1253 1242
1245 1254 1241
1254 1252 1241
1236 1255 1227
1255 1243 1227
1239 1224 1256
1224 1240 1256
1243 1257 1223
1257 1244 1223
1234 1258 1222
1258 1240 1222
1238 1225 1259
1225 1244 1259
1250 1260 1251
1260 1261 1251
1248 1262 1245
1262 1254 1245
1248 1237 1263
1237 1249 1263
1254 1264 1252
1264 1265 1252
1234 1246 1258
1246 1266 1258
1239 1256 1249
1256 1267 1249
1252 1265 1253
1265 1268 1253
1247 1238 1269
1238 1259 1269
1251 1270 1236
1270 1255 1236
1255 1271 1243
1271 1257 1243
1246 1247 1266
1247 1269 1266
1257 1272 1244
1272 1259 1244
1262 1273 1254
1273 1264 1254
1256 1240 1274
1240 1258 1274
1264 1275 1265
1275 1276 1265
1260 1277 1261
1277 1278 1261
1251 1261 1270
1261 1279 1270
1262 1248 1280
1248 1263 1280
1265 1276 1268
1276 1281 1268
1255 1270 1282
1270 1283 1282
1269 1259 1284
1259 1272 1284
1271 1285 1257
1285 1272 1257
1275 1264 1286
1264 1273 1286
1271 1255 1287
1255 1282 1287
1249 1267 1288
1256 1274 1267
1274 1289 1267
1266 1290 1258
1290 1274 1258
1269 1284 1266
1284 1290 1266
1273 1262 1291
1262 1280 1291
1261 1278 1279
1278 1292 1279
1280 1263 1288
1270 1279 1283
1279 1293 1283
1284 1272 1294
1272 1285 1294
1295 1278 1296
1278 1277 1296
1285 1271 1297
1271 1287 1297
1274 1290 1289
1290 1298 1289
1276 1275 1299
1275 1300 1299
1284 1294 1290
1294 1298 1290
1282 1283 1301
1283 1302 1301
1287 1282 1303
1282 1301 1303
1286 1273 1304
1273 1291 1304
1276 1299 1281
1299 1305 1281
1288 1267 1306
1267 1289 1306
1294 1285 1307
1285 1297 1307
1280 1288 1308
1297 1287 1309
1287 1303 1309
1278 1295 1292
1295 1310 1292
1291 1280 1308
1275 1286 1300
1286 1311 1300
1302 1283 1312
1283 1293 1312
1279 1292 1293
1292 1313 1293
1303 1301 1314
1301 1302 1314
1298 1294 1315
1294 1307 1315
1288 1306 1308
1306 1316 1308
1317 1318 1319
1297 1309 1307
1309 1320 1307
1298 1321 1289
1321 1306 1289
1302 1312 1314
1312 1322 1314
1323 1324 1325
1324 1326 1325
1327 1328 1329
1328 1318 1329
1330 1291 1308
1309 1303 1331
1303 1314 1331
1307 1320 1315
1320 1332 1315
1298 1315 1321
1315 1333 1321
1312 1293 1322
1293 1334 1322
1304 1291 1335
1291 1330 1335
1336 1337 1317
1337 1329 1317
1292 1310 1313
1310 1338 1313
1320 1309 1339
1309 1331 1339
1306 1321 1316
1321 1340 1316
1315 1332 1333
1332 1341 1333
1332 1320 1341
1320 1339 1341
1304 1342 1286
1342 1311 1286
1293 1313 1334
1313 1343 1334
1327 1329 1344
1329 1337 1344
1322 1345 1314
1345 1331 1314
1330 1308 1346
1308 1316 1346
1321 1333 1340
1333 1347 1340
1341 1348 1333
1348 1347 1333
1322 1334 1345
1334 1349 1345
1339 1331 1350
1331 1345 1350
1341 1339 1348
1339 1350 1348
1325 1326 1351
1326 1352 1351
1313 1338 1343
1338 1353 1343
1335 1330 1354
1330 1346 1354
1340 1355 1316
1355 1346 1316
1356 1326 1357
1326 1324 1357
1348 1350 1347
1350 1358 1347
1334 1343 1349
1343 1359 1349
1350 1345 1358
1345 1349 1358
1335 1360 1304
1360 1342 1304
1347 1361 1340
1361 1355 1340
1347 1358 1361
1358 1362 1361
1358 1349 1362
1349 1359 1362
1343 1353 1359
1353 1363 1359
1310 1364 1338
1364 1365 1338
1366 1352 1356
1352 1326 1356
1355 1367 1346
1367 1354 1346
1368 1369 1370
1371 1372 1362
1372 1361 1362
1361 1372 1355
1372 1367 1355
1373 1374 1375
1351 1352 1376
1352 1377 1376
1338 1365 1353
1365 1378 1353
1354 1379 1335
1379 1360 1335
1380 1377 1366
1377 1352 1366
1367 1381 1354
1381 1379 1354
1353 1378 1363
1378 1382 1363
1376 1377 1383
1377 1384 1383
1385 1386 1373
1386 1374 1373
1372 1387 1367
1387 1381 1367
1372 1371 1387
1371 1388 1387
1377 1380 1384
1380 1389 1384
1390 1391 1385
1391 1386 1385
1392 1393 1394
1393 1395 1394
1390 1394 1391
1394 1395 1391
1384 1389 1396
1389 1397 1396
1398 1386 1399
1386 1391 1399
1400 1374 1398
1374 1386 1398
1401 1395 1393
1368 1402 1403
1296 1404 1295
1404 1405 1295
1295 1405 1310
1405 1364 1310
1393 1396 1397
1406 1369 1407
1336 1317 1408
1317 1407 1408
1407 1369 1408
1369 1409 1408
1407 1317 1319
1406 1407 1319
1317 1329 1318
1391 1395 1399
1395 1401 1399
1396 1410 1384
1410 1383 1384
1410 1396 1392
1396 1393 1392
1363 1382 1371
1382 1388 1371
1359 1363 1362
1363 1371 1362
1402 1368 1375
1368 1370 1375
1375 1370 1411
1373 1375 1411
1411 1370 1406
1370 1369 1406
1403 1402 1412
1402 1400 1412
1375 1374 1402
1374 1400 1402
1413 1414 1415
1414 1416 1415
1414 1417 1416
1417 1418 1416
1417 1419 1418
1419 1420 1418
1421 1413 1422
1413 1415 1422
1423 1424 1425
1424 1426 1425
1415 1416 1427
1416 1428 1427
1416 1418 1428
1418 1429 1428
1430 1431 1419
1431 1420 1419
1422 1415 1432
1415 1427 1432
1418 1420 1429
1420 1433 1429
1434 1423 1435
1423 1425 1435
1436 1437 1430
1437 1431 1430
1427 1428 1438
1428 1439 1438
1428 1429 1439
1429 1440 1439
1425 1426 1441
1426 1442 1441
1434 1435 1443
1435 1444 1443
1432 1427 1445
1427 1438 1445
1446 1447 1436
1447 1437 1436
1431 1448 1420
1448 1433 1420
1443 1444 1446
1444 1447 1446
1429 1433 1440
1433 1449 1440
1425 1441 1435
1441 1450 1435
1438 1439 1151
1439 1152 1151
1439 1440 1152
1440 1155 1152
1441 1442 1451
1442 1452 1451
1437 1453 1431
1453 1448 1431
1445 1438 1157
1438 1151 1157
1433 1448 1449
1448 1454 1449
1435 1450 1444
1450 1455 1444
1440 1449 1155
1449 1165 1155
1447 1456 1437
1456 1453 1437
1444 1455 1447
1455 1456 1447
1441 1451 1450
1451 1457 1450
1160 1159 1452
1159 1451 1452
1453 1458 1448
1458 1454 1448
1450 1457 1455
1457 1459 1455
1159 1169 1451
1454 1171 1449
1171 1165 1449
1456 1460 1453
1460 1458 1453
1457 1451 1169
1455 1459 1456
1459 1460 1456
1182 1454 1458
1457 1169 1179
1182 1171 1454
1459 1457 1187
1457 1179 1187
1458 1460 1189
1460 1459 1195
1458 1189 1182
1459 1187 1195
1460 1195 1189
1368 1409 1369
1405 1325 1364
1325 1351 1364
1404 1323 1405
1323 1325 1405
1318 1328 1299
1328 1305 1299
1299 1300 1318
1300 1319 1318
1300 1311 1319
1311 1406 1319
1311 1342 1406
1342 1411 1406
1360 1373 1342
1373 1411 1342
1379 1385 1360
1385 1373 1360
1381 1390 1379
1390 1385 1379
1387 1394 1381
1394 1390 1381
1388 1392 1387
1392 1394 1387
1382 1410 1388
1410 1392 1388
1378 1383 1382
1383 1410 1382
1365 1376 1378
1376 1383 1378
1364 1351 1365
1351 1376 1365
1249 1288 1263
1461 1462 1463
1462 1464 1463
1465 1466 1461
1466 1462 1461
1463 1464 1467
1464 1468 1467
1469 1470 1471
1470 1472 1471
1473 1461 1474
1461 1463 1474
1465 1475 1466
1475 1476 1466
1474 1463 1477
1463 1467 1477
1478 1465 1473
1465 1461 1473
1471 1472 1479
1472 1480 1479
1475 1481 1476
1481 1482 1476
1483 1469 1484
1469 1471 1484
1485 1486 1474
1486 1473 1474
1485 1474 1487
1474 1477 1487
1478 1488 1465
1488 1475 1465
1479 1480 1489
1480 1490 1489
1486 1491 1473
1491 1478 1473
1481 1492 1482
1492 1493 1482
1484 1471 1494
1471 1479 1494
1495 1483 1496
1483 1484 1496
1489 1490 1497
1490 1498 1497
1492 1499 1493
1499 1500 1493
1501 1502 1487
1502 1485 1487
1502 1503 1485
1503 1486 1485
1488 1504 1475
1504 1481 1475
1497 1498 1505
1498 1506 1505
1499 1505 1500
1505 1506 1500
1491 1507 1478
1507 1488 1478
1494 1479 1508
1479 1489 1508
1503 1509 1486
1509 1491 1486
1496 1484 1510
1484 1494 1510
1495 1496 1511
1496 1512 1511
1504 1513 1481
1513 1492 1481
1508 1489 1514
1489 1497 1514
1507 1515 1488
1515 1504 1488
1516 1517 1501
1517 1502 1501
1517 1518 1502
1518 1503 1502
1509 1519 1491
1519 1507 1491
1513 1520 1492
1520 1499 1492
1514 1497 1521
1497 1505 1521
1510 1494 1522
1494 1508 1522
1520 1521 1499
1521 1505 1499
1496 1510 1512
1510 1523 1512
1524 1525 1512
1525 1511 1512
1518 1526 1503
1526 1509 1503
1515 1527 1504
1527 1513 1504
1528 1529 1516
1529 1517 1516
1529 1530 1517
1530 1518 1517
1522 1508 1531
1508 1514 1531
1519 1532 1507
1532 1515 1507
1533 1524 1523
1524 1512 1523
1526 1534 1509
1534 1519 1509
1510 1522 1523
1522 1535 1523
1536 1537 1524
1537 1525 1524
1527 1538 1513
1538 1520 1513
1531 1514 1539
1514 1521 1539
1530 1540 1518
1540 1526 1518
1539 1521 1538
1521 1520 1538
1541 1542 1529
1542 1530 1529
1529 1528 1541
1528 1543 1541
1544 1527 1532
1527 1515 1532
1545 1546 1536
1546 1537 1536
1542 1547 1530
1547 1540 1530
1535 1522 1548
1522 1531 1548
1534 1526 1549
1526 1540 1549
1534 1550 1519
1550 1532 1519
1551 1552 1543
1552 1541 1543
1533 1553 1524
1553 1536 1524
1533 1523 1554
1523 1535 1554
1552 1555 1541
1555 1542 1541
1556 1538 1544
1538 1527 1544
1548 1531 1557
1531 1539 1557
1557 1539 1556
1539 1538 1556
1555 1558 1542
1558 1547 1542
1549 1540 1559
1540 1547 1559
1545 1560 1546
1560 1561 1546
1562 1563 1551
1563 1552 1551
1563 1564 1552
1564 1555 1552
1553 1565 1536
1565 1545 1536
1550 1534 1566
1534 1549 1566
1554 1567 1533
1567 1553 1533
1550 1568 1532
1568 1544 1532
1554 1535 1569
1535 1548 1569
1570 1571 1560
1571 1561 1560
1564 1572 1555
1572 1558 1555
1559 1547 1573
1547 1558 1573
1574 1575 1563
1575 1564 1563
1576 1556 1568
1556 1544 1568
1577 1566 1559
1566 1549 1559
1578 1574 1562
1574 1563 1562
1569 1548 1579
1548 1557 1579
1565 1580 1545
1580 1560 1545
1567 1581 1553
1581 1565 1553
1579 1557 1576
1557 1556 1576
1569 1582 1554
1582 1567 1554
1575 1583 1564
1583 1572 1564
1568 1550 1584
1550 1566 1584
1585 1586 1574
1586 1575 1574
1587 1588 1570
1588 1571 1570
1589 1570 1580
1570 1560 1580
1573 1558 1590
1558 1572 1590
1591 1585 1578
1585 1574 1578
1592 1580 1593
1580 1565 1593
1582 1569 1594
1569 1579 1594
1582 1595 1567
1595 1581 1567
1583 1575 1596
1575 1586 1596
1593 1565 1597
1565 1581 1597
1559 1573 1598
1599 1584 1577
1584 1566 1577
1584 1600 1568
1600 1576 1568
1600 1594 1576
1594 1579 1576
1590 1572 1601
1572 1583 1601
1602 1587 1589
1587 1570 1589
1590 1598 1573
1603 1589 1592
1589 1580 1592
1595 1582 1604
1582 1594 1604
1605 1606 1587
1606 1588 1587
1597 1581 1607
1581 1595 1607
1608 1600 1599
1600 1584 1599
1608 1604 1600
1604 1594 1600
1609 1592 1610
1592 1593 1610
1610 1593 1611
1593 1597 1611
1601 1583 1612
1583 1596 1612
1599 1577 1613
1577 1598 1613
1607 1595 1614
1595 1604 1614
1590 1615 1598
1611 1597 1616
1597 1607 1616
1617 1605 1602
1605 1587 1602
1601 1615 1590
1603 1592 1618
1592 1609 1618
1619 1602 1603
1602 1589 1603
1609 1610 1620
1610 1611 1620
1614 1604 1621
1604 1608 1621
1622 1613 1615
1613 1598 1615
1623 1624 1625
1626 1616 1614
1616 1607 1614
1613 1627 1599
1627 1608 1599
1628 1618 1620
1618 1609 1620
1629 1630 1631
1630 1632 1631
1633 1634 1635
1634 1625 1635
1636 1615 1601
1620 1611 1637
1611 1616 1637
1638 1626 1621
1626 1614 1621
1639 1621 1627
1621 1608 1627
1640 1603 1628
1603 1618 1628
1636 1601 1641
1601 1612 1641
1642 1623 1643
1623 1634 1643
1644 1617 1619
1617 1602 1619
1637 1616 1645
1616 1626 1645
1646 1627 1622
1627 1613 1622
1647 1638 1639
1638 1621 1639
1645 1626 1647
1626 1638 1647
1648 1619 1640
1619 1603 1640
1643 1634 1649
1634 1633 1649
1637 1650 1620
1650 1628 1620
1622 1615 1651
1615 1636 1651
1652 1639 1646
1639 1627 1646
1652 1653 1639
1653 1647 1639
1654 1640 1650
1640 1628 1650
1650 1637 1655
1637 1645 1655
1655 1645 1653
1645 1647 1653
1656 1632 1657
1632 1630 1657
1658 1644 1648
1644 1619 1648
1651 1636 1659
1636 1641 1659
1651 1660 1622
1660 1646 1622
1661 1662 1632
1662 1631 1632
1663 1655 1652
1655 1653 1652
1664 1648 1654
1648 1640 1654
1654 1650 1663
1650 1655 1663
1660 1665 1646
1665 1652 1646
1666 1663 1665
1663 1652 1665
1664 1654 1666
1654 1663 1666
1667 1658 1664
1658 1648 1664
1668 1661 1656
1661 1632 1656
1659 1669 1651
1669 1660 1651
1670 1671 1672
1673 1666 1674
1666 1665 1674
1669 1674 1660
1674 1665 1660
1675 1676 1677
1678 1656 1679
1656 1657 1679
1680 1668 1678
1668 1656 1678
1681 1678 1682
1678 1679 1682
1683 1675 1684
1675 1677 1684
1685 1680 1681
1680 1678 1681
1686 1683 1687
1683 1684 1687
1688 1689 1690
1689 1691 1690
1690 1691 1687
1691 1686 1687
1692 1685 1693
1685 1681 1693
1694 1695 1684
1695 1687 1684
1696 1694 1677
1694 1684 1677
1697 1688 1690
1625 1698 1635
1698 1699 1635
1630 1629 1700
1629 1701 1700
1657 1630 1702
1630 1700 1702
1702 1703 1657
1703 1679 1657
1682 1679 1704
1679 1703 1704
1689 1705 1691
1705 1706 1691
1706 1707 1691
1707 1686 1691
1707 1708 1686
1708 1683 1686
1708 1709 1683
1709 1675 1683
1709 1710 1675
1710 1711 1675
1712 1713 1710
1713 1711 1710
1698 1625 1714
1625 1624 1714
1715 1692 1688
1692 1693 1688
1715 1688 1697
1713 1716 1672
1714 1624 1712
1624 1713 1712
1716 1623 1717
1623 1642 1717
1716 1717 1672
1717 1718 1672
1716 1624 1623
1713 1624 1716
1623 1625 1634
1687 1695 1690
1695 1697 1690
1682 1719 1681
1719 1693 1681
1719 1682 1720
1682 1704 1720
1688 1693 1689
1693 1719 1689
1673 1667 1666
1667 1664 1666
1721 1676 1670
1676 1671 1670
1676 1711 1671
1675 1711 1676
1711 1713 1671
1671 1713 1672
1722 1723 1724
1723 1725 1724
1726 1727 1722
1727 1723 1722
1728 1729 1726
1729 1727 1726
1724 1725 1730
1725 1731 1730
1732 1733 1734
1733 1735 1734
1736 1722 1737
1722 1724 1737
1738 1726 1736
1726 1722 1736
1728 1739 1729
1739 1740 1729
1737 1724 1741
1724 1730 1741
1742 1728 1738
1728 1726 1738
1734 1735 1743
1735 1744 1743
1739 1745 1740
1745 1746 1740
1747 1736 1748
1736 1737 1748
1749 1738 1747
1738 1736 1747
1750 1732 1751
1732 1734 1751
1752 1743 1753
1743 1744 1753
1748 1737 1754
1737 1741 1754
1745 1755 1746
1755 1756 1746
1742 1757 1728
1757 1739 1728
1755 1752 1756
1752 1753 1756
1758 1742 1749
1742 1738 1749
1759 1751 1743
1751 1734 1743
1462 1747 1464
1747 1748 1464
1466 1749 1462
1749 1747 1462
1760 1750 1761
1750 1751 1761
1757 1762 1739
1762 1745 1739
1464 1748 1468
1748 1754 1468
1763 1757 1758
1757 1742 1758
1764 1759 1752
1759 1743 1752
1476 1758 1466
1758 1749 1466
1762 1765 1745
1765 1755 1745
1765 1764 1755
1764 1752 1755
1766 1761 1759
1761 1751 1759
1470 1760 1472
1472 1760 1761
1763 1767 1757
1767 1762 1757
1768 1766 1764
1766 1759 1764
1472 1761 1480
1476 1482 1758
1482 1763 1758
1767 1769 1762
1769 1765 1762
1766 1480 1761
1769 1768 1765
1768 1764 1765
1493 1767 1763
1766 1490 1480
1493 1763 1482
1490 1766 1498
1766 1768 1498
1767 1500 1769
1769 1506 1768
1767 1493 1500
1768 1506 1498
1769 1500 1506
1670 1672 1718
1715 1770 1692
1689 1719 1705
1719 1720 1705
1702 1700 1617
1700 1605 1617
1700 1701 1605
1701 1606 1605
1699 1698 1591
1698 1585 1591
1714 1586 1698
1586 1585 1698
1712 1596 1714
1596 1586 1714
1712 1710 1596
1710 1612 1596
1710 1709 1612
1709 1641 1612
1709 1708 1641
1708 1659 1641
1708 1707 1659
1707 1669 1659
1707 1706 1669
1706 1674 1669
1705 1673 1706
1673 1674 1706
1705 1720 1673
1720 1667 1673
1720 1704 1667
1704 1658 1667
1704 1703 1658
1703 1644 1658
1703 1702 1644
1702 1617 1644
1559 1598 1577
1105 1771 1106
1772 1393 1397
1772 1773 1393
1773 1401 1393
1103 1774 1104
667 673 669
674 736 669
1070 1775 1071
1776 1071 1775
515 516 1777
518 515 527
1677 1676 1696
1676 1721 1696
1778 1779 1068
581 590 579
1062 1065 1060
1065 1064 1060
589 581 588
590 585 579
755 747 703
747 769 703
750 769 747
515 1777 527
1777 607 527
673 679 678
1780 1781 1782
1781 1783 1782
1782 1783 1784
1783 1785 1784
1784 1785 1786
1785 1787 1786
1788 1789 1780
1789 1781 1780
1788 1790 1789
1790 1791 1789
1790 1792 1791
1792 1793 1791
1792 1794 1793
1794 1795 1793
1794 1796 1795
1796 1797 1795
1798 1797 1799
1797 1796 1799
1800 1801 1802
1801 1803 1802
1802 1803 1804
1803 1805 1804
1800 1802 1806
1802 1807 1806
1808 1807 1804
1807 1802 1804
1809 1810 1800
1810 1801 1800
1809 1800 1811
1800 1806 1811
1812 1813 1787
1813 1786 1787
1814 1815 1816
1815 1817 1816
1809 1811 1817
1818 1819 1820
1819 1821 1820
1822 1818 1823
1818 1820 1823
1821 1824 1820
1824 1825 1820
1826 1823 1825
1823 1820 1825
1819 1827 1821
1827 1828 1821
1828 1829 1821
1829 1824 1821
1828 1830 1831
1828 1827 1830
1828 1831 1829
1814 1832 1812
1832 1813 1812
1833 1834 1835
1835 1798 1833
1798 1799 1833
1809 1817 1836
1809 1836 1810
1836 1817 1815
1834 1831 1835
1831 1830 1835
1816 1832 1814
1068 1779 1066
1066 1779 1837
1077 1076 1102
120 122 109
