byte offset: 0
first index: 9504
index count: 1128
topology: trianglelist
format: DXGI_FORMAT_R16_UINT

2356 2357 2358
2356 2359 2357
2356 2360 2359
2356 2361 2360
2362 2361 2356
2363 2362 2356
2364 2363 2356
2356 2365 2364
2356 2366 2365
2356 2367 2366
2356 2368 2367
2369 2368 2356
2370 2369 2356
2371 2370 2356
2372 2371 2356
2356 2373 2372
2356 2374 2373
2356 2375 2374
2356 2376 2375
2377 2376 2356
2378 2377 2356
2379 2378 2356
2380 2379 2356
2356 2358 2380
2381 2382 2383
2381 2383 2384
2384 2383 2385
2384 2385 2386
2386 2385 2387
2386 2387 2388
2388 2387 2389
2388 2389 2390
2390 2389 2391
2390 2391 2392
2392 2391 2393
2392 2393 2394
2394 2393 2395
2394 2395 2396
2396 2395 2397
2396 2397 2398
2398 2397 2399
2398 2399 2400
2400 2399 2401
2400 2401 2402
2402 2401 2403
2402 2403 2404
2404 2403 2405
2404 2405 2406
2406 2405 2407
2406 2407 2408
2408 2407 2409
2408 2409 2410
2410 2409 2411
2410 2411 2412
2412 2411 2413
2412 2413 2414
2414 2413 2415
2414 2415 2416
2416 2415 2417
2416 2417 2418
2418 2417 2419
2418 2419 2420
2420 2419 2421
2420 2421 2422
2422 2421 2423
2422 2423 2424
2424 2423 2425
2424 2425 2426
2426 2425 2427
2426 2427 2428
2428 2427 2382
2428 2382 2381
2429 2430 2431
2429 2431 2432
2429 2432 2433
2429 2433 2434
2435 2429 2434
2436 2429 2435
2437 2429 2436
2429 2437 2438
2429 2438 2439
2429 2439 2440
2429 2440 2441
2442 2429 2441
2443 2429 2442
2444 2429 2443
2445 2429 2444
2429 2445 2446
2429 2446 2447
2429 2447 2448
2429 2448 2449
2450 2429 2449
2451 2429 2450
2452 2429 2451
2453 2429 2452
2429 2453 2430
2454 2455 2456
2454 2456 2457
2455 2458 2459
2455 2459 2456
2458 2460 2461
2458 2461 2459
2460 2462 2463
2460 2463 2461
2462 2464 2465
2462 2465 2463
2464 2466 2467
2464 2467 2465
2466 2468 2469
2466 2469 2467
2468 2470 2471
2468 2471 2469
2470 2472 2473
2470 2473 2471
2472 2474 2475
2472 2475 2473
2474 2476 2477
2474 2477 2475
2476 2478 2479
2476 2479 2477
2478 2480 2481
2478 2481 2479
2480 2482 2483
2480 2483 2481
2482 2484 2485
2482 2485 2483
2484 2486 2487
2484 2487 2485
2486 2488 2489
2486 2489 2487
2488 2490 2491
2488 2491 2489
2490 2492 2493
2490 2493 2491
2492 2494 2495
2492 2495 2493
2494 2496 2497
2494 2497 2495
2496 2498 2499
2496 2499 2497
2498 2500 2501
2498 2501 2499
2500 2454 2457
2500 2457 2501
2502 2503 2504
2505 2506 2507
2508 2509 2510
2511 2512 2513
2514 2515 2516
2517 2518 2519
2520 2521 2522
2523 2524 2525
2526 2527 2528
2529 2530 2531
2532 2533 2534
2535 2536 2537
2538 2539 2540
2541 2542 2543
2544 2545 2546
2547 2548 2549
2550 2551 2552
2553 2554 2555
2556 2557 2558
2559 2560 2561
2562 2563 2564
2565 2566 2567
2568 2569 2570
2571 2572 2573
2574 2575 2576
2577 2578 2579
2580 2581 2582
2583 2584 2585
2586 2587 2588
2589 2590 2591
2592 2593 2594
2595 2596 2597
2598 2599 2600
2601 2602 2603
2604 2605 2606
2607 2608 2609
2610 2608 2607
2611 2608 2610
2612 2608 2611
2613 2608 2612
2614 2608 2613
2615 2608 2614
2616 2608 2615
2609 2608 2616
2617 2618 2619
2620 2621 2622
2623 2624 2625
2626 2627 2628
2629 2630 2631
2632 2633 2634
2634 2633 2635
2635 2633 2636
2636 2633 2637
2637 2633 2638
2638 2633 2639
2639 2633 2640
2640 2633 2641
2641 2633 2632
2642 2643 2644
2645 2646 2644
2646 2645 2647
2648 2649 2647
2649 2648 2650
2651 2652 2650
2653 2654 2655
2656 2657 2654
2642 2658 2659
2642 2659 2643
2660 2661 2662
2660 2662 2663
2664 2665 2666
2666 2667 2668
2668 2669 2670
2661 2670 2671
2661 2671 2662
2672 2673 2674
2672 2674 2675
2676 2665 2664
2666 2665 2677
2677 2667 2666
2668 2667 2678
2678 2669 2668
2670 2669 2671
2663 2679 2680
2663 2680 2660
2675 2674 2676
2675 2676 2664
2656 2654 2653
2643 2645 2644
2645 2648 2647
2648 2651 2650
2657 2656 2652
2657 2652 2651
2681 2659 2658
2681 2658 2682
2653 2655 2683
2684 2685 2686
2685 2687 2688
2685 2688 2686
2689 2690 2691
2689 2691 2692
2693 2694 2695
2693 2695 2696
2692 2691 2695
2692 2695 2694
2697 2698 2684
2697 2684 2699
2700 2701 2702
2700 2702 2703
2704 2705 2701
2704 2701 2700
2706 2707 2708
2706 2708 2709
2710 2711 2712
2710 2712 2713
2714 2715 2716
2714 2716 2717
2718 2719 2720
2718 2720 2721
2720 2719 2717
2720 2717 2716
2714 2722 2723
2714 2723 2715
2710 2713 2724
2710 2724 2725
2722 2724 2723
2706 2709 2718
2706 2718 2721
2726 2712 2711
2726 2711 2727
2728 2726 2727
2728 2727 2729
2722 2725 2724
2697 2699 2730
2697 2730 2731
2693 2696 2703
2693 2703 2702
2689 2688 2687
2689 2687 2690
2684 2698 2685
2732 2733 2734
2733 2735 2736
2737 2738 2739
2740 2738 2737
2741 2738 2740
2742 2733 2732
2743 2733 2742
2744 2733 2743
2745 2733 2744
2746 2733 2745
2735 2733 2746
2747 2733 2736
2748 2749 2750
2751 2749 2748
2752 2749 2751
2753 2749 2752
2754 2749 2753
2755 2749 2754
2756 2749 2755
2757 2749 2756
2758 2749 2757
2759 2749 2758
2760 2749 2759
2750 2749 2760
2761 2762 2763
2764 2762 2765
2766 2762 2767
2768 2762 2769
2770 2762 2771
2763 2762 2770
2772 2762 2761
2773 2762 2772
2765 2762 2773
2774 2762 2764
2775 2762 2774
2767 2762 2775
2776 2762 2766
2777 2778 2779
2780 2778 2781
2781 2778 2782
2782 2778 2783
2784 2778 2785
2785 2778 2786
2786 2778 2787
2788 2778 2789
2789 2778 2790
2790 2778 2791
2792 2778 2793
2793 2778 2777
2779 2778 2780
2783 2778 2784
2787 2778 2788
2791 2778 2792
2794 2795 2796
2796 2795 2797
2797 2795 2798
2798 2795 2799
2799 2795 2800
2800 2795 2801
2801 2795 2802
2802 2795 2803
2803 2795 2804
2804 2795 2805
2805 2795 2806
2806 2795 2794
2807 2808 2809
2810 2808 2811
2811 2808 2812
2812 2808 2813
2813 2808 2814
2814 2808 2815
2815 2808 2816
2816 2808 2817
2817 2808 2807
2818 2819 2820
2820 2819 2821
2821 2819 2822
2822 2819 2823
2823 2819 2824
2824 2819 2825
2825 2819 2826
2826 2819 2818
2827 2762 2776
2769 2762 2827
2771 2762 2768
2828 2738 2741
2829 2738 2828
2830 2738 2829
2739 2738 2831
2831 2738 2830
2734 2733 2747
2808 2810 2809
