byte offset: 0
first index: 0
index count: 9504
topology: trianglelist
format: DXGI_FORMAT_R16_UINT

0 1 2
0 2 3
3 4 5
3 5 0
6 7 8
6 8 9
10 11 12
10 12 13
14 15 16
17 18 19
7 16 15
7 15 8
20 2 1
20 1 21
13 5 4
13 4 10
22 23 24
22 24 25
19 18 20
19 20 21
12 11 25
12 25 24
6 9 23
6 23 22
26 27 28
26 28 29
30 31 32
33 34 35
33 35 36
37 38 39
37 39 40
41 42 43
36 35 44
36 44 45
46 30 32
46 32 47
48 49 50
48 50 51
52 50 49
52 49 53
54 55 56
57 58 59
57 59 60
61 62 63
61 63 64
65 52 53
65 53 66
67 68 69
67 69 70
71 72 73
74 75 76
74 76 77
78 79 80
81 82 48
81 48 51
60 70 69
60 69 57
77 76 83
77 83 84
84 83 85
84 85 86
86 85 87
86 87 88
89 90 91
89 91 92
26 93 94
26 94 27
95 96 97
95 97 98
95 99 100
95 100 101
102 103 104
102 104 105
105 104 106
105 106 107
108 109 110
108 110 111
112 113 114
112 114 115
116 117 108
116 108 111
118 119 90
118 90 89
90 72 71
117 120 121
117 121 108
121 122 109
121 109 108
123 124 112
123 112 115
125 126 105
125 105 107
126 127 102
126 102 105
127 128 101
127 101 102
99 95 98
99 98 129
130 131 132
86 88 133
86 133 134
134 135 84
134 84 86
135 136 77
135 77 84
136 137 74
136 74 77
138 90 71
138 71 139
137 139 71
137 71 74
59 58 63
59 63 62
140 141 34
140 34 33
142 143 89
142 89 92
143 144 118
143 118 89
145 43 42
145 42 146
140 147 141
142 148 143
143 148 144
149 150 151
152 153 154
152 154 155
156 157 158
156 158 159
97 160 98
98 90 138
98 138 129
39 158 157
39 157 40
100 103 102
100 102 101
128 96 95
128 95 101
161 94 93
161 93 162
106 113 112
106 112 107
124 125 107
124 107 112
109 115 114
109 114 110
122 123 115
122 115 109
29 28 163
164 155 154
164 154 165
166 167 168
166 168 169
117 170 171
117 171 120
172 173 174
172 174 175
46 47 176
46 176 177
116 178 117
179 180 181
179 181 182
180 183 184
180 184 181
183 185 186
183 186 184
185 187 188
185 188 186
187 189 190
187 190 188
189 191 192
189 192 190
191 193 194
191 194 192
193 195 196
193 196 194
196 195 197
196 197 198
197 199 200
197 200 198
200 199 201
200 201 202
201 174 202
56 55 82
56 82 81
67 80 79
67 79 68
88 87 203
133 88 203
45 44 156
45 156 159
204 205 206
204 206 207
208 209 210
211 212 213
214 215 171
214 171 170
216 164 165
216 165 217
218 166 169
218 169 219
167 220 221
167 221 168
174 173 202
65 66 222
65 222 223
224 223 222
224 222 225
224 225 145
224 145 146
132 131 206
132 206 205
226 227 209
226 209 208
228 229 212
228 212 211
220 230 221
32 31 163
152 231 153
163 28 230
29 163 31
71 73 75
71 75 74
90 119 72
151 150 215
151 215 214
216 217 232
218 219 233
220 163 230
226 172 175
226 175 227
177 176 229
177 229 228
234 204 207
207 178 234
178 116 234
235 38 37
236 237 161
237 236 235
237 235 37
238 236 161
238 161 162
239 240 241
242 243 244
245 246 247
248 249 250
251 252 253
251 253 254
255 256 257
255 257 258
259 260 261
259 261 262
263 264 265
263 265 266
267 268 269
267 269 270
271 272 273
271 273 274
275 276 277
275 277 278
279 280 281
279 281 282
283 284 268
283 268 267
285 286 272
285 272 271
287 288 276
287 276 275
289 290 280
289 280 279
270 269 251
270 251 254
274 273 255
274 255 258
278 277 259
278 259 262
282 281 263
282 263 266
90 160 91
98 160 90
291 292 293
294 295 296
294 296 297
298 299 300
301 302 303
301 303 304
305 306 307
305 307 308
300 299 302
300 302 301
291 293 308
291 308 307
309 310 311
312 313 314
312 314 315
316 317 310
316 310 318
319 320 321
322 323 316
322 316 318
322 324 323
309 325 326
309 326 315
314 313 320
314 320 319
312 326 327
312 327 328
326 312 315
328 327 329
309 311 325
311 310 317
311 330 331
311 331 325
331 330 332
333 334 335
333 335 336
337 338 339
340 341 342
340 342 343
344 345 346
345 333 336
345 336 346
334 341 340
334 340 335
342 339 338
342 338 343
347 348 349
350 351 352
350 352 353
354 355 356
354 356 357
356 355 358
356 358 347
351 349 348
351 348 352
359 360 350
359 350 353
354 357 361
347 358 348
239 241 284
239 284 283
242 244 286
242 286 285
245 247 288
245 288 287
248 250 290
248 290 289
362 363 364
362 364 365
363 362 366
363 366 367
368 369 370
368 370 371
372 373 374
372 374 375
376 377 378
379 380 381
371 370 378
371 378 377
382 383 365
382 365 364
373 372 367
373 367 366
384 385 386
384 386 387
380 383 382
380 382 381
374 386 385
374 385 375
368 384 387
368 387 369
388 389 390
388 390 391
392 393 394
395 396 397
395 397 398
399 400 401
399 401 402
403 404 405
406 397 396
406 396 407
408 409 393
408 393 392
410 411 412
410 412 413
414 415 413
414 413 412
416 417 418
419 420 421
419 421 422
423 424 425
423 425 426
427 428 415
427 415 414
429 430 431
429 431 432
433 434 435
436 437 438
436 438 439
440 441 442
443 411 410
443 410 444
420 419 431
420 431 430
437 445 446
437 446 438
445 447 448
445 448 446
449 448 447
449 447 450
451 452 453
451 453 454
455 456 388
455 388 391
457 458 459
457 459 460
457 461 462
457 462 463
464 465 466
464 466 467
465 468 469
465 469 466
470 471 472
470 472 473
474 475 476
474 476 477
478 471 470
478 470 479
480 451 454
480 454 481
454 433 435
479 470 482
479 482 483
482 470 473
482 473 484
485 475 474
485 474 486
487 468 465
487 465 488
488 465 464
488 464 489
489 464 461
489 461 490
463 491 458
463 458 457
492 493 494
447 495 496
447 496 450
495 447 445
495 445 497
497 445 437
497 437 498
498 437 436
498 436 499
500 501 433
500 433 454
499 436 433
499 433 501
421 426 425
421 425 422
502 395 398
502 398 503
504 452 451
504 451 505
505 451 480
505 480 506
507 508 405
507 405 404
502 503 509
504 505 510
505 506 510
511 512 513
514 515 516
514 516 517
518 519 520
518 520 521
459 458 522
458 491 500
458 500 454
399 402 519
399 519 518
462 461 464
462 464 467
490 461 457
490 457 460
523 524 456
523 456 455
469 468 474
469 474 477
486 474 468
486 468 487
473 472 476
473 476 475
484 473 475
484 475 485
389 525 390
516 515 526
516 526 527
528 529 530
528 530 531
532 533 479
532 479 483
534 535 536
534 536 537
408 538 539
408 539 409
478 479 540
541 542 543
541 543 544
544 543 545
544 545 546
546 545 547
546 547 548
548 547 549
548 549 550
550 549 551
550 551 552
552 551 553
552 553 554
554 553 555
554 555 556
556 555 557
556 557 558
559 558 557
559 557 560
559 560 561
559 561 562
563 562 561
563 561 564
563 564 534
417 443 444
417 444 418
442 441 429
442 429 432
450 565 449
496 565 450
407 521 520
407 520 406
566 567 568
566 568 569
570 571 572
573 574 575
576 533 532
576 532 577
527 526 578
527 578 579
531 530 580
531 580 581
529 528 582
529 582 583
534 564 535
427 584 585
427 585 428
585 584 586
585 586 587
586 508 507
586 507 587
493 567 566
493 566 494
588 570 572
588 572 589
590 573 575
590 575 591
583 582 592
393 525 394
514 517 593
525 592 390
389 394 525
433 436 439
433 439 434
454 435 481
512 576 577
512 577 513
578 594 579
580 595 581
583 592 525
537 536 588
537 588 589
538 590 591
538 591 539
569 568 596
596 540 569
596 478 540
597 401 400
598 523 599
599 401 597
599 597 598
523 598 600
523 600 524
601 602 603
604 605 606
607 608 609
610 611 612
613 614 615
613 615 616
617 618 619
617 619 620
621 622 623
621 623 624
625 626 627
625 627 628
629 630 631
629 631 632
633 634 635
633 635 636
637 638 639
637 639 640
641 642 643
641 643 644
645 629 632
645 632 646
647 633 636
647 636 648
649 637 640
649 640 650
651 641 644
651 644 652
630 614 613
630 613 631
634 618 617
634 617 635
638 622 621
638 621 639
642 626 625
642 625 643
454 453 522
458 454 522
653 654 655
656 657 658
656 658 659
660 661 662
663 664 665
663 665 666
667 668 669
667 669 670
661 663 666
661 666 662
653 669 668
653 668 654
671 672 673
674 675 676
674 676 677
678 679 673
678 673 680
681 682 683
684 679 678
684 678 685
684 685 686
671 677 687
671 687 688
674 681 683
674 683 675
689 687 676
689 676 690
687 677 676
690 691 689
671 688 672
672 680 673
672 688 692
672 692 693
692 694 693
695 696 697
695 697 698
699 700 701
702 703 704
702 704 705
706 707 708
708 707 696
708 696 695
698 697 702
698 702 705
704 703 701
704 701 700
709 710 711
712 713 714
712 714 715
716 717 718
716 718 719
716 709 720
716 720 717
715 714 711
715 711 710
721 713 712
721 712 722
718 723 719
709 711 720
601 645 646
601 646 602
604 647 648
604 648 605
607 649 650
607 650 608
610 651 652
610 652 611
724 725 726
724 726 727
728 729 726
728 726 725
730 731 732
730 732 733
731 734 735
731 735 732
736 737 735
736 735 734
738 739 740
738 740 741
737 736 738
737 738 741
742 743 740
742 740 739
744 745 746
744 746 747
748 749 746
748 746 745
750 749 748
750 748 751
752 753 754
752 754 755
756 757 758
759 760 761
759 761 762
763 764 759
763 759 762
765 766 767
765 767 768
767 766 769
767 769 770
771 765 772
771 772 773
771 774 766
771 766 765
769 766 774
769 774 775
775 776 764
775 764 769
777 778 750
777 750 779
777 779 780
777 780 781
782 783 784
782 784 785
771 773 786
771 786 787
788 789 790
788 790 791
792 793 794
792 794 795
796 797 798
799 800 801
799 801 802
803 804 805
806 805 807
804 803 808
806 809 810
811 812 807
811 807 805
809 806 813
814 799 802
814 802 815
799 814 816
799 816 817
818 819 820
818 820 821
822 823 824
822 824 825
826 827 828
826 828 829
830 831 832
830 832 833
800 834 835
800 835 801
836 837 724
836 724 838
839 727 782
839 782 840
806 807 841
806 841 842
840 782 785
840 785 843
827 822 825
827 825 828
844 833 843
844 843 785
773 772 845
773 845 846
773 846 847
773 847 786
747 848 849
747 849 744
849 850 851
849 851 852
851 850 853
851 853 854
855 856 857
855 857 858
859 860 856
859 856 855
844 854 861
860 862 863
860 863 856
829 864 865
829 865 826
838 724 727
838 727 839
866 867 868
866 868 869
866 870 871
866 871 867
871 870 872
848 873 850
848 850 849
846 866 869
846 869 847
846 845 870
846 870 866
862 817 816
862 816 863
862 860 826
862 826 865
826 860 859
827 859 874
875 822 827
875 827 874
876 823 822
876 822 875
819 877 878
879 880 881
879 881 882
880 879 883
880 883 884
885 886 884
885 884 883
886 885 887
886 887 888
889 890 888
889 888 887
890 889 891
890 891 892
892 891 893
892 893 894
894 893 895
894 895 896
897 898 896
897 896 895
831 899 900
831 900 832
832 900 882
832 882 881
876 877 819
876 819 823
823 819 818
823 818 824
901 902 756
901 756 903
904 905 906
904 906 907
817 908 800
817 800 799
834 800 908
834 908 909
862 865 908
862 908 817
864 909 908
864 908 865
803 810 910
911 912 899
911 899 831
913 911 831
913 831 830
914 913 830
914 830 861
857 914 861
857 861 854
874 859 855
874 855 915
916 875 874
916 874 915
917 876 875
917 875 916
917 918 877
917 877 876
878 877 918
878 918 919
858 920 915
858 915 855
921 916 915
921 915 920
922 917 916
922 916 921
922 923 918
922 918 917
919 918 923
919 923 924
858 857 854
858 854 853
920 858 853
920 853 925
925 868 921
925 921 920
867 922 921
867 921 868
923 922 867
923 867 871
924 923 871
924 871 872
833 844 861
833 861 830
912 911 814
912 814 815
911 913 816
911 816 814
913 914 863
913 863 816
856 863 914
856 914 857
812 926 841
812 841 807
810 927 910
910 928 929
808 803 910
930 890 892
930 892 809
890 930 836
890 836 888
838 886 888
838 888 836
886 838 839
886 839 884
840 880 884
840 884 839
843 881 880
843 880 840
833 832 881
833 881 843
837 836 930
837 930 813
931 932 933
931 933 934
935 936 798
796 937 938
796 938 939
898 940 928
898 928 896
896 928 927
896 927 894
809 892 894
809 894 927
932 730 733
932 733 933
784 844 785
742 841 926
742 926 743
742 941 842
742 842 841
780 901 903
780 903 942
761 760 794
761 794 793
903 756 758
903 758 943
755 902 752
944 906 905
944 905 945
946 947 944
946 944 945
948 902 949
769 764 763
769 763 770
750 751 950
750 950 779
950 752 902
950 902 901
779 950 901
779 901 780
906 944 948
757 944 947
852 784 783
789 788 951
789 951 952
810 809 927
929 928 940
910 927 928
852 851 784
827 826 859
810 805 806
953 954 955
953 955 956
956 955 957
956 957 958
959 960 961
959 961 962
757 947 963
964 965 947
964 947 946
943 758 966
943 966 967
963 966 758
935 959 962
935 962 936
963 758 757
756 948 757
796 798 937
935 798 797
963 947 965
948 944 757
948 756 902
906 948 949
805 804 811
805 810 803
808 910 929
809 813 930
738 968 969
738 969 739
969 941 742
969 742 739
970 971 972
970 972 973
952 951 974
952 974 975
976 977 978
976 978 979
979 980 981
979 981 976
980 982 781
980 781 981
983 837 813
983 813 984
972 985 986
972 986 973
985 987 988
985 988 986
987 989 990
987 990 988
984 990 989
984 989 983
932 931 991
932 991 992
993 994 995
993 995 996
813 806 842
813 842 984
971 970 996
971 996 997
996 995 998
996 998 997
995 999 1000
995 1000 998
1001 1000 999
1001 999 1002
1003 1004 961
1003 961 960
904 907 1005
904 1005 1006
1007 1006 1005
1007 1005 1008
1009 729 728
1009 728 1010
907 906 949
907 949 755
1005 907 755
1005 755 754
754 1011 1008
754 1008 1005
1009 1012 1013
1009 1013 729
726 729 1013
726 1013 783
783 782 727
783 727 726
1013 1014 852
1013 852 783
778 1015 749
778 749 750
1015 787 746
1015 746 749
787 786 747
787 747 746
768 1016 772
768 772 765
964 946 1000
964 1000 1001
998 1000 946
998 946 945
997 998 945
997 945 905
997 905 904
997 904 971
1017 1018 975
1017 975 974
1019 1020 977
1019 977 976
1019 976 981
1019 981 942
781 780 942
781 942 981
1016 1021 845
1016 845 772
1022 870 845
1022 845 1021
992 994 730
992 730 932
994 993 731
994 731 730
764 776 982
764 982 759
760 759 982
760 982 980
760 980 979
760 979 794
979 978 795
979 795 794
771 787 1015
771 1015 774
1015 778 775
1015 775 774
776 775 778
776 778 777
781 982 776
781 776 777
1004 1003 958
1004 958 957
1002 999 992
1002 992 991
994 992 999
994 999 995
970 1023 993
970 993 996
754 753 1024
754 1024 1011
1012 1025 1014
1012 1014 1013
1006 972 971
1006 971 904
1006 1007 985
1006 985 972
985 1007 1010
985 1010 987
987 1010 728
987 728 989
731 993 1023
731 1023 734
1023 1026 736
1023 736 734
1026 968 738
1026 738 736
941 969 988
941 988 990
842 941 990
842 990 984
748 745 1025
748 1025 1024
1024 1025 1012
1024 1012 1011
1011 1012 1009
1011 1009 1008
1008 1009 1010
1008 1010 1007
989 728 725
989 725 983
837 983 725
837 725 724
784 851 844
844 851 854
848 847 869
848 869 873
848 747 786
848 786 847
849 852 1014
849 1014 744
1014 1025 745
1014 745 744
868 925 873
868 873 869
850 873 925
850 925 853
1018 1017 939
1018 939 938
1019 943 967
1019 967 1020
943 1019 942
943 942 903
973 1026 1023
973 1023 970
986 968 1026
986 1026 973
986 988 969
986 969 968
755 949 902
950 751 753
950 753 752
751 748 1024
751 1024 753
1027 1028 815
1027 815 802
1029 912 815
1029 815 1028
1030 1027 802
1030 802 801
1031 1030 801
1031 801 835
889 1032 1033
889 1033 891
1034 882 900
1034 900 1035
1036 883 879
1036 879 1037
1038 887 885
1038 885 1039
899 1040 1035
899 1035 900
895 1041 1042
895 1042 897
883 1036 1039
883 1039 885
1032 889 887
1032 887 1038
912 1029 1040
912 1040 899
882 1034 1037
882 1037 879
891 1033 1043
891 1043 893
893 1043 1041
893 1041 895
1044 1045 1046
1044 1046 1047
1048 1049 1050
1048 1050 1051
1044 1052 1053
1044 1053 1045
1054 1055 1056
1054 1056 1057
1030 1058 1059
1030 1059 1027
1060 1061 1062
1060 1062 1063
1052 1064 1065
1065 1066 1053
1065 1053 1052
1067 1057 1068
1069 1070 1071
1069 1071 1072
1073 1053 1066
1051 1050 1074
1051 1074 1075
1076 1077 1078
1076 1078 1079
1080 1078 1077
1080 1077 1081
1082 1083 1084
1082 1084 1085
1052 1044 1077
1052 1077 1076
1047 1081 1077
1047 1077 1044
1086 1028 1027
1086 1027 1059
1087 1073 1066
1087 1066 1088
1088 1066 1065
1088 1065 1089
1050 1076 1079
1050 1079 1074
1076 1050 1049
1076 1082 1085
1076 1085 1052
1090 1064 1085
1090 1085 1084
1064 1090 1089
1064 1089 1065
1067 1091 1092
1086 1093 1094
1094 1029 1028
1094 1028 1086
1073 1095 1068
1068 1056 1073
1055 1045 1053
1055 1053 1056
1096 1046 1045
1096 1045 1055
1061 1060 1097
1061 1097 1098
1097 1059 1058
1072 1071 1093
1072 1093 1086
1070 1069 1092
1070 1092 1091
1049 1048 1083
1049 1083 1082
1082 1076 1049
1064 1052 1085
1099 1100 1063
1099 1063 1062
1031 1101 1058
1031 1058 1030
1058 1101 1098
1058 1098 1097
1097 1072 1086
1097 1086 1059
1072 1097 1060
1072 1060 1069
1069 1060 1063
1069 1063 1092
1100 1099 1102
1100 1102 1054
1055 1054 1102
1055 1102 1096
1067 1100 1057
1100 1067 1092
1100 1092 1063
1103 1104 1105
1103 1105 1106
1107 1108 1109
1107 1109 1110
1111 1089 1090
1111 1090 1112
1051 1113 1114
1051 1114 1048
1115 1103 1106
1115 1106 1116
1103 1115 1117
1103 1117 1118
1043 1119 1118
1043 1118 1041
1120 1121 1122
1120 1122 1123
1104 1103 1118
1104 1118 1119
1124 1104 1119
1124 1119 1125
1126 1127 1128
1126 1128 1129
1130 1131 1132
1130 1132 1133
1083 1134 1135
1083 1135 1084
1104 1124 1136
1104 1136 1105
1108 1107 1137
1108 1137 1138
1139 1140 1141
1139 1141 1142
1089 1111 1143
1089 1143 1088
1091 1144 1145
1146 1087 1088
1146 1088 1143
1139 1142 1138
1139 1138 1137
1147 1148 1149
1147 1149 1150
1151 1132 1131
1151 1131 1152
1075 1153 1113
1075 1113 1051
1154 1155 1156
1154 1156 1157
1084 1135 1112
1084 1112 1090
1094 1093 1123
1094 1123 1122
1048 1114 1134
1048 1134 1083
1158 1159 1160
1158 1160 1161
1161 1160 1162
1161 1162 1163
1164 1165 1163
1164 1163 1162
1166 1167 1168
1166 1168 1169
1170 1166 1134
1170 1134 1114
1171 1170 1114
1171 1114 1113
1172 1171 1113
1172 1113 1153
1029 1094 1122
1029 1122 1040
1173 1174 1145
1173 1145 1144
1144 1095 1173
1175 1145 1176
1175 1176 1177
1178 1174 1159
1178 1159 1158
1173 1095 1087
1173 1087 1146
1179 1180 1181
1182 1120 1123
1182 1123 1183
1116 1106 1171
1116 1171 1172
1105 1136 1166
1105 1166 1170
1170 1171 1106
1170 1106 1105
1183 1184 1185
1183 1185 1182
1186 1187 1188
1186 1188 1189
1154 1157 1186
1154 1186 1190
1191 1192 1193
1191 1193 1194
1129 1128 1195
1129 1195 1196
1148 1147 1197
1148 1197 1198
1199 1200 1201
1199 1201 1202
1203 1202 1204
1203 1204 1205
1206 1207 1208
1206 1208 1204
1209 1210 1035
1209 1035 1040
1192 1191 1188
1192 1188 1211
1167 1166 1136
1167 1136 1212
1124 1211 1212
1124 1212 1136
1125 1192 1211
1125 1211 1124
1032 1196 1193
1032 1193 1213
1038 1129 1196
1038 1196 1032
1134 1166 1169
1134 1169 1135
1162 1111 1112
1162 1112 1164
1111 1162 1160
1111 1160 1143
1143 1160 1159
1143 1159 1146
1146 1159 1174
1146 1174 1173
1164 1112 1135
1164 1135 1169
1165 1164 1169
1165 1169 1168
1214 1165 1168
1214 1168 1215
1070 1184 1183
1070 1183 1071
1093 1071 1183
1093 1183 1123
1176 1174 1178
1178 1216 1217
1178 1217 1176
1184 1175 1177
1184 1177 1185
1185 1177 1218
1185 1218 1219
1175 1184 1070
1039 1126 1129
1039 1129 1038
1036 1220 1126
1036 1126 1039
1037 1221 1220
1037 1220 1036
1210 1222 1034
1210 1034 1035
1214 1109 1108
1214 1108 1223
1224 1225 1151
1224 1151 1152
1226 1227 1220
1226 1220 1221
1138 1228 1223
1138 1223 1108
1141 1216 1229
1141 1229 1142
1142 1229 1228
1142 1228 1138
1230 1231 1222
1230 1222 1210
1227 1127 1126
1227 1126 1220
1232 1157 1156
1232 1156 1215
1179 1181 1218
1179 1218 1217
1189 1233 1190
1189 1190 1186
1212 1187 1232
1212 1232 1167
1234 1235 1236
1234 1236 1237
1235 1234 1225
1235 1225 1224
1209 1238 1230
1209 1230 1210
1239 1199 1202
1239 1202 1203
1206 1201 1120
1206 1120 1182
1204 1208 1240
1204 1240 1205
1241 1242 1233
1241 1233 1189
1110 1109 1156
1110 1156 1155
1140 1180 1179
1140 1179 1141
1243 1181 1180
1221 1037 1034
1221 1034 1222
1231 1226 1221
1231 1221 1222
1130 1133 1150
1130 1150 1149
1209 1040 1122
1209 1122 1121
1121 1200 1238
1121 1238 1209
1199 1239 1198
1199 1198 1197
1070 1091 1145
1070 1145 1175
1041 1118 1117
1041 1117 1042
1033 1125 1119
1033 1119 1043
1033 1213 1125
1127 1151 1225
1127 1225 1128
1211 1188 1187
1211 1187 1212
1241 1191 1194
1241 1194 1237
1128 1225 1234
1128 1234 1195
1121 1120 1201
1121 1201 1200
1206 1182 1207
1189 1188 1191
1189 1191 1241
1109 1214 1215
1109 1215 1156
1141 1179 1217
1141 1217 1216
1219 1218 1181
1219 1181 1243
1165 1214 1223
1165 1223 1163
1227 1226 1133
1227 1133 1132
1228 1161 1163
1228 1163 1223
1216 1178 1158
1216 1158 1229
1229 1158 1161
1229 1161 1228
1150 1231 1230
1150 1230 1147
1127 1227 1132
1127 1132 1151
1167 1232 1215
1167 1215 1168
1177 1176 1217
1177 1217 1218
1157 1232 1187
1157 1187 1186
1147 1230 1238
1147 1238 1197
1201 1206 1204
1201 1204 1202
1150 1133 1226
1150 1226 1231
1197 1238 1200
1197 1200 1199
1067 1068 1091
1208 1243 1244
1208 1244 1240
1208 1207 1219
1208 1219 1243
1207 1182 1185
1207 1185 1219
1245 1246 1247
1245 1247 1248
1249 1250 1251
1252 1247 1246
1253 1254 1255
1256 1257 1258
1259 1245 1260
1259 1260 1261
1262 1263 1264
1265 1266 1259
1265 1259 1267
1268 1269 1270
1264 1263 1271
1264 1271 1272
1273 1270 1266
1274 1275 1272
1276 1277 1278
1279 1280 1281
1279 1282 1280
1279 1283 1284
1279 1285 1283
1279 1286 1285
1279 1287 1286
1279 1288 1287
1281 1289 1290
1281 1290 1291
1291 1290 1292
1291 1292 1293
1293 1292 1294
1293 1294 1295
1296 1297 1282
1296 1282 1284
1294 1298 1288
1294 1288 1295
1259 1261 1267
1245 1248 1260
1252 1246 1299
1252 1299 1300
1299 1275 1300
1275 1299 1272
1262 1264 1278
1262 1278 1277
1266 1265 1273
1254 1276 1278
1254 1278 1255
1250 1253 1255
1250 1255 1251
1257 1249 1251
1257 1251 1258
1270 1301 1258
1272 1271 1274
1073 1087 1095
1144 1068 1095
1100 1054 1057
1068 1144 1091
1244 1243 1180
1301 1256 1258
1273 1268 1270
1176 1145 1174
1193 1196 1195
1193 1195 1194
1193 1192 1125
1193 1125 1213
1236 1242 1241
1236 1241 1237
1194 1195 1234
1194 1234 1237
1033 1032 1213
1269 1301 1270
1073 1056 1053
1068 1057 1056
1281 1280 1302
1281 1302 1289
1280 1282 1297
1280 1297 1302
1284 1283 1303
1284 1303 1296
1283 1285 1304
1283 1304 1303
1285 1286 1305
1285 1305 1304
1286 1287 1306
1286 1306 1305
1287 1288 1298
1287 1298 1306
1281 1291 1279
1291 1293 1279
1293 1295 1279
1284 1282 1279
1295 1288 1279
1307 1308 1309
1307 1309 1310
1311 1312 1313
1314 1315 1316
1314 1316 1317
1318 1307 1316
1318 1316 1319
1310 1320 1307
1321 1322 1312
1321 1323 1324
1321 1324 1322
1320 1316 1307
1323 1325 1326
1323 1326 1324
1317 1316 1327
1328 1329 1330
1328 1330 1331
1332 1333 1334
1332 1334 1335
1336 1335 1334
1337 1338 1339
1337 1339 1340
1339 1338 1341
1342 1343 1344
1342 1344 1345
1344 1343 1346
1327 1316 1320
1347 1348 1349
1347 1349 1350
1351 1352 1353
1351 1353 1354
1354 1322 1355
1354 1355 1351
1356 1357 1333
1356 1333 1332
1330 1358 1359
1330 1359 1331
1320 1310 1360
1352 1351 1361
1352 1361 1362
1351 1355 1363
1351 1363 1361
1357 1356 1364
1357 1364 1365
1337 1340 1366
1337 1366 1367
1342 1345 1368
1342 1368 1369
1359 1358 1370
1359 1370 1371
1372 1360 1349
1372 1349 1348
1319 1316 1315
1312 1322 1354
1358 1360 1372
1358 1372 1370
1330 1320 1360
1330 1360 1358
1329 1327 1320
1329 1320 1330
1334 1324 1326
1334 1326 1336
1333 1322 1324
1333 1324 1334
1357 1355 1322
1357 1322 1333
1355 1357 1365
1355 1365 1363
1323 1373 1325
1374 1373 1323
1374 1323 1321
1374 1321 1375
1311 1375 1321
1311 1321 1312
1349 1310 1309
1349 1309 1350
1312 1354 1353
1312 1353 1313
1307 1318 1308
1349 1360 1310
1376 878 919
1376 919 1377
1377 919 924
1377 924 1378
819 878 820
820 878 1376
1379 1380 1381
1379 1381 1382
1383 1382 1381
1383 1381 1384
1385 733 732
1385 732 1386
1386 732 735
1386 735 1387
1388 1387 735
1388 735 737
1389 741 740
1389 740 1390
737 741 1389
737 1389 1388
1391 1390 740
1391 740 743
1392 1393 1394
1392 1394 1395
1396 1395 1394
1396 1394 1397
1398 1399 1396
1398 1396 1397
1400 1401 1402
1400 1402 1403
1404 1405 1406
1407 762 761
1407 761 1408
763 762 1407
763 1407 1409
1410 768 767
1410 767 1411
767 770 1412
767 1412 1411
1413 1414 1415
1413 1415 1410
1413 1410 1411
1413 1411 1416
1412 1417 1416
1412 1416 1411
1417 1412 1409
1417 1409 1418
1419 1420 1398
1419 1398 1421
1419 1422 1423
1419 1423 1420
1424 1425 1426
1424 1426 1427
1413 1428 1429
1413 1429 1414
1430 1431 1432
1430 1432 1433
792 1434 1435
792 1435 793
1436 1437 1438
1439 1440 1441
1439 1441 1442
1443 1444 804
1445 1446 1444
804 808 1443
1445 1447 1448
811 1444 1446
811 1446 812
1448 1449 1445
1450 1451 1440
1450 1440 1439
1439 1452 1453
1439 1453 1450
1454 1455 1456
1454 1456 1457
1458 1459 1460
1458 1460 1461
1462 1463 1464
1462 1464 1465
1466 1467 1468
1466 1468 1469
1442 1441 1470
1442 1470 1471
1472 1473 1379
1472 1379 1474
1475 1476 1424
1475 1424 1380
1445 1477 1478
1445 1478 1446
1476 1479 1425
1476 1425 1424
1465 1464 1459
1465 1459 1458
1480 1425 1479
1480 1479 1467
1414 1481 1482
1414 1482 1415
1414 1429 1483
1414 1483 1481
1393 1392 1484
1393 1484 1485
1484 1486 1487
1484 1487 1488
1487 1489 1490
1487 1490 1488
1491 1492 1493
1491 1493 1494
1495 1491 1494
1495 1494 1496
1480 1497 1489
1496 1494 1498
1496 1498 1499
1463 1462 1500
1463 1500 1501
1473 1475 1380
1473 1380 1379
1502 1503 1504
1502 1504 1505
1502 1505 1506
1502 1506 1507
1506 1508 1507
1485 1484 1488
1485 1488 1509
1481 1483 1503
1481 1503 1502
1481 1502 1507
1481 1507 1482
1499 1498 1453
1499 1453 1452
1499 1500 1462
1499 1462 1496
1462 1495 1496
1465 1510 1495
1511 1510 1465
1511 1465 1458
1512 1511 1458
1512 1458 1461
1457 1513 1514
1515 1516 1517
1515 1517 1518
1518 1519 1520
1518 1520 1515
1521 1520 1519
1521 1519 1522
1522 1523 1524
1522 1524 1521
1525 1524 1523
1525 1523 1526
1526 1527 1528
1526 1528 1525
1527 1529 1530
1527 1530 1528
1529 1531 1532
1529 1532 1530
897 1532 1531
897 1531 898
1469 1468 1533
1469 1533 1534
1468 1517 1516
1468 1516 1533
1512 1461 1457
1512 1457 1514
1461 1460 1454
1461 1454 1457
1535 1536 1404
1535 1404 1537
1538 1539 1540
1538 1540 1541
1452 1439 1442
1452 1442 1542
1471 1543 1542
1471 1542 1442
1499 1452 1542
1499 1542 1500
1501 1500 1542
1501 1542 1543
1443 1544 1447
1545 1469 1534
1545 1534 1546
1547 1466 1469
1547 1469 1545
1548 1497 1466
1548 1466 1547
1493 1489 1497
1493 1497 1548
1510 1549 1491
1510 1491 1495
1550 1549 1510
1550 1510 1511
1551 1550 1511
1551 1511 1512
1551 1512 1514
1551 1514 1552
1552 1514 1513
1552 1513 1553
1492 1491 1549
1492 1549 1554
1555 1554 1549
1555 1549 1550
1556 1555 1550
1556 1550 1551
1556 1551 1552
1556 1552 1557
1557 1552 1553
1557 1553 1558
1492 1490 1489
1492 1489 1493
1554 1559 1490
1554 1490 1492
1559 1554 1555
1559 1555 1504
1505 1504 1555
1505 1555 1556
1557 1506 1505
1557 1505 1556
1506 1557 1558
1506 1558 1508
1467 1466 1497
1467 1497 1480
1546 1451 1450
1546 1450 1545
1545 1450 1453
1545 1453 1547
1547 1453 1498
1547 1498 1548
1494 1493 1548
1494 1548 1498
812 1446 1478
812 1478 926
1447 1544 1560
1544 929 1561
808 1544 1443
1562 1448 1527
1562 1527 1526
1526 1523 1472
1526 1472 1562
1473 1472 1523
1473 1523 1522
1522 1519 1475
1522 1475 1473
1476 1475 1519
1476 1519 1518
1479 1476 1518
1479 1518 1517
1467 1479 1517
1467 1517 1468
1474 1449 1562
1474 1562 1472
1563 934 933
1563 933 1564
1565 1437 1566
1436 1567 1568
1436 1568 1569
898 1531 1561
898 1561 940
1531 1529 1560
1531 1560 1561
1448 1560 1529
1448 1529 1527
1564 933 733
1564 733 1385
1426 1425 1480
1391 743 926
1391 926 1478
1391 1478 1477
1391 1477 1570
1423 1571 1536
1423 1536 1535
761 793 1435
761 1435 1408
1536 1572 1405
1536 1405 1404
1401 1400 1537
1573 1574 1541
1573 1541 1540
1575 1574 1573
1575 1573 1576
1577 1578 1537
1412 770 763
1412 763 1409
1398 1420 1579
1398 1579 1399
1579 1535 1537
1579 1537 1400
1420 1423 1535
1420 1535 1579
1540 1577 1573
1406 1576 1573
1486 1427 1426
1433 1580 1581
1433 1581 1430
1447 1560 1448
929 940 1561
1544 1561 1560
1486 1426 1487
1465 1495 1462
1447 1445 1444
1582 1583 1584
1582 1584 1585
1583 1586 1587
1583 1587 1584
1588 1589 1590
1588 1590 1591
1406 1592 1576
1593 1575 1576
1593 1576 1594
1572 1595 1596
1572 1596 1405
1592 1405 1596
1565 1566 1589
1565 1589 1588
1592 1406 1405
1404 1406 1577
1436 1569 1437
1565 1438 1437
1592 1594 1576
1577 1406 1573
1577 1537 1404
1540 1578 1577
1444 811 804
1444 1443 1447
808 929 1544
1448 1562 1449
1389 1390 1597
1389 1597 1598
1597 1390 1391
1597 1391 1570
1599 1600 1601
1599 1601 1602
1580 1603 1604
1580 1604 1581
1605 1606 1607
1605 1607 1608
1606 1605 1609
1606 1609 1610
1610 1609 1422
1610 1422 1611
1612 1613 1449
1612 1449 1474
1601 1600 1614
1601 1614 1615
1615 1614 1616
1615 1616 1617
1617 1616 1618
1617 1618 1619
1613 1612 1619
1613 1619 1618
1564 1620 1621
1564 1621 1563
1622 1623 1624
1622 1624 1625
1449 1613 1477
1449 1477 1445
1602 1626 1623
1602 1623 1599
1623 1626 1627
1623 1627 1624
1624 1627 1628
1624 1628 1629
1630 1631 1629
1630 1629 1628
1632 1591 1590
1632 1590 1633
1538 1634 1635
1538 1635 1539
1636 1637 1635
1636 1635 1634
1638 1639 1383
1638 1383 1384
1539 1401 1578
1539 1578 1540
1635 1402 1401
1635 1401 1539
1402 1635 1637
1402 1637 1640
1638 1384 1641
1638 1641 1642
1381 1427 1641
1381 1641 1384
1427 1381 1380
1427 1380 1424
1641 1427 1486
1641 1486 1643
1421 1398 1397
1421 1397 1644
1644 1397 1394
1644 1394 1428
1428 1394 1393
1428 1393 1429
768 1410 1415
768 1415 1016
1593 1630 1628
1593 1628 1575
1627 1574 1575
1627 1575 1628
1626 1541 1574
1626 1574 1627
1626 1602 1538
1626 1538 1541
1645 1604 1603
1645 1603 1646
1647 1605 1608
1647 1608 1648
1647 1571 1609
1647 1609 1605
1422 1609 1571
1422 1571 1423
1016 1415 1482
1016 1482 1021
1022 1021 1482
1022 1482 1507
1620 1564 1385
1620 1385 1625
1625 1385 1386
1625 1386 1622
1409 1407 1611
1409 1611 1418
1408 1610 1611
1408 1611 1407
1408 1435 1606
1408 1606 1610
1606 1435 1434
1606 1434 1607
1413 1416 1644
1413 1644 1428
1644 1416 1417
1644 1417 1421
1418 1419 1421
1418 1421 1417
1422 1419 1418
1422 1418 1611
1633 1587 1586
1633 1586 1632
1631 1621 1620
1631 1620 1629
1625 1624 1629
1625 1629 1620
1599 1623 1622
1599 1622 1649
1402 1640 1650
1402 1650 1403
1642 1641 1643
1642 1643 1651
1634 1538 1602
1634 1602 1601
1634 1601 1615
1634 1615 1636
1615 1617 1639
1615 1639 1636
1617 1619 1383
1617 1383 1639
1386 1387 1649
1386 1649 1622
1649 1387 1388
1649 1388 1652
1652 1388 1389
1652 1389 1598
1570 1618 1616
1570 1616 1597
1477 1613 1618
1477 1618 1570
1396 1650 1651
1396 1651 1395
1650 1640 1642
1650 1642 1651
1640 1637 1638
1640 1638 1642
1637 1636 1639
1637 1639 1638
1619 1612 1382
1619 1382 1383
1474 1379 1382
1474 1382 1612
1426 1480 1487
1480 1489 1487
1485 1509 1503
1485 1503 1483
1485 1483 1429
1485 1429 1393
1484 1392 1643
1484 1643 1486
1643 1392 1395
1643 1395 1651
1504 1503 1509
1504 1509 1559
1488 1490 1559
1488 1559 1509
1646 1568 1567
1646 1567 1645
1647 1648 1595
1647 1595 1572
1572 1536 1571
1572 1571 1647
1600 1599 1649
1600 1649 1652
1614 1600 1652
1614 1652 1598
1614 1598 1597
1614 1597 1616
1401 1537 1578
1579 1400 1403
1579 1403 1399
1399 1403 1650
1399 1650 1396
1653 1440 1451
1653 1451 1654
1655 1654 1451
1655 1451 1546
1656 1441 1440
1656 1440 1653
1657 1470 1441
1657 1441 1656
1525 1528 1658
1525 1658 1659
1660 1661 1533
1660 1533 1516
1662 1663 1515
1662 1515 1520
1664 1665 1521
1664 1521 1524
1534 1533 1661
1534 1661 1666
1532 897 1042
1532 1042 1667
1520 1521 1665
1520 1665 1662
1659 1664 1524
1659 1524 1525
1546 1534 1666
1546 1666 1655
1516 1515 1663
1516 1663 1660
1528 1530 1668
1528 1668 1658
1530 1532 1667
1530 1667 1668
1669 1670 1671
1669 1671 1672
1673 1674 1675
1673 1675 1676
1669 1672 1677
1669 1677 1678
1679 1680 1681
1679 1681 1682
1656 1653 1683
1656 1683 1684
1685 1686 1687
1685 1687 1688
1678 1689 1690
1689 1678 1677
1689 1677 1691
1692 1693 1680
1694 1695 1696
1694 1696 1697
1698 1691 1677
1674 1075 1074
1674 1074 1675
1699 1079 1078
1699 1078 1700
1080 1701 1700
1080 1700 1078
1702 1703 1704
1702 1704 1705
1678 1699 1700
1678 1700 1669
1670 1669 1700
1670 1700 1701
1706 1683 1653
1706 1653 1654
1707 1708 1691
1707 1691 1698
1708 1709 1689
1708 1689 1691
1675 1074 1079
1675 1079 1699
1699 1676 1675
1699 1678 1703
1699 1703 1702
1710 1704 1703
1710 1703 1690
1690 1689 1709
1690 1709 1710
1692 1711 1712
1706 1713 1714
1713 1706 1654
1713 1654 1655
1698 1693 1715
1693 1698 1681
1682 1681 1677
1682 1677 1672
1716 1682 1672
1716 1672 1671
1688 1717 1718
1688 1718 1685
1718 1684 1683
1695 1706 1714
1695 1714 1696
1697 1712 1711
1697 1711 1694
1676 1702 1705
1676 1705 1673
1702 1676 1699
1690 1703 1678
1719 1687 1686
1719 1686 1720
1657 1656 1684
1657 1684 1721
1684 1718 1717
1684 1717 1721
1718 1683 1706
1718 1706 1695
1695 1694 1685
1695 1685 1718
1694 1711 1686
1694 1686 1685
1720 1679 1722
1720 1722 1719
1682 1716 1722
1682 1722 1679
1692 1680 1720
1720 1686 1711
1720 1711 1692
1723 1724 1725
1723 1725 1726
1727 1728 1729
1727 1729 1730
1731 1732 1710
1731 1710 1709
1674 1673 1733
1674 1733 1734
1115 1116 1724
1115 1724 1723
1723 1735 1117
1723 1117 1115
1668 1667 1735
1668 1735 1736
1737 1738 1739
1737 1739 1740
1726 1736 1735
1726 1735 1723
1741 1742 1736
1741 1736 1726
1743 1744 1745
1743 1745 1746
1747 1748 1749
1747 1749 1750
1705 1704 1751
1705 1751 1752
1726 1725 1753
1726 1753 1741
1730 1754 1755
1730 1755 1727
1756 1757 1758
1756 1758 1759
1709 1708 1760
1709 1760 1731
1712 1761 1762
1763 1760 1708
1763 1708 1707
1756 1755 1754
1756 1754 1757
1764 1765 1766
1764 1766 1767
1768 1769 1750
1768 1750 1749
1075 1674 1734
1075 1734 1153
1770 1771 1772
1770 1772 1773
1704 1710 1732
1704 1732 1751
1713 1739 1738
1713 1738 1714
1673 1705 1752
1673 1752 1733
1774 1775 1776
1774 1776 1777
1775 1778 1779
1775 1779 1776
1780 1779 1778
1780 1778 1781
1782 1783 1784
1782 1784 1785
1786 1733 1752
1786 1752 1782
1787 1734 1733
1787 1733 1786
1172 1153 1734
1172 1734 1787
1655 1666 1739
1655 1739 1713
1788 1762 1761
1788 1761 1789
1762 1788 1715
1790 1791 1792
1790 1792 1761
1793 1774 1777
1793 1777 1789
1788 1763 1707
1788 1707 1715
1794 1795 1796
1797 1798 1738
1797 1738 1737
1116 1172 1787
1116 1787 1724
1725 1786 1782
1725 1782 1753
1786 1725 1724
1786 1724 1787
1798 1797 1799
1798 1799 1800
1801 1802 1803
1801 1803 1804
1770 1805 1801
1770 1801 1771
1806 1807 1808
1806 1808 1809
1744 1810 1811
1744 1811 1745
1767 1812 1813
1767 1813 1764
1814 1815 1816
1814 1816 1817
1818 1819 1820
1818 1820 1815
1821 1820 1822
1821 1822 1823
1824 1666 1661
1824 1661 1825
1809 1826 1803
1809 1803 1806
1785 1827 1753
1785 1753 1782
1741 1753 1827
1741 1827 1826
1742 1741 1826
1742 1826 1809
1659 1828 1808
1659 1808 1810
1664 1659 1810
1664 1810 1744
1752 1751 1783
1752 1783 1782
1779 1780 1732
1779 1732 1731
1731 1760 1776
1731 1776 1779
1760 1763 1777
1760 1777 1776
1763 1788 1789
1763 1789 1777
1780 1783 1751
1780 1751 1732
1781 1784 1783
1781 1783 1780
1829 1830 1784
1829 1784 1781
1697 1696 1798
1697 1798 1800
1714 1738 1798
1714 1798 1696
1792 1793 1789
1793 1792 1831
1793 1831 1832
1800 1799 1791
1800 1791 1790
1799 1833 1834
1799 1834 1791
1790 1697 1800
1665 1664 1744
1665 1744 1743
1662 1665 1743
1662 1743 1835
1663 1662 1835
1663 1835 1836
1825 1661 1660
1825 1660 1837
1829 1838 1730
1829 1730 1729
1839 1769 1768
1839 1768 1840
1841 1836 1835
1841 1835 1842
1754 1730 1838
1754 1838 1843
1758 1757 1844
1758 1844 1832
1757 1754 1843
1757 1843 1844
1845 1825 1837
1845 1837 1846
1842 1835 1743
1842 1743 1746
1847 1830 1772
1847 1772 1771
1794 1831 1834
1794 1834 1795
1802 1801 1805
1802 1805 1848
1827 1785 1847
1827 1847 1804
1849 1850 1851
1849 1851 1852
1852 1839 1840
1852 1840 1849
1824 1825 1845
1824 1845 1853
1854 1818 1815
1854 1815 1814
1821 1797 1737
1821 1737 1816
1820 1819 1855
1820 1855 1822
1856 1802 1848
1856 1848 1857
1728 1773 1772
1728 1772 1729
1759 1758 1794
1759 1794 1796
1858 1796 1795
1836 1837 1660
1836 1660 1663
1846 1837 1836
1846 1836 1841
1747 1766 1765
1747 1765 1748
1824 1740 1739
1824 1739 1666
1740 1824 1853
1740 1853 1817
1814 1813 1812
1814 1812 1854
1697 1790 1761
1697 1761 1712
1667 1042 1117
1667 1117 1735
1658 1668 1736
1658 1736 1742
1658 1742 1828
1746 1745 1840
1746 1840 1768
1826 1827 1804
1826 1804 1803
1856 1850 1807
1856 1807 1806
1745 1811 1849
1745 1849 1840
1740 1817 1816
1740 1816 1737
1821 1823 1797
1802 1856 1806
1802 1806 1803
1729 1772 1830
1729 1830 1829
1758 1832 1831
1758 1831 1794
1833 1858 1795
1833 1795 1834
1781 1778 1838
1781 1838 1829
1842 1749 1748
1842 1748 1841
1843 1838 1778
1843 1778 1775
1832 1844 1774
1832 1774 1793
1844 1843 1775
1844 1775 1774
1765 1764 1845
1765 1845 1846
1746 1768 1749
1746 1749 1842
1785 1784 1830
1785 1830 1847
1791 1834 1831
1791 1831 1792
1771 1801 1804
1771 1804 1847
1764 1813 1853
1764 1853 1845
1816 1815 1820
1816 1820 1821
1765 1846 1841
1765 1841 1748
1813 1814 1817
1813 1817 1853
1692 1712 1693
1822 1855 1859
1822 1859 1858
1822 1858 1833
1822 1833 1823
1823 1833 1799
1823 1799 1797
1860 1861 1862
1860 1862 1863
1864 1865 1866
1867 1863 1862
1868 1869 1870
1871 1872 1873
1874 1875 1876
1874 1876 1860
1877 1878 1879
1880 1881 1874
1880 1874 1882
1883 1884 1885
1878 1886 1887
1878 1887 1879
1888 1882 1884
1889 1886 1890
1891 1892 1893
1894 1895 1896
1894 1896 1897
1894 1898 1899
1894 1899 1900
1894 1900 1901
1894 1901 1902
1894 1902 1903
1904 1905 1895
1904 1895 1906
1907 1904 1906
1907 1906 1908
1909 1907 1908
1909 1908 1910
1911 1898 1897
1911 1897 1912
1909 1910 1903
1909 1903 1913
1874 1881 1875
1860 1876 1861
1867 1914 1915
1867 1915 1863
1915 1914 1890
1890 1886 1915
1877 1893 1892
1877 1892 1878
1882 1888 1880
1870 1869 1892
1870 1892 1891
1866 1865 1869
1866 1869 1868
1873 1872 1865
1873 1865 1864
1884 1872 1916
1886 1889 1887
1698 1715 1707
1762 1715 1693
1720 1680 1679
1693 1712 1762
1859 1796 1858
1916 1872 1871
1888 1884 1883
1792 1789 1761
1808 1807 1811
1808 1811 1810
1808 1828 1742
1808 1742 1809
1851 1850 1856
1851 1856 1857
1807 1850 1849
1807 1849 1811
1658 1828 1659
1885 1884 1916
1698 1677 1681
1693 1681 1680
1895 1905 1917
1895 1917 1896
1896 1917 1912
1896 1912 1897
1898 1911 1918
1898 1918 1899
1899 1918 1919
1899 1919 1900
1900 1919 1920
1900 1920 1901
1901 1920 1921
1901 1921 1902
1902 1921 1913
1902 1913 1903
1895 1894 1906
1906 1894 1908
1908 1894 1910
1898 1894 1897
1910 1894 1903
1922 1923 1924
1922 1924 1925
1926 1927 1928
1929 1930 1931
1929 1931 1932
1933 1934 1931
1933 1931 1922
1923 1922 1935
1936 1928 1937
1936 1937 1938
1936 1938 1939
1935 1922 1931
1939 1938 1940
1939 1940 1941
1930 1942 1931
1943 1944 1945
1943 1945 1946
1947 1948 1949
1947 1949 1950
1951 1949 1948
1952 1953 1954
1952 1954 1955
1954 1956 1955
1957 1958 1959
1957 1959 1960
1959 1961 1960
1942 1935 1931
1962 1963 1964
1962 1964 1965
1966 1967 1968
1966 1968 1969
1967 1966 1970
1967 1970 1937
1971 1947 1950
1971 1950 1972
1945 1944 1973
1945 1973 1974
1935 1975 1923
1969 1976 1977
1969 1977 1966
1966 1977 1978
1966 1978 1970
1972 1979 1980
1972 1980 1971
1952 1981 1982
1952 1982 1953
1957 1983 1984
1957 1984 1958
1973 1985 1986
1973 1986 1974
1987 1965 1964
1987 1964 1975
1934 1932 1931
1928 1967 1937
1974 1986 1987
1974 1987 1975
1945 1974 1975
1945 1975 1935
1946 1945 1935
1946 1935 1942
1949 1951 1940
1949 1940 1938
1950 1949 1938
1950 1938 1937
1972 1950 1937
1972 1937 1970
1970 1978 1979
1970 1979 1972
1939 1941 1988
1989 1936 1939
1989 1939 1988
1989 1990 1936
1926 1928 1936
1926 1936 1990
1964 1963 1924
1964 1924 1923
1928 1927 1968
1928 1968 1967
1922 1925 1933
1964 1923 1975
1553 1513 1991
1553 1991 1992
1558 1553 1992
1558 1992 1378
1457 1456 1513
1456 1991 1513
1993 1994 1995
1996 1997 1998
1996 1998 1999
2000 2001 2002
2000 2002 2003
2004 2005 2006
2004 2006 2007
2008 2009 2010
2011 2012 2013
2011 2013 2014
2015 2016 2017
2018 2019 2020
2018 2020 2021
2022 2023 2024
2022 2024 2025
2026 2022 2025
2026 2025 2027
2010 2011 2028
2010 2028 2029
2028 2011 2014
2028 2014 2030
2023 2031 2032
2023 2032 2024
2033 2034 2035
2033 2035 2036
2037 2015 2017
2037 2017 2038
2039 2008 2040
2039 2040 2041
2042 2043 2044
2042 2044 2045
2046 2047 2043
2046 2043 2042
2048 2049 2050
2048 2050 2051
2052 2049 2048
2052 2048 2053
2054 2001 2000
2007 2006 2055
2007 2055 2056
2057 2009 2008
2057 2008 2039
2012 2058 2059
2012 2059 2013
2060 2061 2032
2060 2032 2031
2008 2010 2029
2008 2029 2040
2017 2016 2057
2017 2057 2039
2038 2017 2039
2038 2039 2041
2060 2036 2035
2060 2035 2061
2002 1994 1993
2002 1993 2003
2004 1996 1999
2004 1999 2005
2059 2058 2021
2059 2021 2020
2012 2011 2010
2012 2010 2009
2058 2012 2009
2058 2009 2057
2058 2057 2016
2058 2016 2021
2015 2018 2021
2015 2021 2016
1999 1998 1995
1999 1995 1994
2005 1999 1994
2005 1994 2002
2001 2006 2005
2001 2005 2002
2054 2055 2006
2054 2006 2001
2062 2063 2064
2062 2064 2065
2063 2066 2067
2063 2067 2064
2066 2068 2069
2066 2069 2067
2070 2071 2072
2070 2072 2073
2074 2069 2068
2074 2068 2075
2076 2077 2078
2076 2078 2079
2080 2081 2082
2080 2082 2083
2084 2085 2083
2084 2083 2082
2077 2076 2086
2077 2086 2087
2079 2078 2088
2079 2088 2089
2090 2091 2081
2090 2081 2080
2092 2093 2085
2092 2085 2084
2087 2086 2094
2087 2094 2095
2096 2097 2098
2096 2098 2099
2100 2062 2065
2100 2065 2101
2088 2102 2103
2088 2103 2089
2091 2090 2104
2091 2104 2105
2106 2107 2103
2106 2103 2102
2108 2109 2110
2108 2110 2111
2112 2113 2114
2112 2114 2115
2111 2116 2117
2111 2117 2108
2118 2119 2114
2118 2114 2113
2120 2121 2122
2120 2122 2123
2124 2125 2126
2124 2126 2127
2128 2129 2130
2128 2130 2131
2121 2132 2133
2121 2133 2122
2134 2124 2127
2134 2127 2135
2136 2137 2138
2136 2138 2139
2140 2110 2109
2140 2109 2141
2138 2142 2143
2138 2143 2139
2125 2143 2142
2125 2142 2126
2141 2112 2115
2141 2115 2140
2131 2130 2120
2131 2120 2123
2129 2128 2144
2129 2144 2145
2146 2147 2137
2146 2137 2136
2144 2148 2149
2144 2149 2145
2150 2151 2152
2153 2154 2155
2153 2155 2156
2157 2158 2159
2157 2159 2160
2161 2162 2163
2161 2163 2164
2165 2166 2167
2168 2169 2170
2168 2170 2171
2172 2173 2174
2175 2176 2177
2175 2177 2178
2179 2180 2181
2179 2181 2182
2183 2184 2180
2183 2180 2179
2166 2185 2186
2166 2186 2168
2186 2187 2169
2186 2169 2168
2182 2181 2188
2182 2188 2189
2190 2191 2192
2190 2192 2193
2194 2195 2173
2194 2173 2172
2196 2197 2198
2196 2198 2165
2199 2200 2201
2199 2201 2202
2203 2199 2202
2203 2202 2204
2205 2206 2207
2205 2207 2208
2209 2210 2205
2209 2205 2208
2211 2157 2160
2162 2212 2213
2162 2213 2163
2214 2196 2165
2214 2165 2167
2171 2170 2215
2171 2215 2216
2217 2189 2188
2217 2188 2218
2165 2198 2185
2165 2185 2166
2173 2196 2214
2173 2214 2174
2195 2197 2196
2195 2196 2173
2217 2218 2192
2217 2192 2191
2159 2158 2150
2159 2150 2152
2161 2164 2154
2161 2154 2153
2215 2177 2176
2215 2176 2216
2171 2167 2166
2171 2166 2168
2216 2214 2167
2216 2167 2171
2216 2176 2174
2216 2174 2214
2172 2174 2176
2172 2176 2175
2154 2152 2151
2154 2151 2155
2164 2159 2152
2164 2152 2154
2160 2159 2164
2160 2164 2163
2211 2160 2163
2211 2163 2213
2219 2220 2221
2219 2221 2222
2222 2221 2223
2222 2223 2224
2224 2223 2225
2224 2225 2226
2227 2228 2229
2227 2229 2230
2231 2232 2226
2231 2226 2225
2233 2234 2235
2233 2235 2236
2237 2238 2239
2237 2239 2240
2241 2239 2238
2241 2238 2242
2236 2243 2244
2236 2244 2233
2234 2245 2246
2234 2246 2235
2247 2237 2240
2247 2240 2248
2249 2241 2242
2249 2242 2250
2243 2251 2252
2243 2252 2244
2253 2254 2255
2253 2255 2256
2257 2258 2220
2257 2220 2219
2246 2245 2259
2246 2259 2260
2248 2261 2262
2248 2262 2247
2263 2260 2259
2263 2259 2264
2265 2266 2267
2265 2267 2268
2269 2270 2271
2269 2271 2272
2266 2265 2273
2266 2273 2274
2275 2272 2271
2275 2271 2276
2277 2278 2279
2277 2279 2280
2281 2282 2283
2281 2283 2284
2285 2286 2287
2285 2287 2288
2280 2279 2289
2280 2289 2290
2291 2292 2282
2291 2282 2281
2293 2294 2295
2293 2295 2296
2297 2298 2268
2297 2268 2267
2295 2294 2299
2295 2299 2300
2284 2283 2300
2284 2300 2299
2298 2297 2270
2298 2270 2269
2286 2278 2277
2286 2277 2287
2288 2301 2302
2288 2302 2285
2303 2293 2296
2303 2296 2304
2302 2301 2305
2302 2305 2306
2307 2308 2309
2310 2311 2312
2310 2312 2313
2313 2314 2315
2313 2315 2310
2316 2317 2318
2316 2318 2319
2320 2315 2314
2320 2314 2321
2317 2322 2318
2312 2311 2316
2312 2316 2323
2323 2324 2325
2325 2324 2326
2325 2326 2327
2328 2329 2330
2323 2316 2319
2323 2325 2312
2327 2326 2328
2327 2328 2330
2309 2308 2320
2309 2320 2321
2331 2332 2333
2334 2335 2336
2334 2336 2337
2335 2334 2338
2335 2338 2339
2340 2341 2342
2340 2342 2343
2344 2345 2339
2344 2339 2338
2343 2342 2346
2336 2347 2340
2336 2340 2337
2347 2348 2349
2350 2349 2348
2350 2348 2351
2352 2353 2354
2347 2341 2340
2347 2336 2348
2351 2353 2352
2351 2352 2350
2332 2345 2344
2332 2344 2333
924 872 2355
924 2355 1378
2355 1508 1558
2355 1558 1378
872 1022 2355
872 870 1022
1022 1508 2355
1507 1508 1022
