byte offset: 0
first index: 0
index count: 7206
topology: trianglelist
format: DXGI_FORMAT_R16_UINT

0 1 2
0 2 3
1 4 5
1 5 2
5 4 6
5 6 7
8 9 10
8 10 11
8 12 9
6 13 14
6 14 7
14 13 12
14 12 15
16 17 11
16 11 10
15 12 8
18 0 3
18 3 19
20 21 22
20 22 23
21 20 24
21 24 25
24 26 27
24 27 25
28 29 30
28 30 31
28 31 32
27 26 33
27 33 34
33 35 32
33 32 34
29 36 37
29 37 30
35 28 32
23 22 18
23 18 19
38 39 40
38 40 41
42 43 44
42 44 45
42 45 46
42 46 47
48 49 50
51 44 43
51 43 52
45 44 53
45 53 54
54 55 46
54 46 45
56 57 46
56 46 55
49 48 58
59 60 61
59 61 62
63 64 65
63 65 66
64 63 67
64 67 68
69 70 66
69 66 65
71 60 59
71 59 72
73 74 68
73 68 75
65 64 76
65 76 69
71 77 61
71 61 60
51 52 39
51 39 38
78 79 51
78 51 38
75 68 67
75 67 80
40 81 41
82 83 41
82 41 84
75 80 85
75 85 86
73 75 86
73 86 87
64 68 74
64 74 76
88 89 90
88 90 58
91 89 88
91 88 92
93 56 55
93 55 94
94 55 54
94 54 95
53 96 95
53 95 54
96 79 97
97 83 98
46 57 99
46 99 100
101 92 88
101 88 48
59 62 90
59 90 89
63 66 94
63 94 95
95 96 67
95 67 63
66 70 93
66 93 94
72 59 89
72 89 91
80 67 96
80 96 97
85 80 97
85 97 98
78 38 41
78 41 83
97 78 83
83 82 98
53 44 51
53 51 79
96 53 79
79 78 97
48 50 101
46 100 47
58 48 88
102 103 104
102 104 105
106 107 108
106 108 109
106 110 111
106 111 107
112 113 114
115 116 109
115 109 108
107 117 118
107 118 108
117 107 111
117 111 119
120 119 111
120 111 121
114 122 112
123 124 125
123 125 126
127 128 129
127 129 130
130 131 132
130 132 127
133 129 128
133 128 134
135 136 123
135 123 126
137 138 131
137 131 139
129 133 140
129 140 130
135 126 125
135 125 141
115 102 105
115 105 116
142 102 115
142 115 143
138 144 132
138 132 131
104 103 145
146 147 103
146 103 148
138 149 150
138 150 144
137 151 149
137 149 138
130 140 139
130 139 131
152 122 153
152 153 154
155 156 152
155 152 154
157 158 119
157 119 120
158 159 117
158 117 119
118 117 159
118 159 160
160 161 143
161 162 148
111 163 164
111 164 121
165 112 152
165 152 156
123 154 153
123 153 124
127 159 158
127 158 128
159 127 132
159 132 160
128 158 157
128 157 134
136 155 154
136 154 123
144 161 160
144 160 132
150 162 161
150 161 144
142 148 103
142 103 102
161 148 142
148 162 146
118 143 115
118 115 108
160 143 118
143 161 142
112 165 113
111 110 163
122 152 112
84 81 166
41 81 84
145 147 167
145 103 147
168 169 170
168 170 171
172 169 168
172 168 173
174 175 176
177 178 179
177 179 180
178 171 170
178 170 179
173 174 176
173 176 172
181 182 183
181 183 184
184 183 177
184 177 180
185 186 187
188 189 175
175 189 17
175 17 16
190 191 192
190 192 193
194 195 190
194 190 193
185 196 186
197 198 199
197 199 200
200 199 192
200 192 191
195 194 196
195 196 185
181 201 202
181 202 182
201 198 197
201 197 202
186 37 36
186 36 203
187 186 203
204 205 206
204 206 207
208 209 210
208 210 211
212 213 206
212 206 205
206 213 214
215 62 61
215 61 216
217 218 219
217 219 216
220 210 209
219 221 215
219 215 216
222 209 208
223 221 219
223 219 224
209 222 225
216 61 77
216 77 217
226 227 225
226 225 222
90 214 58
219 218 228
219 228 224
229 90 62
229 62 215
221 226 229
221 229 215
223 227 226
223 226 221
207 206 230
204 207 208
204 208 211
230 229 226
230 226 222
208 207 222
213 49 58
213 58 214
90 229 214
229 230 214
231 49 213
231 213 212
209 225 232
222 207 230
206 214 230
233 234 235
232 220 209
236 220 232
237 234 233
238 239 240
238 240 241
242 243 244
242 244 245
246 241 240
246 240 247
240 248 247
249 250 125
249 125 124
251 250 252
251 252 253
254 245 244
252 250 249
252 249 255
256 242 245
257 258 252
257 252 255
245 259 256
250 251 141
250 141 125
260 256 259
260 259 261
153 122 248
252 258 262
252 262 253
263 249 124
263 124 153
255 249 263
255 263 260
257 255 260
257 260 261
239 264 240
238 243 242
238 242 239
264 256 260
264 260 263
242 256 239
247 248 122
247 122 114
153 248 263
263 248 264
265 246 247
265 247 114
245 266 259
256 264 239
240 264 248
267 268 269
266 245 254
270 266 254
271 267 269
272 273 274
273 272 275
276 277 274
278 279 273
272 280 281
282 283 275
282 275 284
275 283 285
275 285 278
285 283 286
285 286 287
288 286 283
288 283 282
282 289 290
282 290 288
284 291 289
284 289 282
289 292 293
289 293 290
291 294 292
291 292 289
287 295 296
287 296 297
295 287 286
295 286 298
299 300 288
299 288 290
301 285 287
301 287 297
285 301 302
285 302 278
280 303 304
280 304 281
284 281 304
284 304 291
305 294 291
305 291 304
306 305 304
306 304 303
305 306 307
305 307 308
309 306 303
309 303 310
303 280 311
303 311 310
311 280 277
311 277 312
313 292 294
313 294 314
290 293 315
290 315 299
316 309 310
316 310 317
317 310 311
317 311 318
319 320 321
319 321 322
323 324 325
323 325 326
325 327 328
325 328 326
329 320 319
329 319 330
331 332 333
331 333 334
322 321 332
322 332 331
327 325 335
327 335 336
336 335 337
336 337 338
333 332 336
333 336 338
327 336 332
327 332 321
339 333 338
339 338 340
341 342 340
343 344 339
339 344 334
339 334 333
345 346 347
348 349 350
348 350 351
352 353 354
352 354 355
355 354 356
355 356 357
356 358 359
356 359 357
355 360 361
355 361 352
349 360 355
349 355 357
349 348 362
349 362 360
361 360 362
361 362 363
364 362 348
364 348 345
363 362 364
363 364 365
345 366 367
345 367 364
365 364 367
365 367 368
369 365 368
369 368 370
371 363 365
371 365 369
341 369 370
341 370 372
373 371 337
373 337 335
335 325 324
335 324 373
329 330 374
329 374 375
376 356 354
376 354 377
353 352 324
353 324 323
363 371 373
363 373 361
324 352 361
324 361 373
322 302 301
322 301 319
301 297 330
301 330 319
334 279 331
302 331 279
378 276 274
297 296 374
297 374 330
379 380 381
382 383 384
385 386 387
385 387 388
389 390 391
389 391 392
393 394 395
393 395 396
393 397 398
393 398 399
395 400 396
401 402 398
401 398 397
394 393 399
394 399 403
300 398 402
300 402 404
405 383 406
405 406 407
406 383 408
409 410 411
409 411 412
413 414 415
413 415 416
417 418 419
417 419 420
421 422 423
421 423 424
425 426 427
425 427 428
384 429 382
430 431 432
433 434 435
433 435 436
437 438 439
440 392 391
440 391 441
442 427 426
442 426 443
444 445 443
444 443 446
447 448 449
447 449 450
451 452 453
451 453 454
453 452 455
453 455 456
358 356 376
358 376 457
298 458 459
298 459 295
460 461 374
460 374 296
399 398 299
399 299 315
438 437 440
438 440 441
441 462 463
461 464 375
461 375 374
416 418 417
416 417 413
464 421 465
464 465 375
465 466 375
467 377 354
467 354 353
323 468 467
323 467 353
469 468 323
469 323 326
328 470 469
328 469 326
329 466 471
329 471 470
471 466 472
471 472 473
474 475 476
476 477 478
466 465 472
477 479 480
477 480 478
419 481 420
295 459 460
295 460 296
482 483 484
482 484 485
485 486 487
486 488 487
488 489 490
488 490 491
469 470 471
469 471 492
469 492 483
469 483 468
483 482 467
483 467 468
482 487 467
376 377 487
376 487 491
457 376 491
457 491 490
379 493 380
494 495 496
494 496 497
381 380 440
381 440 498
497 496 389
497 389 392
430 432 499
430 499 500
405 407 499
405 499 432
500 501 502
500 502 430
431 430 502
431 502 503
441 463 438
493 494 497
493 497 380
380 497 392
380 392 440
437 498 440
480 479 504
419 478 480
419 480 481
419 505 478
419 418 506
419 506 505
418 416 507
418 507 506
507 416 415
507 415 508
412 509 510
412 510 409
511 512 513
511 513 514
515 511 514
515 514 516
517 518 515
517 515 516
519 520 518
519 518 517
520 519 521
520 521 522
523 522 524
525 523 524
525 524 526
527 525 526
527 526 528
529 527 528
529 528 530
423 422 531
423 531 532
531 422 513
531 513 512
409 510 508
409 508 415
409 415 414
409 414 410
398 300 299
329 470 328
329 328 320
327 321 320
327 320 328
378 533 534
378 534 276
535 504 382
535 382 536
535 536 537
481 480 535
538 481 535
538 535 537
437 539 498
449 445 444
449 444 450
540 397 393
540 393 396
532 541 542
532 542 423
424 423 542
424 542 543
544 545 424
544 424 543
472 545 544
472 544 475
476 505 506
476 506 546
506 507 547
506 547 546
548 547 507
548 507 508
549 508 510
510 550 549
510 509 551
510 551 550
476 546 552
476 552 474
552 546 547
552 547 553
547 548 554
547 554 553
555 554 548
555 548 549
550 556 555
550 555 549
551 557 556
551 556 550
474 473 472
474 472 475
473 474 552
473 552 558
558 552 553
558 553 484
485 484 553
485 553 554
486 485 554
486 554 555
488 486 556
489 488 557
424 545 465
424 465 421
492 471 473
492 473 558
492 558 484
492 484 483
501 500 559
501 559 560
559 500 499
559 499 561
541 499 407
407 406 542
407 542 541
542 406 408
542 408 543
543 408 479
543 479 544
479 477 475
479 475 544
315 562 403
315 403 399
563 401 540
564 565 390
564 390 389
566 564 389
566 389 496
567 566 496
567 496 495
568 462 442
568 442 569
462 570 427
462 427 442
427 570 571
427 571 428
428 571 572
463 462 568
570 462 441
570 441 391
390 571 570
390 570 391
565 572 571
565 571 390
386 573 387
502 388 387
502 387 503
456 455 501
456 501 560
448 447 451
448 451 454
434 574 575
434 575 435
540 396 400
524 521 404
524 404 402
519 458 404
519 404 521
458 519 517
458 517 459
517 516 460
517 460 459
460 516 514
460 514 461
464 461 514
464 514 513
422 421 464
422 464 513
404 458 298
404 298 300
300 298 286
300 286 288
576 577 578
576 578 579
318 311 312
318 312 580
534 580 312
534 312 276
581 493 379
582 575 574
582 574 583
584 528 563
526 401 563
526 563 528
402 401 524
405 432 585
384 585 429
586 431 503
429 585 587
503 387 573
502 501 455
502 455 388
388 455 452
388 452 385
385 452 451
385 451 588
588 451 447
588 447 589
590 582 583
385 588 433
385 433 386
433 436 386
591 425 428
591 428 572
592 425 591
592 591 590
590 583 593
590 593 592
574 594 593
574 593 583
574 434 589
574 589 594
588 589 434
588 434 433
426 425 592
426 592 446
593 444 446
593 446 592
593 594 450
593 450 444
450 594 589
450 589 447
442 443 445
442 445 569
426 446 443
595 596 597
595 597 598
599 600 601
599 601 602
603 522 523
603 523 604
539 437 439
381 605 606
381 606 379
607 595 598
607 598 608
598 609 610
598 610 608
611 612 613
611 613 609
614 531 512
511 515 615
511 615 616
617 618 518
617 518 520
619 532 531
620 621 622
623 613 527
623 527 529
609 598 597
609 597 611
597 624 625
597 625 611
626 627 628
626 628 629
630 631 632
630 632 633
498 634 605
498 605 381
597 596 635
597 635 624
599 636 637
599 637 600
638 639 640
638 640 641
439 438 642
448 643 644
448 644 449
642 438 463
642 463 645
641 640 637
641 637 636
646 647 648
646 648 649
650 632 631
650 631 651
515 518 618
515 618 615
379 606 652
379 652 581
603 617 520
603 520 522
653 654 655
653 655 656
498 539 634
559 622 621
559 621 560
657 658 659
657 659 660
657 660 661
657 661 662
663 664 662
663 662 661
665 666 667
606 605 666
606 666 668
668 669 652
668 652 606
532 619 561
619 622 559
619 559 561
644 643 670
644 670 568
671 643 672
673 659 658
670 645 463
670 463 568
674 675 676
674 676 677
620 678 679
620 679 621
669 668 595
669 595 607
665 635 596
665 596 666
596 595 668
596 668 666
680 679 678
680 678 681
682 683 684
682 684 685
653 656 686
653 686 683
687 688 689
687 689 690
629 628 687
629 687 690
691 648 647
691 647 692
693 694 695
693 695 696
695 697 698
695 698 699
700 619 614
688 701 685
688 685 689
702 701 624
702 624 635
688 625 624
688 624 701
688 687 603
688 603 625
617 603 687
617 687 628
634 667 666
634 666 605
662 664 539
662 539 439
657 662 439
657 439 642
642 645 658
642 658 657
703 658 645
667 634 539
667 539 664
667 664 663
667 663 704
705 706 704
705 704 663
456 679 680
456 680 453
679 456 560
679 560 621
671 673 703
671 707 673
681 708 680
681 709 708
680 710 454
680 454 453
618 617 628
618 628 627
618 627 711
618 711 615
712 616 615
712 615 711
713 714 715
602 705 716
602 716 599
651 717 650
718 719 712
718 712 711
720 636 599
720 599 716
641 721 722
641 722 638
636 720 721
636 721 641
723 724 715
723 715 714
627 626 718
627 718 711
653 725 706
653 706 654
676 675 707
676 707 709
726 684 683
726 683 686
702 727 725
702 725 682
728 729 730
728 730 731
732 729 728
732 728 717
700 715 724
700 724 733
734 695 694
696 678 620
726 731 730
726 730 684
602 601 655
602 655 654
675 674 639
675 639 638
677 676 735
677 735 736
512 511 713
713 616 712
713 712 714
723 714 712
723 712 719
630 633 646
630 646 649
622 619 737
733 693 700
694 692 734
612 604 523
612 523 525
710 643 448
527 613 612
527 612 525
610 609 613
610 613 623
612 611 625
612 625 604
604 625 603
651 626 629
651 629 732
701 702 682
701 682 685
730 729 690
730 690 689
690 729 732
690 732 629
620 737 696
689 685 684
689 684 730
602 654 706
602 706 705
722 707 675
722 675 638
676 709 738
676 738 735
705 663 661
705 661 716
719 718 631
719 631 630
661 660 720
661 720 716
722 721 659
722 659 673
659 721 720
659 720 660
649 648 724
649 724 723
718 626 651
718 651 631
706 725 727
706 727 704
709 707 671
709 671 672
682 725 653
682 653 683
724 648 691
724 691 733
739 696 695
739 695 699
723 719 630
723 630 649
691 693 733
569 445 449
569 449 644
736 735 699
736 699 698
738 739 699
738 699 735
678 739 738
678 738 681
665 667 704
665 704 727
727 702 635
727 635 665
401 397 540
563 540 740
549 548 508
584 563 740
530 528 584
351 346 345
351 345 348
524 401 526
524 522 521
540 400 740
308 314 294
308 294 305
293 292 313
293 313 741
741 562 315
741 315 293
350 349 357
350 357 359
466 329 375
488 556 557
486 555 556
700 614 715
619 531 614
713 715 614
614 512 713
737 619 700
620 622 737
700 693 737
532 561 541
696 737 693
713 511 616
302 279 278
742 743 744
744 743 344
378 274 743
378 742 533
745 340 342
670 643 703
644 568 569
703 645 670
673 658 703
671 703 643
673 707 722
710 448 454
672 643 710
343 339 745
746 573 386
384 383 405
382 429 536
382 504 383
535 480 504
432 431 585
504 479 408
405 585 384
408 383 504
476 475 477
476 478 505
485 487 482
467 487 377
487 488 491
472 465 545
587 431 586
503 573 586
420 481 538
576 306 309
744 344 343
309 316 577
309 577 576
576 307 306
579 307 576
277 272 274
278 273 275
312 277 276
339 340 745
279 743 273
372 342 341
338 337 341
338 341 340
369 341 337
369 337 371
691 692 694
277 280 272
281 284 275
697 695 734
738 709 681
732 717 651
694 693 691
739 678 696
709 672 708
708 672 710
710 680 708
743 279 344
344 279 334
322 331 302
585 431 587
386 436 746
561 499 541
345 347 366
347 346 747
378 743 742
275 272 281
274 273 743
748 749 750
750 751 748
752 749 753
754 750 755
748 756 757
758 759 751
758 751 760
751 754 761
751 761 760
761 762 763
761 763 760
764 758 760
764 760 763
758 764 765
758 765 766
759 758 766
759 766 767
766 765 768
766 768 769
767 766 769
767 769 770
762 771 772
762 772 773
773 774 763
773 763 762
775 765 764
775 764 776
777 771 762
777 762 761
761 754 778
761 778 777
757 756 779
757 779 780
759 767 779
759 779 756
781 779 767
781 767 770
782 780 779
782 779 781
781 308 307
781 307 782
783 784 780
783 780 782
780 784 785
780 785 757
785 786 753
785 753 757
313 314 770
313 770 769
765 775 787
765 787 768
788 789 784
788 784 783
789 790 785
789 785 784
791 792 793
791 793 794
795 796 797
795 797 798
797 796 799
797 799 800
801 802 791
801 791 794
803 804 805
803 805 806
792 803 806
792 806 793
800 807 808
800 808 797
807 809 810
807 810 808
805 809 807
805 807 806
800 793 806
800 806 807
811 812 809
811 809 805
813 812 814
815 811 816
811 805 804
811 804 816
817 818 346
819 351 350
819 350 820
821 822 823
821 823 824
822 825 826
822 826 823
826 825 359
826 359 358
822 821 827
822 827 828
820 825 822
820 822 828
820 828 829
820 829 819
827 830 829
827 829 828
831 817 819
831 819 829
830 832 831
830 831 829
817 831 833
817 833 834
832 835 833
832 833 831
836 837 835
836 835 832
838 836 832
838 832 830
813 839 837
813 837 836
840 808 810
840 810 838
808 840 798
808 798 797
801 841 842
801 842 802
843 844 823
843 823 826
824 795 798
824 798 821
830 827 840
830 840 838
798 840 827
798 827 821
792 791 777
792 777 778
777 791 802
777 802 771
804 803 755
778 755 803
845 749 752
771 802 842
771 842 772
846 847 848
849 850 851
852 853 854
852 854 855
856 857 858
856 858 859
860 861 395
860 395 394
860 862 863
860 863 864
395 861 400
865 864 863
865 863 866
394 403 862
394 862 860
776 867 866
776 866 863
868 869 870
868 870 851
870 871 851
872 873 874
872 874 875
876 877 878
876 878 879
880 881 882
880 882 883
884 885 886
884 886 887
888 889 890
888 890 891
850 849 892
893 894 895
896 897 898
896 898 899
900 901 902
903 904 858
903 858 857
905 906 891
905 891 890
907 908 906
907 906 909
910 911 912
910 912 913
914 915 916
914 916 917
916 918 919
916 919 917
358 457 843
358 843 826
774 773 920
774 920 921
922 772 842
922 842 923
862 787 775
862 775 863
902 904 903
902 903 900
904 924 925
923 842 841
923 841 926
877 876 880
877 880 883
926 841 927
926 927 884
927 841 928
929 824 823
929 823 844
795 824 929
795 929 930
931 796 795
931 795 930
799 796 931
799 931 932
801 932 933
801 933 928
933 934 935
933 935 928
936 937 938
937 939 940
928 935 927
940 939 941
940 941 942
882 881 943
773 772 922
773 922 920
944 945 946
944 946 947
945 948 949
949 948 950
950 951 490
950 490 489
931 952 933
931 933 932
931 930 947
931 947 952
947 930 929
947 929 944
944 929 948
843 951 948
843 948 844
457 490 951
457 951 843
846 848 493
494 953 954
494 954 495
847 955 903
847 903 848
953 857 856
953 856 954
893 956 957
893 957 894
868 894 957
868 957 869
956 893 958
956 958 959
895 960 958
895 958 893
904 902 924
493 848 953
493 953 494
848 903 857
848 857 953
900 903 955
941 961 942
882 943 941
882 941 939
882 939 962
882 962 963
882 963 883
883 963 964
883 964 877
964 965 878
964 878 877
873 872 966
873 966 967
968 969 970
968 970 971
972 973 969
972 969 968
974 973 972
974 972 975
976 974 975
976 975 977
977 978 979
977 979 976
980 981 978
982 983 981
982 981 980
984 985 983
984 983 982
529 530 985
529 985 984
886 986 987
886 987 887
987 971 970
987 970 887
872 878 965
872 965 966
872 875 879
872 879 878
863 775 776
801 794 799
801 799 932
800 799 794
800 794 793
845 752 988
845 988 989
990 849 961
990 991 992
990 992 849
943 990 941
993 991 990
993 990 943
900 955 994
912 911 907
912 907 909
995 861 860
995 860 864
986 886 996
986 996 997
885 998 996
885 996 886
999 998 885
999 885 1000
935 938 999
935 999 1000
937 1001 963
937 963 962
963 1001 1002
963 1002 964
1003 965 964
1003 964 1002
1004 966 965
966 1004 1005
966 1005 1006
966 1006 967
937 936 1007
937 1007 1001
1007 1008 1002
1007 1002 1001
1002 1008 1009
1002 1009 1003
1010 1004 1003
1010 1003 1009
1005 1004 1010
1005 1010 1011
1006 1005 1011
1006 1011 557
936 938 935
936 935 934
934 1012 1007
934 1007 936
1012 946 1008
1012 1008 1007
945 1009 1008
945 1008 946
949 1010 1009
949 1009 945
950 1011 949
489 557 950
885 884 927
885 927 1000
952 1012 934
952 934 933
952 947 946
952 946 1012
959 1013 1014
959 1014 956
1014 1015 957
1014 957 956
997 869 957
869 997 996
869 996 870
996 998 871
996 871 870
998 999 942
998 942 871
942 999 938
942 938 940
787 862 403
787 403 562
1016 995 865
1017 856 859
1017 859 1018
1019 954 856
1019 856 1017
567 495 954
567 954 1019
1020 1021 905
1020 905 925
925 905 890
925 890 1022
890 889 1023
890 1023 1022
889 1024 1023
924 1020 925
1022 858 904
1022 904 925
859 858 1022
859 1022 1023
1018 859 1023
1018 1023 1024
855 854 1025
958 960 854
958 854 853
918 1013 959
918 959 919
913 915 914
913 914 910
899 898 1026
899 1026 1027
995 400 861
981 866 867
981 867 979
976 979 867
976 867 921
921 920 974
921 974 976
974 920 922
974 922 973
922 923 969
922 969 973
926 970 969
926 969 923
887 970 926
887 926 884
867 776 774
867 774 921
776 764 763
776 763 774
1028 579 578
1028 578 1029
790 1030 786
790 786 785
988 752 786
988 786 1030
581 846 493
1031 1032 1027
1031 1027 1026
584 1016 985
983 985 1016
983 1016 865
866 981 865
868 1033 894
850 892 1033
1034 960 895
892 1035 1033
960 1025 854
958 853 919
958 919 959
853 852 917
853 917 919
852 1036 914
852 914 917
1036 1037 910
1036 910 914
1038 1032 1031
852 855 896
852 896 1036
896 855 897
1039 1024 889
1039 889 888
1040 1038 1039
1040 1039 888
1038 1040 1041
1038 1041 1032
1027 1032 1041
1027 1041 1042
1027 1042 1037
1027 1037 899
1036 896 899
1036 899 1037
891 908 1040
891 1040 888
1041 1040 908
1041 908 907
1041 907 911
1041 911 1042
911 910 1037
911 1037 1042
905 1021 909
905 909 906
891 906 908
1043 1044 1045
1043 1045 1046
1047 1048 1049
1047 1049 1050
1051 1052 980
1051 980 978
994 901 900
847 846 1053
847 1053 1054
607 608 1044
607 1044 1043
1044 608 610
1044 610 1055
1056 1055 1057
1056 1057 1058
1059 971 987
968 1060 1061
968 1061 972
1062 977 975
1062 975 1063
1064 987 986
1065 1066 1067
623 529 984
623 984 1057
1055 1056 1045
1055 1045 1044
1045 1056 1068
1045 1068 1069
1070 1071 1072
1070 1072 1073
1074 1075 1076
1074 1076 1077
955 847 1054
955 1054 1078
1045 1069 1079
1045 1079 1046
1047 1050 1080
1047 1080 1081
1082 1083 1084
1082 1084 1085
901 1086 902
913 912 1087
913 1087 1088
1086 1089 924
1086 924 902
1083 1081 1080
1083 1080 1084
1090 1091 1092
1090 1092 1093
1094 1095 1077
1094 1077 1076
972 1061 1063
972 1063 975
846 581 652
846 652 1053
1051 978 977
1051 977 1062
1096 1097 1098
1096 1098 1099
955 1078 994
1014 1013 1067
1014 1067 1066
1100 1101 1102
1100 1102 1103
1100 1104 1105
1100 1105 1101
1106 1105 1104
1106 1104 1107
1108 1109 1110
1053 1111 1110
1053 1110 1054
1111 1053 652
1111 652 669
986 1015 1064
1064 1015 1014
1064 1014 1066
1087 1112 1088
1087 1020 1112
1113 1114 1088
1115 1103 1102
1112 1020 924
1112 924 1089
1116 1117 1118
1116 1118 1119
1065 1067 1120
1065 1120 1121
669 607 1043
669 1043 1111
1108 1110 1046
1108 1046 1079
1046 1110 1111
1046 1111 1043
1122 1123 1121
1122 1121 1120
1124 1125 1126
1124 1126 1127
1096 1127 1128
1096 1128 1097
1129 1130 1131
1129 1131 1132
1071 1130 1129
1071 1129 1072
1133 1134 1093
1133 1093 1092
1135 1136 1137
1135 1137 1138
1137 1139 1140
1137 1140 1141
1142 1059 1064
1132 1131 1125
1132 1125 1143
1144 1079 1069
1144 1069 1143
1132 1143 1069
1132 1069 1068
1132 1068 1051
1132 1051 1129
1062 1072 1129
1062 1129 1051
1078 1054 1110
1078 1110 1109
1104 901 994
1104 994 1107
1100 1086 901
1100 901 1104
1086 1100 1103
1086 1103 1089
1145 1089 1103
1109 1107 994
1109 994 1078
1109 1146 1106
1109 1106 1107
1147 1106 1146
1147 1146 1148
918 916 1122
918 1122 1120
1120 1067 1013
1120 1013 918
1113 1145 1115
1113 1115 1149
1123 1122 1150
1123 1150 1151
1122 916 915
1122 915 1152
1063 1073 1072
1063 1072 1062
1063 1061 1153
1063 1153 1073
1154 1153 1061
1154 1061 1060
1155 1156 1157
1048 1047 1158
1048 1158 1147
1095 1094 1159
1160 1153 1154
1160 1154 1161
1162 1158 1047
1162 1047 1081
1083 1082 1163
1083 1163 1164
1081 1083 1164
1081 1164 1162
1165 1157 1156
1165 1156 1166
1073 1153 1160
1073 1160 1070
1096 1099 1148
1096 1148 1167
1118 1151 1149
1118 1149 1119
1168 1128 1127
1168 1127 1126
1144 1124 1167
1144 1167 1169
1170 1171 1172
1170 1172 1173
1174 1159 1170
1174 1170 1173
1142 1175 1166
1142 1166 1156
1176 1138 1137
1136 1065 1121
1168 1126 1172
1168 1172 1171
1048 1099 1098
1048 1098 1049
1119 1082 1085
1119 1085 1116
1117 1177 1178
1117 1178 1118
971 1155 968
1155 1157 1154
1155 1154 1060
1165 1161 1154
1165 1154 1157
1074 1091 1090
1074 1090 1075
1066 1179 1064
1175 1142 1135
1138 1176 1134
1058 982 980
1058 980 1052
1152 913 1088
984 982 1058
984 1058 1057
610 623 1057
610 1057 1055
1058 1052 1068
1058 1068 1056
1052 1051 1068
1095 1174 1071
1095 1071 1070
1143 1125 1124
1143 1124 1144
1172 1131 1130
1172 1130 1173
1130 1071 1174
1130 1174 1173
1065 1136 1179
1131 1172 1126
1131 1126 1125
1048 1147 1148
1048 1148 1099
1163 1082 1119
1163 1119 1149
1118 1178 1180
1118 1180 1151
1147 1158 1105
1147 1105 1106
1161 1074 1077
1161 1077 1160
1105 1158 1162
1105 1162 1101
1163 1115 1102
1163 1102 1164
1102 1101 1162
1102 1162 1164
1091 1165 1166
1091 1166 1092
1160 1077 1095
1160 1095 1070
1148 1146 1169
1148 1169 1167
1151 1114 1113
1151 1113 1149
1124 1127 1096
1124 1096 1167
1166 1175 1133
1166 1133 1092
1181 1139 1137
1181 1137 1136
1165 1091 1074
1165 1074 1161
1133 1175 1135
1021 1087 912
1021 912 909
1177 1140 1139
1177 1139 1178
1180 1178 1139
1180 1139 1181
1121 1123 1180
1121 1180 1181
1108 1169 1146
1108 1146 1109
1169 1108 1079
1169 1079 1144
865 995 864
1016 740 995
1004 965 1003
584 740 1016
530 584 985
351 819 817
351 817 346
981 983 865
981 979 978
995 740 400
308 781 770
308 770 314
768 741 313
768 313 769
741 768 787
741 787 562
350 359 825
350 825 820
928 841 801
950 557 1011
949 1011 1010
1142 1156 1059
1064 1059 987
1155 1059 1156
1059 1155 971
1179 1142 1064
1065 1179 1066
1142 1179 1135
986 997 1015
1136 1135 1179
1155 1060 968
778 754 755
1182 1183 1184
1183 816 1184
845 1184 749
845 989 1182
1185 814 812
1112 1145 1088
1087 1021 1020
1145 1112 1089
1115 1145 1103
1113 1088 1145
1115 1163 1149
1152 915 913
1114 1152 1088
815 1185 811
1186 855 1025
850 868 851
849 992 892
849 851 961
990 961 941
894 1033 895
961 871 942
868 850 1033
871 961 851
937 940 938
937 962 939
945 944 948
929 844 948
948 951 950
935 1000 927
1035 1034 895
960 1034 1025
881 993 943
1028 783 782
1183 815 816
783 1028 1029
783 1029 788
1028 782 307
579 1028 307
753 749 748
754 751 750
786 752 753
811 1185 812
755 750 1184
839 813 814
809 812 813
809 813 810
836 838 810
836 810 813
1133 1138 1134
753 748 757
756 751 759
1141 1176 1137
1180 1123 1151
1174 1095 1159
1138 1133 1135
1181 1136 1121
1151 1150 1114
1150 1152 1114
1152 1150 1122
1184 816 755
816 804 755
792 778 803
1033 1035 895
855 1186 897
1015 997 957
817 834 818
818 747 346
845 1182 1184
751 756 748
749 1184 750
1187 1188 1189
1190 1191 1192
1190 1192 1193
1194 1195 1196
1194 1196 1197
1198 1199 1200
1198 1200 1201
1202 1203 1204
1205 1206 1207
1205 1207 1208
1209 1210 1211
1212 1213 1214
1212 1214 1215
1216 1217 1218
1216 1218 1219
1219 1220 1221
1219 1221 1216
1205 1222 1223
1205 1223 1204
1208 1224 1222
1208 1222 1205
1196 1225 1218
1196 1218 1217
1189 1226 1227
1189 1227 1187
1211 1228 1229
1211 1229 1209
1230 1202 1231
1230 1231 1232
1190 1233 1226
1190 1226 1189
1193 1234 1233
1193 1233 1190
1214 1209 1229
1214 1229 1235
1215 1214 1235
1215 1235 1236
1217 1197 1196
1201 1200 1216
1201 1216 1221
1237 1203 1202
1237 1202 1230
1207 1206 1238
1207 1238 1239
1195 1240 1225
1195 1225 1196
1202 1204 1223
1202 1223 1231
1237 1230 1211
1237 1211 1210
1230 1232 1228
1230 1228 1211
1187 1227 1240
1187 1240 1195
1194 1188 1187
1194 1187 1195
1191 1199 1198
1191 1198 1192
1239 1238 1213
1239 1213 1212
1206 1205 1204
1206 1204 1203
1238 1206 1203
1238 1203 1237
1238 1237 1210
1238 1210 1213
1213 1210 1209
1213 1209 1214
1191 1190 1189
1191 1189 1188
1199 1191 1188
1199 1188 1194
1199 1194 1197
1199 1197 1200
1200 1197 1217
1200 1217 1216
1219 1241 1242
1219 1242 1220
1218 1243 1241
1218 1241 1219
1244 1243 1218
1244 1218 1225
1240 1245 1244
1240 1244 1225
1233 1246 1247
1233 1247 1226
1248 1227 1226
1248 1226 1247
1245 1240 1227
1245 1227 1248
1246 1233 1234
1246 1234 1249
1250 1251 1252
1250 1252 1253
1254 1255 1256
1254 1256 1257
1251 1258 1259
1251 1259 1252
1260 1261 1255
1260 1255 1254
1262 1263 1264
1262 1264 1265
1266 1267 1268
1266 1268 1269
1270 1271 1272
1270 1272 1273
1263 1274 1275
1263 1275 1264
1276 1266 1269
1276 1269 1277
1278 1279 1280
1278 1280 1281
1282 1283 1271
1282 1271 1270
1284 1280 1279
1284 1279 1285
1286 1250 1253
1286 1253 1287
1281 1288 1289
1281 1289 1278
1267 1289 1288
1267 1288 1268
1256 1286 1287
1256 1287 1257
1272 1262 1265
1272 1265 1273
1290 1291 1292
1290 1292 1293
1294 1292 1291
1294 1291 1295
1296 1290 1293
1296 1293 1297
1298 1299 1296
1298 1296 1297
1300 1301 1299
1300 1299 1298
1302 1303 1304
1302 1304 1305
1306 1307 1308
1306 1308 1309
1309 1308 1310
1309 1310 1311
1312 1313 1303
1312 1303 1302
1305 1304 1314
1305 1314 1315
1316 1317 1307
1316 1307 1306
1311 1310 1318
1311 1318 1319
1320 1321 1313
1320 1313 1312
1315 1314 1322
1315 1322 1323
1324 1325 1317
1324 1317 1316
1325 1324 1326
1325 1326 1327
1328 1329 1283
1328 1283 1282
1295 1330 1331
1295 1331 1294
1322 1332 1333
1322 1333 1323
1334 1335 1336
1337 1338 1339
1337 1339 1340
1341 1342 1343
1341 1343 1344
1345 1346 1347
1345 1347 1348
1349 1350 1351
1352 1353 1354
1352 1354 1355
1356 1357 1358
1359 1360 1361
1359 1361 1362
1363 1364 1365
1363 1365 1366
1366 1365 1367
1366 1367 1368
1369 1370 1354
1369 1354 1350
1355 1354 1370
1355 1370 1371
1363 1372 1343
1363 1343 1364
1373 1374 1335
1373 1335 1334
1357 1356 1375
1357 1375 1376
1377 1349 1378
1377 1378 1379
1374 1380 1337
1374 1337 1335
1380 1381 1338
1380 1338 1337
1375 1356 1361
1375 1361 1382
1382 1361 1360
1382 1360 1383
1364 1343 1342
1365 1345 1348
1365 1348 1367
1349 1351 1384
1349 1384 1378
1385 1353 1352
1385 1352 1386
1372 1387 1344
1372 1344 1343
1369 1350 1349
1369 1349 1377
1384 1358 1357
1384 1357 1378
1378 1357 1376
1378 1376 1379
1387 1373 1334
1387 1334 1344
1334 1336 1341
1334 1341 1344
1340 1339 1347
1340 1347 1346
1362 1385 1386
1362 1386 1359
1350 1354 1353
1350 1353 1351
1351 1353 1385
1351 1385 1384
1385 1362 1358
1385 1358 1384
1362 1361 1356
1362 1356 1358
1335 1337 1340
1335 1340 1336
1336 1340 1346
1336 1346 1341
1346 1345 1342
1346 1342 1341
1345 1365 1364
1345 1364 1342
1388 1389 1366
1388 1366 1368
1389 1390 1363
1389 1363 1366
1391 1372 1363
1391 1363 1390
1391 1392 1387
1391 1387 1372
1393 1394 1380
1393 1380 1374
1374 1373 1395
1374 1395 1393
1373 1387 1392
1373 1392 1395
1381 1380 1394
1381 1394 1396
1397 1398 1399
1397 1399 1400
1401 1402 1403
1401 1403 1404
1398 1397 1405
1398 1405 1406
1402 1407 1408
1402 1408 1403
1409 1410 1411
1409 1411 1412
1413 1414 1415
1413 1415 1416
1417 1418 1419
1417 1419 1420
1421 1422 1410
1421 1410 1409
1423 1424 1414
1423 1414 1413
1425 1426 1427
1425 1427 1428
1418 1429 1430
1418 1430 1419
1426 1425 1431
1426 1431 1432
1400 1399 1433
1400 1433 1434
1428 1427 1435
1428 1435 1436
1416 1415 1436
1416 1436 1435
1401 1404 1434
1401 1434 1433
1417 1420 1412
1417 1412 1411
1437 1438 1439
1437 1439 1440
1440 1439 1441
1440 1441 1442
1443 1444 1438
1443 1438 1437
1445 1444 1443
1445 1443 1446
1446 1447 1448
1446 1448 1445
1449 1450 1451
1449 1451 1452
1453 1454 1455
1453 1455 1456
1456 1457 1458
1456 1458 1453
1452 1459 1460
1452 1460 1449
1450 1461 1462
1450 1462 1451
1454 1463 1464
1454 1464 1455
1457 1465 1466
1457 1466 1458
1459 1467 1468
1459 1468 1460
1461 1469 1470
1461 1470 1462
1463 1471 1472
1463 1472 1464
1471 1473 1474
1471 1474 1472
1475 1430 1429
1475 1429 1476
1477 1478 1442
1477 1442 1441
1479 1480 1470
1479 1470 1469
1481 1482 1483
1481 1483 1484
1485 1482 1481
1484 1483 1486
1484 1486 1487
1486 1488 1489
1486 1489 1487
1488 1490 1491
1488 1491 1489
1491 1490 1492
1491 1492 1493
1492 1494 1495
1492 1495 1493
1494 1496 1495
1497 1498 1499
1497 1499 1500
1501 1499 1498
1502 1497 1500
1502 1500 1503
1502 1503 1504
1502 1504 1505
1505 1504 1506
1505 1506 1507
1508 1507 1506
1508 1506 1509
1508 1509 1510
1508 1510 1511
1511 1510 1512
188 175 174
