byte offset: 0
first index: 0
index count: 14100
topology: trianglelist
format: DXGI_FORMAT_R16_UINT

0 1 2
3 4 5
6 7 8
9 10 11
12 13 14
15 16 17
18 19 20
21 22 23
24 25 26
27 28 29
30 31 32
33 34 35
36 37 38
39 40 41
42 43 44
45 46 47
48 49 50
51 52 53
54 55 56
57 58 59
60 61 62
63 64 65
66 67 68
69 70 71
72 73 74
75 76 77
78 79 80
81 82 83
84 85 86
87 88 89
90 91 92
93 94 95
96 97 98
99 97 96
99 96 100
99 101 97
101 99 102
99 103 102
104 103 99
105 106 107
105 107 108
108 107 109
108 109 110
109 111 110
109 112 111
112 113 111
112 114 113
113 114 115
113 115 116
115 117 116
115 118 117
119 120 121
119 122 120
123 122 119
123 124 122
125 126 127
125 128 126
129 128 125
129 130 128
131 130 129
131 132 130
133 132 131
133 134 132
135 134 133
135 136 134
135 137 136
135 138 137
138 139 137
138 140 139
141 142 143
141 144 142
141 145 144
145 146 144
147 142 144
147 144 148
149 147 148
149 148 150
151 149 150
151 150 152
153 151 152
153 152 154
155 153 154
155 154 156
157 155 156
157 156 158
159 157 158
159 158 160
161 159 160
161 160 162
163 161 162
163 162 164
165 163 164
165 164 166
167 165 166
167 166 168
169 167 168
169 168 170
171 172 173
174 171 173
175 174 173
175 173 176
175 176 177
176 178 177
178 179 177
180 177 179
179 178 181
182 181 178
183 182 178
184 182 183
185 184 183
185 186 184
180 179 187
188 180 187
180 188 189
189 188 190
189 190 191
190 192 191
189 193 180
193 194 180
195 191 192
195 196 191
196 197 191
197 198 191
198 199 191
191 199 200
200 201 191
202 203 204
202 204 205
206 205 204
206 207 205
206 208 207
208 209 207
210 207 209
210 209 211
212 213 214
215 212 214
215 216 212
215 214 217
217 218 215
215 218 219
220 215 219
221 222 223
221 224 222
224 225 222
224 226 225
225 226 227
225 227 228
228 227 229
228 229 230
229 231 230
229 232 231
231 232 233
231 233 234
235 236 237
235 238 236
238 239 236
239 238 240
241 239 240
242 241 240
243 242 240
243 240 244
245 243 244
246 242 243
245 244 247
245 247 248
247 249 248
249 247 250
246 251 242
252 251 246
253 252 246
253 254 252
253 255 254
255 256 254
253 246 257
246 258 257
259 256 255
259 255 260
255 261 260
255 262 261
255 263 262
255 264 263
264 255 265
266 267 268
266 269 267
269 270 267
269 271 270
271 272 270
271 273 272
274 275 276
274 276 277
277 276 278
277 278 279
280 281 282
280 282 283
284 285 286
284 286 287
286 288 287
286 289 288
288 289 290
288 290 291
291 290 292
291 292 293
293 292 294
293 294 295
295 294 296
295 296 297
297 296 298
297 298 299
299 298 300
299 300 301
301 300 302
301 302 303
302 304 303
302 305 304
306 307 308
308 309 306
308 310 309
311 312 313
311 313 314
315 311 314
315 314 316
317 315 316
317 316 318
319 317 318
319 320 317
321 320 319
321 322 320
323 324 325
323 325 326
323 326 327
323 327 328
328 327 329
328 329 330
330 329 331
330 331 332
332 331 333
332 333 334
334 333 335
334 335 336
334 336 337
334 337 338
334 338 339
334 339 340
334 340 341
334 341 342
343 344 345
343 345 346
347 348 349
347 350 348
350 347 351
352 353 354
354 353 355
355 353 356
355 356 357
357 356 358
357 358 359
359 358 360
359 360 361
361 360 362
361 362 363
363 362 364
364 362 365
365 362 366
366 362 367
367 362 368
369 368 362
370 369 362
371 370 362
372 373 374
372 374 375
376 372 375
376 377 372
377 376 378
377 378 379
380 381 382
381 380 383
383 380 384
385 386 387
385 388 386
389 388 385
389 390 388
391 390 389
391 389 392
393 394 395
396 394 393
397 394 396
398 399 400
398 400 401
402 403 404
402 405 403
406 405 402
406 407 405
408 407 406
408 409 407
410 409 408
410 411 409
412 411 410
412 413 411
414 413 412
414 415 413
416 415 414
416 417 415
418 417 416
418 419 417
420 419 418
420 421 419
422 421 420
422 423 421
424 423 422
424 425 423
426 425 424
426 427 425
428 427 426
428 429 427
430 429 428
430 431 429
432 431 430
432 430 433
434 432 433
434 435 432
436 435 434
436 437 435
438 437 436
438 439 437
440 439 438
440 441 439
442 441 440
442 443 441
444 445 446
444 447 445
448 447 444
448 449 447
450 449 448
450 451 449
452 451 450
452 453 451
454 453 452
454 455 453
456 457 458
456 459 457
460 459 456
460 461 459
462 461 460
462 463 461
464 463 462
464 465 463
466 465 464
466 467 465
468 469 470
468 471 469
472 471 468
472 473 471
474 473 472
474 475 473
476 475 474
476 477 475
478 477 476
478 479 477
480 481 482
480 483 481
484 481 483
484 483 485
485 486 484
485 487 486
488 489 490
488 490 491
492 493 494
492 494 495
495 496 492
495 497 496
497 498 496
497 499 498
500 501 502
500 503 501
504 503 500
504 500 505
504 505 506
504 506 507
508 509 510
508 510 511
512 513 514
512 514 515
516 515 514
516 517 515
517 516 518
517 518 519
520 521 522
520 522 523
524 525 526
524 527 525
527 524 528
527 528 529
529 528 530
529 530 531
532 533 534
532 534 535
536 532 535
536 537 532
536 538 537
536 539 538
540 541 542
540 542 543
544 545 546
544 547 545
548 545 547
548 547 549
549 550 548
549 551 550
552 553 554
552 554 555
556 557 558
556 558 559
559 560 556
559 561 560
561 562 560
561 563 562
564 565 566
564 567 565
568 567 564
568 564 569
568 569 570
568 570 571
572 573 574
572 574 575
576 577 578
576 578 579
580 579 578
580 581 579
581 580 582
581 582 583
584 585 586
584 586 587
588 589 590
588 591 589
591 588 592
591 592 593
593 592 594
593 594 595
596 597 598
596 598 599
600 596 599
600 601 596
600 602 601
600 603 602
604 605 606
604 606 607
608 609 610
608 611 609
612 611 608
612 613 611
614 613 612
614 615 613
616 615 614
616 617 615
618 617 616
618 619 617
620 621 622
622 621 623
623 621 624
625 626 627
625 627 628
629 625 628
629 628 630
631 629 630
631 630 632
633 631 632
633 632 634
635 633 634
635 634 636
637 638 639
638 640 639
640 641 639
642 643 644
642 645 643
646 645 642
646 647 645
648 647 646
648 649 647
650 649 648
650 651 649
652 651 650
652 653 651
654 655 656
657 656 655
658 656 657
659 660 661
659 661 662
662 661 663
662 663 664
664 663 665
664 665 666
666 665 667
666 667 668
668 667 669
668 669 670
670 669 671
670 671 672
672 671 673
672 673 674
673 675 674
673 676 675
675 676 677
675 677 678
678 677 679
678 679 680
680 679 681
680 681 682
682 681 683
682 683 684
684 683 685
684 685 686
686 685 687
686 687 688
688 687 689
688 689 690
690 689 691
690 691 692
692 691 693
692 693 694
694 693 695
694 695 696
696 695 697
696 697 698
698 697 699
698 699 700
701 702 703
703 704 701
701 704 705
701 705 706
701 706 707
701 707 708
701 708 709
701 709 710
701 710 711
701 711 712
701 712 713
701 713 714
701 714 715
701 715 716
701 716 717
701 717 718
701 718 719
701 719 720
721 722 723
721 724 722
725 724 721
725 726 724
727 726 725
727 728 726
729 728 727
729 730 728
731 730 729
731 732 730
733 732 731
733 731 734
735 733 734
735 736 733
737 736 735
737 738 736
739 738 737
739 740 738
741 740 739
741 742 740
743 742 741
743 744 742
745 744 743
745 746 744
747 746 745
747 748 746
749 748 747
749 750 748
751 750 749
751 752 750
753 752 751
753 754 752
755 754 753
755 756 754
757 756 755
757 758 756
759 758 757
759 760 758
761 760 759
761 762 760
763 764 765
763 766 764
767 766 763
767 768 766
769 768 767
769 770 768
771 770 769
771 772 770
773 772 771
773 774 772
775 774 773
775 776 774
777 776 775
777 778 776
779 778 777
779 780 778
781 780 779
781 782 780
783 782 781
783 784 782
785 784 783
785 786 784
787 786 785
787 788 786
789 788 787
789 790 788
791 790 789
791 792 790
793 792 791
793 794 792
795 794 793
795 796 794
797 796 795
797 798 796
799 798 797
799 800 798
801 800 799
801 802 800
803 802 801
803 804 802
805 806 807
805 808 806
809 808 805
809 810 808
811 810 809
811 812 810
813 812 811
813 814 812
815 814 813
815 816 814
817 816 815
817 818 816
819 818 817
819 820 818
821 820 819
821 822 820
823 822 821
823 824 822
825 824 823
825 826 824
827 826 825
827 828 826
829 828 827
829 830 828
831 830 829
831 832 830
833 832 831
833 834 832
835 834 833
835 836 834
837 836 835
837 838 836
839 838 837
839 840 838
841 840 839
841 842 840
843 842 841
843 844 842
845 844 843
845 846 844
847 848 849
847 849 850
851 847 850
851 852 847
853 852 851
853 854 852
855 854 853
855 856 854
857 858 859
857 860 858
861 860 857
861 862 860
863 864 865
863 866 864
866 867 864
866 868 867
869 870 871
869 872 870
873 872 869
874 872 873
874 875 872
874 876 875
874 877 876
878 879 880
878 880 881
882 878 881
882 881 883
884 882 883
884 883 885
886 887 888
886 888 889
890 891 892
890 892 893
894 895 896
894 897 895
894 898 897
894 899 898
899 894 900
899 900 901
899 901 902
903 904 905
903 905 906
906 905 907
906 907 908
909 908 907
909 910 908
911 912 913
911 914 912
911 915 914
911 916 915
917 918 919
917 919 920
920 921 917
920 922 921
923 924 925
923 925 926
927 928 929
927 929 930
931 932 933
931 933 934
935 936 937
935 937 938
939 940 941
939 941 942
943 944 945
943 945 946
947 948 949
947 949 950
951 952 953
951 953 954
955 956 957
955 957 958
959 960 961
959 961 962
963 964 965
963 966 964
966 967 964
966 968 967
968 969 967
968 970 969
970 971 969
970 972 971
972 973 971
972 974 973
974 975 973
974 976 975
976 977 975
976 978 977
978 979 977
978 980 979
980 981 979
980 982 981
982 983 981
982 984 983
985 986 987
985 987 988
985 988 989
985 989 990
985 990 991
985 991 992
985 992 993
985 993 994
995 996 997
995 998 996
995 999 998
995 1000 999
995 1001 1000
995 1002 1001
995 1003 1002
995 1004 1003
1005 1006 1007
1005 1007 1008
1009 1005 1008
1009 1008 1010
1011 1009 1010
1011 1010 1012
1013 1011 1012
1013 1012 1014
1015 1013 1014
1015 1014 1016
1017 1018 1019
1017 1019 1020
1021 1017 1020
1021 1020 1022
1023 1021 1022
1023 1022 1024
1025 1023 1024
1025 1024 1026
1027 1025 1026
1027 1026 1028
1029 1030 1031
1029 1031 1032
1033 1029 1032
1033 1032 1034
1035 1033 1034
1035 1034 1036
1037 1035 1036
1037 1036 1038
1039 1037 1038
1039 1038 1040
1041 1042 1043
1041 1043 1044
1045 1044 1043
1045 1046 1044
1046 1045 1047
1046 1047 1048
1049 1050 1051
1049 1051 1052
1053 1054 1055
1053 1056 1054
1056 1053 1057
1056 1057 1058
1058 1057 1059
1058 1059 1060
1061 1062 1063
1061 1063 1064
1065 1061 1064
1065 1066 1061
1065 1067 1066
1065 1068 1067
1069 1070 1071
1069 1071 1072
1073 1074 1075
1073 1076 1074
1077 1074 1076
1077 1076 1078
1078 1079 1077
1078 1080 1079
1081 1082 1083
1081 1083 1084
1085 1086 1087
1085 1087 1088
1088 1089 1085
1088 1090 1089
1090 1091 1089
1090 1092 1091
1093 1094 1095
1093 1096 1094
1097 1096 1093
1097 1093 1098
1097 1098 1099
1097 1099 1100
1101 1102 1103
1101 1103 1104
1105 1106 1107
1105 1107 1108
1109 1108 1107
1109 1110 1108
1110 1109 1111
1110 1111 1112
1113 1114 1115
1113 1115 1116
1117 1118 1119
1117 1120 1118
1120 1117 1121
1120 1121 1122
1122 1121 1123
1122 1123 1124
1125 1126 1127
1125 1127 1128
1129 1125 1128
1129 1130 1125
1129 1131 1130
1129 1132 1131
1133 1134 1135
1133 1135 1136
1137 1138 1139
1137 1140 1138
1141 1138 1140
1141 1140 1142
1142 1143 1141
1142 1144 1143
1145 1146 1147
1145 1147 1148
1149 1150 1151
1149 1151 1152
1152 1153 1149
1152 1154 1153
1154 1155 1153
1154 1156 1155
1157 1158 1159
1157 1160 1158
1161 1160 1157
1161 1157 1162
1161 1162 1163
1161 1163 1164
1165 1166 1167
1165 1167 1168
1169 1170 1171
1169 1171 1172
1173 1169 1172
1173 1172 1174
1175 1173 1174
1175 1174 1176
1177 1175 1176
1177 1176 1178
1179 1177 1178
1179 1178 1180
1181 1182 1183
1182 1184 1183
1184 1185 1183
1186 1187 1188
1186 1189 1187
1190 1189 1186
1190 1191 1189
1192 1191 1190
1192 1193 1191
1194 1193 1192
1194 1195 1193
1196 1195 1194
1196 1197 1195
1198 1199 1200
1200 1199 1201
1201 1199 1202
1203 1204 1205
1203 1205 1206
1207 1203 1206
1207 1206 1208
1209 1207 1208
1209 1208 1210
1211 1209 1210
1211 1210 1212
1213 1211 1212
1213 1212 1214
1215 1216 1217
1218 1217 1216
1219 1218 1216
1220 1221 1222
1220 1223 1221
1223 1224 1221
1223 1225 1224
1225 1226 1224
1225 1227 1226
1227 1228 1226
1227 1229 1228
1229 1230 1228
1229 1231 1230
1231 1232 1230
1231 1233 1232
1233 1234 1232
1233 1235 1234
1234 1235 1236
1234 1236 1237
1236 1238 1237
1236 1239 1238
1239 1240 1238
1239 1241 1240
1241 1242 1240
1241 1243 1242
1243 1244 1242
1243 1245 1244
1245 1246 1244
1245 1247 1246
1247 1248 1246
1247 1249 1248
1249 1250 1248
1249 1251 1250
1251 1252 1250
1251 1253 1252
1253 1254 1252
1253 1255 1254
1255 1256 1254
1255 1257 1256
1257 1258 1256
1257 1259 1258
1259 1260 1258
1259 1261 1260
1262 1263 1264
1263 1262 1265
1262 1266 1265
1262 1267 1266
1262 1268 1267
1262 1269 1268
1262 1270 1269
1262 1271 1270
1262 1272 1271
1262 1273 1272
1262 1274 1273
1262 1275 1274
1262 1276 1275
1262 1277 1276
1262 1278 1277
1262 1279 1278
1262 1280 1279
1262 1281 1280
1282 1283 1284
1282 1284 1285
1286 1282 1285
1286 1285 1287
1288 1286 1287
1288 1287 1289
1290 1288 1289
1290 1289 1291
1292 1290 1291
1292 1291 1293
1294 1292 1293
1294 1295 1292
1296 1295 1294
1296 1294 1297
1298 1296 1297
1298 1297 1299
1300 1298 1299
1300 1299 1301
1302 1300 1301
1302 1301 1303
1304 1302 1303
1304 1303 1305
1306 1304 1305
1306 1305 1307
1308 1306 1307
1308 1307 1309
1310 1308 1309
1310 1309 1311
1312 1310 1311
1312 1311 1313
1314 1312 1313
1314 1313 1315
1316 1314 1315
1316 1315 1317
1318 1316 1317
1318 1317 1319
1320 1318 1319
1320 1319 1321
1322 1320 1321
1322 1321 1323
1324 1325 1326
1324 1326 1327
1328 1324 1327
1328 1327 1329
1330 1328 1329
1330 1329 1331
1332 1330 1331
1332 1331 1333
1334 1332 1333
1334 1333 1335
1336 1334 1335
1336 1335 1337
1338 1336 1337
1338 1337 1339
1340 1338 1339
1340 1339 1341
1342 1340 1341
1342 1341 1343
1344 1342 1343
1344 1343 1345
1346 1344 1345
1346 1345 1347
1348 1346 1347
1348 1347 1349
1350 1348 1349
1350 1349 1351
1352 1350 1351
1352 1351 1353
1354 1352 1353
1354 1353 1355
1356 1354 1355
1356 1355 1357
1358 1356 1357
1358 1357 1359
1360 1358 1359
1360 1359 1361
1362 1360 1361
1362 1361 1363
1364 1362 1363
1364 1363 1365
1366 1367 1368
1366 1368 1369
1370 1366 1369
1370 1369 1371
1372 1370 1371
1372 1371 1373
1374 1372 1373
1374 1373 1375
1376 1374 1375
1376 1375 1377
1378 1376 1377
1378 1377 1379
1380 1378 1379
1380 1379 1381
1382 1380 1381
1382 1381 1383
1384 1382 1383
1384 1383 1385
1386 1384 1385
1386 1385 1387
1388 1386 1387
1388 1387 1389
1390 1388 1389
1390 1389 1391
1392 1390 1391
1392 1391 1393
1394 1392 1393
1394 1393 1395
1396 1394 1395
1396 1395 1397
1398 1396 1397
1398 1397 1399
1400 1398 1399
1400 1399 1401
1402 1400 1401
1402 1401 1403
1404 1402 1403
1404 1403 1405
1406 1404 1405
1406 1405 1407
1408 1409 1410
1408 1411 1409
1412 1411 1408
1412 1408 1413
1414 1412 1413
1414 1413 1415
1416 1414 1415
1416 1415 1417
1418 1419 1420
1418 1420 1421
1422 1418 1421
1422 1421 1423
1424 1425 1426
1424 1426 1427
1427 1426 1428
1427 1428 1429
1430 1431 1432
1430 1432 1433
1434 1430 1433
1435 1434 1433
1435 1433 1436
1435 1436 1437
1435 1437 1438
1439 1440 1441
1439 1442 1440
1443 1442 1439
1443 1444 1442
1445 1444 1443
1445 1446 1444
1447 1448 1449
1447 1449 1450
1451 1452 1453
1451 1453 1454
1455 1456 1457
1455 1457 1458
1455 1458 1459
1455 1459 1460
1460 1461 1455
1460 1462 1461
1460 1463 1462
1464 1465 1466
1464 1466 1467
1468 1467 1466
1468 1469 1467
1467 1469 1470
1464 1467 1471
1467 1470 1472
1467 1472 1471
1472 1470 1473
1472 1474 1471
1472 1473 1474
1475 1471 1474
1474 1473 1476
1475 1474 1477
1474 1476 1477
1478 1479 1480
1478 1481 1479
1481 1482 1479
1481 1483 1482
1484 1482 1483
1484 1483 1485
1486 1487 1488
1486 1488 1489
1486 1489 1490
1486 1490 1491
1492 1493 1494
1492 1495 1493
1495 1492 1496
1495 1496 1497
1498 1499 1500
1498 1500 1501
1502 1503 1504
1502 1504 1505
1506 1507 1508
1506 1508 1509
1510 1511 1512
1510 1512 1513
1514 1515 1516
1514 1516 1517
1518 1519 1520
1518 1520 1521
1522 1523 1524
1522 1524 1525
1526 1527 1528
1526 1528 1529
1530 1531 1532
1530 1532 1533
1534 1535 1536
1534 1536 1537
1538 1539 1540
1538 1540 1541
1541 1540 1542
1541 1542 1543
1543 1542 1544
1543 1544 1545
1545 1544 1546
1545 1546 1547
1547 1546 1548
1547 1548 1549
1549 1548 1550
1549 1550 1551
1551 1550 1552
1551 1552 1553
1553 1552 1554
1553 1554 1555
1555 1554 1556
1555 1556 1557
1557 1556 1558
1557 1558 1559
1560 1561 1562
1560 1563 1561
1560 1564 1563
1560 1565 1564
1560 1566 1565
1560 1567 1566
1560 1568 1567
1560 1569 1568
1570 1571 1572
1570 1572 1573
1570 1573 1574
1570 1574 1575
1570 1575 1576
1570 1576 1577
1570 1577 1578
1570 1578 1579
1580 1581 1582
1580 1582 1583
1584 1580 1583
1584 1583 1585
1586 1584 1585
1586 1585 1587
1588 1586 1587
1588 1587 1589
1590 1588 1589
1590 1589 1591
1592 1593 1594
1592 1595 1593
1596 1595 1592
1596 1597 1595
1597 1596 1598
1599 1597 1598
1599 1600 1597
1601 1602 1603
1601 1604 1602
1604 1601 1605
1604 1605 1606
1605 1607 1606
1608 1609 1610
1608 1611 1609
1612 1611 1608
1612 1613 1611
1614 1613 1612
1614 1615 1613
1616 1615 1614
1616 1617 1615
1618 1617 1616
1618 1619 1617
1620 1619 1618
1620 1621 1619
1622 1621 1620
1622 1623 1621
1624 1623 1622
1624 1625 1623
1626 1625 1624
1626 1627 1625
1628 1627 1626
1628 1629 1627
1630 1629 1628
1630 1631 1629
1632 1631 1630
1632 1633 1631
1634 1633 1632
1634 1635 1633
1636 1635 1634
1636 1637 1635
1638 1637 1636
1638 1639 1637
1640 1639 1638
1640 1641 1639
1642 1641 1640
1642 1643 1641
1644 1645 1646
1644 1646 1647
1647 1646 1648
1647 1648 1649
1649 1648 1650
1649 1650 1651
1651 1650 1652
1651 1652 1653
1653 1652 1654
1653 1654 1655
1655 1654 1656
1655 1656 1657
1657 1656 1658
1657 1658 1659
1659 1658 1660
1659 1660 1661
1662 1663 1664
1662 1664 1665
1665 1664 1666
1666 1664 1667
1665 1666 1668
1667 1669 1666
1668 1670 1665
1670 1668 1671
1669 1667 1672
1669 1672 1673
1674 1673 1672
1674 1672 1675
1671 1676 1670
1671 1677 1676
1678 1676 1677
1678 1679 1676
1680 1681 1682
1680 1682 1683
1683 1682 1684
1683 1684 1685
1686 1685 1684
1687 1685 1686
1686 1684 1688
1689 1688 1684
1690 1686 1688
1690 1688 1691
1692 1693 1694
1692 1694 1695
1696 1692 1695
1696 1695 1697
1698 1696 1697
1698 1697 1699
1700 1698 1699
1700 1699 1701
1700 1701 1702
1703 1702 1701
1704 1703 1701
1705 1704 1701
1705 1706 1704
1705 1707 1706
1705 1708 1707
1705 1709 1708
1705 1710 1709
1705 1711 1710
1711 1712 1710
1711 1713 1712
1711 1714 1713
1711 1715 1714
1711 1716 1715
1716 1717 1715
1716 1718 1717
1718 1719 1717
1718 1720 1719
1720 1721 1719
1720 1722 1721
1723 1724 1725
1723 1726 1724
1727 1726 1723
1727 1728 1726
1729 1728 1727
1729 1730 1728
1731 1730 1729
1731 1732 1730
1733 1732 1731
1733 1734 1732
1735 1736 1737
1735 1737 1738
1739 1735 1738
1739 1738 1740
1740 1741 1739
1742 1741 1740
1742 1740 1743
1744 1745 1746
1744 1746 1747
1748 1744 1747
1748 1747 1749
1750 1748 1749
1750 1749 1751
1752 1753 1754
1752 1754 1755
1755 1756 1752
1755 1757 1756
1756 1757 1758
1759 1760 1761
1759 1762 1760
1763 1762 1759
1763 1764 1762
1765 1764 1763
1765 1766 1764
1767 1766 1765
1767 1768 1766
1767 1769 1768
1770 1768 1769
1771 1768 1770
1772 1768 1771
1772 1771 1773
1772 1773 1774
1772 1774 1775
1772 1775 1776
1772 1776 1777
1772 1777 1778
1778 1777 1779
1778 1779 1780
1778 1780 1781
1778 1781 1782
1778 1782 1783
1783 1782 1784
1783 1784 1785
1785 1784 1786
1785 1786 1787
1787 1786 1788
1787 1788 1789
1790 1791 1792
1793 1790 1792
1794 1790 1793
1795 1793 1792
1796 1793 1795
1797 1793 1796
1797 1798 1793
1799 1798 1797
1799 1800 1798
1799 1801 1800
1802 1800 1801
1802 1803 1800
1803 1802 1804
1803 1804 1805
1800 1806 1798
1803 1805 1807
1808 1806 1800
1808 1800 1803
1807 1809 1803
1807 1810 1809
1811 1808 1803
1811 1803 1809
1811 1809 1812
1811 1812 1813
1814 1806 1808
1813 1812 1814
1815 1814 1812
1814 1815 1806
1816 1815 1812
1816 1812 1817
1815 1816 1818
1815 1818 1819
1815 1819 1820
1806 1815 1820
1806 1820 1821
1806 1821 1822
1821 1823 1822
1821 1824 1823
1825 1826 1827
1825 1827 1828
1829 1830 1831
1829 1831 1832
1833 1829 1832
1833 1834 1829
1835 1834 1833
1835 1833 1836
1837 1838 1839
1839 1840 1837
1840 1841 1837
1842 1840 1839
1843 1842 1839
1844 1843 1839
1844 1839 1845
1846 1844 1845
1846 1845 1847
1846 1847 1848
1849 1848 1847
1849 1847 1850
1850 1851 1849
1850 1852 1851
1845 1853 1847
1850 1854 1852
1855 1847 1853
1855 1850 1847
1854 1850 1856
1854 1856 1857
1858 1850 1855
1858 1856 1850
1858 1859 1856
1858 1860 1859
1861 1855 1853
1860 1861 1859
1859 1861 1862
1861 1853 1862
1863 1859 1862
1863 1864 1859
1862 1865 1863
1862 1866 1865
1862 1867 1866
1862 1853 1867
1867 1853 1868
1868 1853 1869
1868 1869 1870
1868 1870 1871
1872 1873 1874
1872 1874 1875
1876 1877 1878
1876 1879 1877
1879 1880 1877
1879 1881 1880
1881 1882 1880
1881 1883 1882
1884 1882 1883
1884 1885 1882
1884 1886 1885
1884 1887 1886
1887 1888 1886
1887 1889 1888
1889 1890 1888
1889 1891 1890
1891 1892 1890
1891 1893 1892
1892 1893 1894
1892 1894 1895
1896 1895 1894
1896 1897 1895
1896 1898 1897
1896 1899 1898
1900 1901 1902
1900 1903 1901
1904 1903 1900
1904 1900 1905
1906 1904 1905
1906 1907 1904
1908 1909 1910
1908 1910 1911
1912 1913 1914
1912 1914 1915
1916 1917 1918
1916 1918 1919
1920 1921 1922
1920 1923 1921
1923 1924 1921
1923 1925 1924
1925 1926 1924
1927 1924 1926
1925 1928 1926
1927 1926 1929
1930 1928 1925
1929 1931 1927
1930 1932 1928
1929 1933 1931
1932 1930 1934
1932 1934 1935
1933 1936 1931
1935 1934 1937
1933 1938 1936
1939 1936 1938
1935 1937 1939
1939 1937 1936
1937 1940 1936
1937 1941 1940
1941 1942 1940
1941 1943 1942
1944 1945 1946
1944 1947 1945
1947 1948 1945
1947 1949 1948
1949 1950 1948
1949 1951 1950
1951 1952 1950
1951 1953 1952
1953 1954 1952
1953 1955 1954
1955 1956 1954
1955 1957 1956
1957 1958 1956
1957 1959 1958
1960 1961 1962
1960 1962 1963
1964 1965 1966
1964 1966 1967
1968 1969 1970
1968 1970 1971
1972 1968 1971
1971 1973 1972
1974 1973 1971
1975 1974 1971
1971 1970 1976
1977 1975 1971
1977 1971 1978
1977 1978 1979
1980 1971 1976
1981 1980 1976
1978 1982 1979
1983 1982 1978
1978 1984 1983
1978 1985 1984
1978 1986 1985
1987 1986 1978
1987 1978 1988
1989 1987 1988
1990 1991 1992
1990 1993 1991
1991 1993 1994
1991 1994 1995
1995 1994 1996
1995 1996 1997
1997 1996 1998
1997 1998 1999
1999 1998 2000
1999 2000 2001
2001 2000 2002
2001 2002 2003
2002 2004 2003
2002 2005 2004
2006 2004 2005
2006 2005 2007
2006 2007 2008
2006 2008 2009
2009 2008 2010
2009 2010 2011
2011 2010 2012
2011 2012 2013
2013 2012 2014
2013 2014 2015
2015 2014 2016
2015 2016 2017
2017 2016 2018
2017 2018 2019
2019 2018 2020
2019 2020 2021
2021 2020 2022
2021 2022 2023
2023 2022 2024
2023 2024 2025
2025 2024 2026
2025 2026 2027
2027 2026 2028
2027 2028 2029
2030 2031 2032
2030 2033 2031
2034 2033 2030
2033 2034 2035
2036 2033 2035
2037 2033 2036
2033 2038 2031
2039 2033 2037
2039 2040 2033
2039 2041 2040
2042 2038 2033
2043 2038 2042
2040 2041 2044
2045 2040 2044
2040 2045 2046
2040 2046 2047
2040 2047 2048
2049 2040 2048
2049 2050 2040
2051 2050 2049
2052 2053 2054
2052 2055 2053
2055 2052 2056
2056 2052 2057
2056 2057 2058
2055 2056 2059
2055 2059 2060
2053 2055 2060
2061 2053 2060
2061 2062 2053
2061 2063 2062
2064 2065 2066
2064 2066 2067
2068 2069 2070
2068 2070 2071
2072 2071 2070
2072 2073 2071
2072 2074 2073
2072 2075 2074
2075 2076 2074
2075 2077 2076
2078 2079 2080
2078 2080 2081
2078 2081 2082
2083 2084 2085
2083 2085 2086
2083 2086 2087
2083 2087 2088
2089 2088 2087
2089 2087 2090
2090 2087 2091
2086 2091 2087
2090 2091 2092
2093 2086 2085
2086 2093 2091
2093 2085 2094
2091 2093 2094
2091 2094 2095
2095 2092 2091
2095 2096 2092
2097 2098 2099
2097 2099 2100
2101 2102 2103
2101 2103 2104
2105 2101 2104
2106 2107 2108
2106 2109 2107
2109 2110 2107
2111 2109 2106
2109 2112 2110
2113 2110 2112
2113 2112 2114
2115 2114 2112
2109 2116 2112
2115 2112 2116
2111 2117 2109
2109 2117 2116
2118 2117 2111
2118 2116 2117
2118 2111 2119
2120 2115 2116
2118 2120 2116
2120 2118 2119
2119 2121 2120
2120 2122 2115
2121 2123 2120
2123 2122 2120
2123 2124 2122
2125 2126 2127
2125 2127 2128
2129 2130 2131
2129 2131 2132
2133 2132 2131
2133 2134 2132
2134 2133 2135
2134 2135 2136
2137 2136 2135
2137 2138 2136
2139 2138 2137
2139 2140 2138
2141 2140 2139
2141 2139 2142
2143 2144 2145
2143 2146 2144
2147 2146 2143
2147 2143 2148
2149 2147 2148
2149 2148 2150
2151 2149 2150
2151 2152 2149
2153 2154 2155
2153 2156 2154
2156 2157 2154
2156 2158 2157
2158 2159 2157
2158 2160 2159
2160 2161 2159
2160 2162 2161
2163 2164 2165
2163 2166 2164
2164 2166 2167
2164 2167 2168
2168 2167 2169
2168 2169 2170
2169 2171 2170
2171 2172 2170
2169 2173 2171
2174 2173 2169
2174 2169 2175
2174 2175 2176
2175 2177 2176
2175 2178 2177
2178 2179 2177
2178 2175 2180
2178 2180 2181
2181 2180 2182
2181 2182 2183
2183 2182 2184
2183 2184 2185
2186 2187 2188
2186 2189 2187
2190 2189 2186
2189 2191 2187
2190 2192 2189
2192 2190 2193
2192 2193 2194
2189 2195 2191
2195 2189 2192
2195 2196 2191
2194 2197 2192
2195 2192 2197
2194 2198 2197
2195 2199 2196
2197 2199 2195
2199 2200 2196
2198 2201 2197
2197 2201 2199
2198 2202 2201
2201 2202 2203
2199 2204 2200
2205 2200 2204
2205 2204 2206
2199 2201 2207
2199 2207 2204
2206 2204 2207
2201 2203 2207
2206 2207 2208
2208 2207 2203
2208 2203 2209
2210 2211 2212
2210 2212 2213
2214 2210 2213
2214 2213 2215
2215 2216 2214
2215 2217 2216
2217 2218 2216
2219 2218 2217
2219 2217 2220
2221 2219 2220
2221 2222 2219
2223 2224 2225
2223 2225 2226
2223 2226 2227
2228 2223 2227
2228 2227 2229
2228 2229 2230
2228 2230 2231
2228 2231 2232
2233 2234 2235
2233 2236 2234
2237 2236 2233
2237 2238 2236
2239 2238 2237
2239 2240 2238
2241 2242 2243
2241 2243 2244
2244 2243 2245
2244 2245 2246
2246 2245 2247
2246 2247 2248
2248 2247 2249
2248 2249 2250
2249 2251 2250
2249 2252 2251
2253 2254 2255
2253 2255 2256
2256 2255 2257
2256 2257 2258
2259 2256 2258
2259 2258 2260
2261 2259 2260
2262 2259 2261
2259 2262 2263
2259 2263 2264
2259 2264 2265
2259 2265 2266
2266 2265 2267
2266 2267 2268
2269 2270 2271
2269 2272 2270
2273 2272 2269
2273 2274 2272
2275 2274 2273
2275 2276 2274
2277 2276 2275
2277 2278 2276
2279 2278 2277
2279 2280 2278
2281 2280 2279
2281 2282 2280
2283 2282 2281
2283 2284 2282
2285 2284 2283
2285 2286 2284
2287 2286 2285
2287 2288 2286
2289 2288 2287
2289 2290 2288
2291 2290 2289
2291 2292 2290
2293 2294 2295
2293 2296 2294
2297 2296 2293
2298 2297 2293
2299 2298 2293
2299 2300 2298
2300 2299 2301
2301 2299 2302
2303 2302 2299
2304 2303 2299
2305 2304 2299
2305 2299 2306
2307 2305 2306
2307 2306 2308
2309 2310 2311
2309 2311 2312
2313 2314 2315
2313 2315 2316
2317 2318 2319
2317 2319 2320
2321 2322 2323
2321 2324 2322
2325 2324 2321
2325 2326 2324
2327 2326 2325
2327 2325 2328
2329 2330 2331
2329 2331 2332
2333 2329 2332
2334 2335 2336
2334 2337 2335
2334 2338 2337
2339 2340 2341
2339 2341 2342
2343 2344 2345
2343 2345 2346
2347 2348 2349
2347 2349 2350
2351 2352 2353
2353 2352 2354
2352 2355 2354
2356 2357 2358
2359 2357 2356
2359 2360 2357
2361 2362 2363
2361 2363 2364
2361 2364 2365
2361 2365 2366
2366 2365 2367
2366 2367 2368
2369 2370 2371
2369 2371 2372
2373 2369 2372
2373 2372 2374
2375 2373 2374
2375 2374 2376
2377 2375 2376
2377 2376 2378
2379 2380 2381
2379 2382 2380
2383 2384 2385
2383 2385 2386
2387 2383 2386
2387 2386 2388
2389 2387 2388
2389 2388 2390
2391 2389 2390
2391 2390 2392
2393 2394 2395
2393 2396 2394
2397 2398 2399
2397 2400 2398
2401 2400 2397
2401 2402 2400
2403 2402 2401
2403 2404 2402
2405 2404 2403
2405 2406 2404
2407 2406 2405
2407 2408 2406
2409 2408 2407
2409 2410 2408
2411 2410 2409
2411 2412 2410
2413 2412 2411
2413 2414 2412
2415 2416 2417
2418 2416 2415
2419 2416 2418
2420 2416 2419
2421 2416 2420
2422 2416 2421
2423 2424 2425
2423 2426 2424
2427 2426 2423
2427 2428 2426
2429 2428 2427
2429 2430 2428
2431 2430 2429
2431 2432 2430
2433 2432 2431
2433 2434 2432
2435 2434 2433
2435 2436 2434
2437 2436 2435
2437 2438 2436
2439 2438 2437
2439 2440 2438
2441 2442 2443
2444 2442 2441
2445 2442 2444
2446 2442 2445
2447 2442 2446
2448 2442 2447
2449 2450 2451
2449 2452 2450
2452 2453 2450
2452 2454 2453
2454 2455 2453
2454 2456 2455
2456 2457 2455
2456 2458 2457
2459 2460 2461
2459 2462 2460
2463 2464 2465
2463 2466 2464
2466 2467 2464
2466 2468 2467
2468 2469 2467
2468 2470 2469
2470 2471 2469
2470 2472 2471
2473 2474 2475
2473 2476 2474
2477 2478 2479
2477 2479 2480
2481 2477 2480
2481 2480 2482
2483 2481 2482
2483 2482 2484
2485 2483 2484
2485 2484 2486
2487 2485 2486
2487 2486 2488
2489 2487 2488
2489 2488 2490
2491 2489 2490
2491 2490 2492
2493 2491 2492
2493 2492 2494
2495 2496 2497
2498 2495 2497
2499 2498 2497
2500 2499 2497
2501 2500 2497
2502 2501 2497
2503 2504 2505
2503 2505 2506
2507 2508 2509
2507 2509 2510
2511 2512 2513
2511 2513 2514
2515 2516 2517
2515 2517 2518
2519 2520 2521
2519 2521 2522
2523 2524 2525
2523 2525 2526
2527 2528 2529
2527 2530 2528
2530 2527 2531
2530 2531 2532
2527 2533 2531
2527 2534 2533
2534 2535 2533
2530 2532 2536
2530 2536 2528
2528 2536 2537
2528 2537 2538
2539 2540 2541
2539 2542 2540
2542 2539 2543
2542 2543 2544
2539 2545 2543
2546 2547 2548
2546 2548 2549
2548 2550 2549
2548 2551 2550
2551 2552 2550
2552 2553 2550
2553 2554 2550
2553 2555 2554
2556 2557 2558
2557 2559 2558
2557 2560 2559
2561 2562 2563
2561 2563 2564
2565 2566 2567
2565 2567 2568
2569 2565 2568
2570 2568 2567
2570 2567 2571
2570 2571 2572
2569 2568 2573
2574 2569 2573
2574 2573 2575
2576 2568 2570
2576 2573 2568
2576 2575 2573
2576 2570 2572
2576 2577 2575
2576 2572 2577
2578 2577 2572
2578 2579 2577
2580 2581 2582
2580 2582 2583
2582 2584 2583
2582 2585 2584
2586 2587 2588
2586 2589 2587
2590 2589 2586
2590 2586 2591
2590 2591 2592
2590 2592 2593
2590 2593 2594
2587 2589 2595
2590 2595 2589
2587 2595 2596
2590 2594 2597
2590 2597 2595
2597 2596 2595
2597 2594 2598
2597 2599 2596
2597 2598 2599
2600 2601 2602
2600 2602 2603
2604 2605 2606
2604 2606 2607
2608 2609 2610
2608 2611 2609
2611 2612 2609
2611 2613 2612
2614 2612 2613
2614 2615 2612
2616 2617 2618
2616 2618 2619
2619 2620 2616
2619 2621 2620
2620 2621 2622
2620 2622 2623
2624 2625 2626
2624 2626 2627
2628 2629 2630
2628 2630 2631
2631 2630 2632
2630 2633 2632
2630 2634 2633
2635 2633 2634
2636 2628 2631
2635 2634 2637
2637 2634 2638
2639 2635 2637
2636 2640 2628
2641 2640 2636
2639 2637 2642
2643 2639 2642
2641 2643 2644
2643 2642 2644
2645 2642 2637
2645 2637 2646
2641 2644 2647
2641 2647 2640
2642 2648 2644
2647 2644 2648
2642 2645 2648
2647 2648 2649
2640 2647 2649
2649 2648 2645
2650 2628 2640
2640 2649 2650
2649 2645 2650
2650 2645 2646
2650 2651 2628
2650 2646 2651
2652 2653 2654
2652 2654 2655
2656 2657 2658
2656 2658 2659
2660 2661 2662
2660 2662 2663
2664 2665 2666
2664 2666 2667
2668 2669 2670
2668 2670 2671
2672 2673 2674
2672 2674 2675
2676 2677 2678
2676 2678 2679
2680 2681 2682
2680 2682 2683
2684 2685 2686
2684 2686 2687
2688 2689 2690
2688 2690 2691
2692 2693 2694
2692 2695 2693
2692 2696 2695
2692 2697 2696
2697 2698 2696
2697 2699 2698
2699 2700 2698
2699 2701 2700
2701 2702 2700
2701 2703 2702
2704 2705 2706
2704 2706 2707
2704 2707 2708
2708 2707 2709
2708 2709 2710
2710 2709 2711
2710 2711 2712
2713 2712 2711
2713 2714 2712
2715 2716 2717
2715 2717 2718
2719 2715 2718
2719 2718 2720
2721 2722 2723
2724 2721 2723
2724 2725 2721
2726 2725 2724
2726 2727 2725
2728 2727 2726
2728 2729 2727
2728 2730 2729
2728 2731 2730
2732 2733 2734
2732 2734 2735
2736 2737 2738
2736 2738 2739
2740 2741 2742
2740 2742 2743
2744 2745 2746
2744 2746 2747
2748 2749 2750
2748 2750 2751
2752 2753 2754
2752 2754 2755
2756 2757 2758
2756 2758 2759
2760 2761 2762
2760 2762 2763
2764 2765 2766
2764 2766 2767
2768 2769 2770
2768 2770 2771
2772 2773 2774
2772 2774 2775
2772 2775 2776
2772 2776 2777
2777 2776 2778
2777 2778 2779
2779 2778 2780
2779 2780 2781
2781 2780 2782
2781 2782 2783
2784 2785 2786
2784 2787 2785
2784 2788 2787
2788 2789 2787
2788 2790 2789
2790 2791 2789
2790 2792 2791
2793 2791 2792
2793 2792 2794
2795 2796 2797
2795 2798 2796
2799 2798 2795
2799 2800 2798
2801 2802 2803
2804 2802 2801
2804 2801 2805
2806 2804 2805
2806 2805 2807
2808 2806 2807
2808 2807 2809
2808 2809 2810
2808 2810 2811
2812 2813 2814
2812 2815 2813
2816 2815 2812
2816 2817 2815
2818 2817 2816
2818 2819 2817
2820 2819 2818
2820 2821 2819
2822 2821 2820
2822 2823 2821
2824 2825 2826
2824 2826 2827
2828 2824 2827
2828 2827 2829
2829 2830 2828
2831 2830 2829
2831 2829 2832
2833 2834 2835
2833 2835 2836
2836 2837 2833
2836 2838 2837
2837 2838 2839
2840 2841 2842
2840 2842 2843
2844 2840 2843
2844 2843 2845
2846 2844 2845
2846 2845 2847
2848 2846 2847
2848 2847 2849
2850 2848 2849
2850 2849 2851
2852 2850 2851
2852 2851 2853
2854 2852 2853
2854 2853 2855
2856 2854 2855
2856 2855 2857
2858 2856 2857
2858 2857 2859
2860 2858 2859
2860 2859 2861
2862 2860 2861
2862 2861 2863
2864 2862 2863
2864 2863 2865
2866 2864 2865
2866 2865 2867
2868 2866 2867
2868 2867 2869
2870 2868 2869
2870 2869 2871
2872 2870 2871
2872 2871 2873
2874 2872 2873
2874 2873 2875
2876 2877 2878
2876 2879 2877
2879 2880 2877
2879 2881 2880
2881 2882 2880
2881 2883 2882
2883 2884 2882
2883 2885 2884
2885 2886 2884
2885 2887 2886
2887 2888 2886
2887 2889 2888
2889 2890 2888
2889 2891 2890
2891 2892 2890
2891 2893 2892
2894 2895 2896
2894 2897 2895
2897 2898 2895
2898 2899 2895
2897 2900 2898
2899 2898 2901
2900 2897 2902
2902 2903 2900
2901 2904 2899
2901 2905 2904
2906 2904 2905
2906 2907 2904
2903 2902 2908
2903 2908 2909
2910 2909 2908
2910 2908 2911
2912 2913 2914
2912 2915 2913
2915 2916 2913
2915 2917 2916
2916 2917 2918
2919 2918 2917
2916 2918 2920
2921 2916 2920
2922 2920 2918
2922 2918 2923
2924 2925 2926
2924 2927 2925
2928 2927 2924
2928 2929 2927
2930 2929 2928
2930 2931 2929
2932 2931 2930
2932 2933 2931
2932 2934 2933
2935 2933 2934
2936 2933 2935
2937 2933 2936
2937 2936 2938
2937 2938 2939
2937 2939 2940
2937 2940 2941
2937 2941 2942
2937 2942 2943
2943 2942 2944
2943 2944 2945
2943 2945 2946
2943 2946 2947
2943 2947 2948
2948 2947 2949
2948 2949 2950
2950 2949 2951
2950 2951 2952
2952 2951 2953
2952 2953 2954
2955 2956 2957
2955 2957 2958
2959 2955 2958
2959 2958 2960
2961 2959 2960
2961 2960 2962
2963 2961 2962
2963 2962 2964
2965 2963 2964
2965 2964 2966
2967 2968 2969
2967 2970 2968
2971 2970 2967
2971 2972 2970
2972 2971 2973
2974 2972 2973
2974 2975 2972
2976 2977 2978
2976 2979 2977
2980 2979 2976
2980 2981 2979
2982 2981 2980
2982 2983 2981
2984 2985 2986
2984 2987 2985
2987 2984 2988
2987 2988 2989
2988 2990 2989
2991 2992 2993
2991 2993 2994
2995 2991 2994
2995 2994 2996
2997 2995 2996
2997 2996 2998
2999 2997 2998
2999 2998 3000
2999 3000 3001
3002 3001 3000
3003 3002 3000
3004 3003 3000
3004 3005 3003
3004 3006 3005
3004 3007 3006
3004 3008 3007
3004 3009 3008
3004 3010 3009
3010 3011 3009
3010 3012 3011
3010 3013 3012
3010 3014 3013
3010 3015 3014
3015 3016 3014
3015 3017 3016
3017 3018 3016
3017 3019 3018
3019 3020 3018
3019 3021 3020
3022 3023 3024
3025 3023 3022
3026 3025 3022
3027 3023 3025
3028 3027 3025
3029 3028 3025
3029 3025 3030
3031 3029 3030
3031 3030 3032
3031 3032 3033
3034 3033 3032
3034 3032 3035
3035 3036 3034
3035 3037 3036
3032 3030 3038
3035 3039 3037
3040 3035 3032
3040 3032 3038
3039 3035 3041
3039 3041 3042
3043 3035 3040
3043 3041 3035
3043 3044 3041
3043 3045 3044
3046 3040 3038
3045 3046 3044
3047 3044 3046
3046 3038 3047
3048 3044 3047
3048 3049 3044
3047 3050 3048
3047 3051 3050
3047 3052 3051
3038 3052 3047
3038 3053 3052
3038 3054 3053
3053 3054 3055
3053 3055 3056
3057 3058 3059
3057 3059 3060
3061 3062 3063
3061 3064 3062
3065 3064 3061
3065 3061 3066
3067 3065 3066
3067 3068 3065
3069 3070 3071
3070 3069 3072
3072 3069 3073
3074 3070 3072
3075 3070 3074
3076 3070 3075
3076 3077 3070
3078 3077 3076
3078 3079 3077
3078 3080 3079
3081 3079 3080
3081 3082 3079
3082 3081 3083
3082 3083 3084
3077 3079 3085
3082 3084 3086
3087 3085 3079
3087 3079 3082
3086 3088 3082
3086 3089 3088
3090 3087 3082
3090 3082 3088
3090 3088 3091
3090 3091 3092
3093 3085 3087
3092 3091 3093
3091 3094 3093
3093 3094 3085
3095 3094 3091
3095 3091 3096
3094 3095 3097
3094 3097 3098
3094 3098 3099
3094 3099 3085
3085 3099 3100
3085 3100 3101
3100 3102 3101
3100 3103 3102
3104 3105 3106
3104 3106 3107
3108 3109 3110
3108 3110 3111
3111 3110 3112
3111 3112 3113
3113 3112 3114
3113 3114 3115
3116 3115 3114
3116 3114 3117
3116 3117 3118
3116 3118 3119
3119 3118 3120
3119 3120 3121
3121 3120 3122
3121 3122 3123
3123 3122 3124
3123 3124 3125
3124 3126 3125
3124 3127 3126
3128 3126 3127
3128 3127 3129
3128 3129 3130
3128 3130 3131
3132 3133 3134
3132 3134 3135
3136 3132 3135
3136 3137 3132
3138 3137 3136
3138 3136 3139
3140 3141 3142
3140 3142 3143
3144 3145 3146
3144 3146 3147
3148 3149 3150
3148 3150 3151
3152 3153 3154
3152 3154 3155
3155 3154 3156
3155 3156 3157
3157 3156 3158
3159 3158 3156
3157 3158 3160
3159 3161 3158
3162 3157 3160
3161 3159 3163
3162 3160 3164
3161 3163 3165
3164 3166 3162
3164 3167 3166
3165 3163 3168
3167 3169 3166
3165 3168 3170
3171 3170 3168
3167 3171 3169
3171 3168 3169
3169 3168 3172
3169 3172 3173
3173 3172 3174
3173 3174 3175
3176 3177 3178
3176 3178 3179
3179 3178 3180
3179 3180 3181
3181 3180 3182
3181 3182 3183
3183 3182 3184
3183 3184 3185
3185 3184 3186
3185 3186 3187
3187 3186 3188
3187 3188 3189
3189 3188 3190
3189 3190 3191
3192 3193 3194
3192 3194 3195
3196 3197 3198
3196 3198 3199
3200 3201 3202
3200 3203 3201
3204 3203 3200
3203 3204 3205
3206 3203 3205
3207 3203 3206
3203 3208 3201
3209 3203 3207
3209 3210 3203
3209 3211 3210
3212 3208 3203
3213 3208 3212
3210 3211 3214
3215 3210 3214
3210 3215 3216
3210 3216 3217
3210 3217 3218
3219 3210 3218
3219 3220 3210
3221 3220 3219
3222 3223 3224
3222 3224 3225
3224 3226 3225
3224 3227 3226
3227 3228 3226
3227 3229 3228
3229 3230 3228
3229 3231 3230
3231 3232 3230
3231 3233 3232
3233 3234 3232
3233 3235 3234
3234 3235 3236
3234 3236 3237
3238 3237 3236
3238 3239 3237
3238 3240 3239
3238 3241 3240
3241 3242 3240
3241 3243 3242
3243 3244 3242
3243 3245 3244
3245 3246 3244
3245 3247 3246
3247 3248 3246
3247 3249 3248
3249 3250 3248
3249 3251 3250
3251 3252 3250
3251 3253 3252
3253 3254 3252
3253 3255 3254
3255 3256 3254
3255 3257 3256
3257 3258 3256
3257 3259 3258
3259 3260 3258
3259 3261 3260
3262 3263 3264
3262 3264 3265
3266 3262 3265
3265 3267 3266
3268 3267 3265
3269 3268 3265
3265 3264 3270
3271 3269 3265
3271 3265 3272
3271 3272 3273
3274 3265 3270
3275 3274 3270
3272 3276 3273
3277 3276 3272
3272 3278 3277
3272 3279 3278
3272 3280 3279
3281 3280 3272
3281 3272 3282
3283 3281 3282
3284 3285 3286
3284 3286 3287
3287 3288 3284
3288 3289 3284
3288 3290 3289
3287 3291 3288
3287 3292 3291
3286 3292 3287
3293 3292 3286
3293 3286 3294
3293 3294 3295
3296 3297 3298
3296 3298 3299
3300 3301 3302
3300 3303 3301
3304 3301 3303
3304 3303 3305
3304 3305 3306
3304 3306 3307
3307 3306 3308
3307 3308 3309
3310 3311 3312
3310 3313 3311
3310 3314 3313
3315 3316 3317
3315 3318 3316
3315 3319 3318
3315 3320 3319
3321 3319 3320
3321 3322 3319
3322 3323 3319
3318 3319 3323
3322 3324 3323
3325 3316 3318
3318 3323 3325
3325 3326 3316
3323 3326 3325
3323 3327 3326
3327 3323 3324
3327 3324 3328
3329 3330 3331
3329 3331 3332
3333 3334 3335
3333 3336 3334
3337 3336 3333
3338 3339 3340
3338 3340 3341
3341 3340 3342
3343 3338 3341
3341 3342 3344
3345 3344 3342
3345 3346 3344
3347 3344 3346
3341 3344 3348
3347 3348 3344
3343 3341 3349
3341 3348 3349
3350 3343 3349
3350 3349 3348
3350 3351 3343
3352 3348 3347
3350 3348 3352
3352 3351 3350
3351 3352 3353
3352 3347 3354
3353 3352 3355
3355 3352 3354
3355 3354 3356
3357 3358 3359
3357 3359 3360
3361 3362 3363
3361 3364 3362
3365 3362 3364
3365 3364 3366
3366 3367 3365
3366 3368 3367
3369 3367 3368
3369 3368 3370
3371 3369 3370
3371 3370 3372
3373 3371 3372
3373 3374 3371
3375 3376 3377
3375 3377 3378
3379 3375 3378
3379 3380 3375
3381 3380 3379
3381 3382 3380
3383 3382 3381
3383 3381 3384
3385 3386 3387
3385 3387 3388
3388 3387 3389
3388 3389 3390
3390 3389 3391
3390 3391 3392
3392 3391 3393
3392 3393 3394
3395 3396 3397
3395 3397 3398
3397 3399 3398
3397 3400 3399
3400 3401 3399
3400 3402 3401
3401 3402 3403
3403 3402 3404
3401 3403 3405
3406 3401 3405
3406 3407 3401
3406 3408 3407
3407 3408 3409
3407 3409 3410
3410 3409 3411
3410 3412 3407
3410 3413 3412
3413 3414 3412
3413 3415 3414
3415 3416 3414
3415 3417 3416
3418 3419 3420
3418 3420 3421
3422 3418 3421
3421 3420 3423
3422 3421 3424
3424 3425 3422
3424 3426 3425
3421 3423 3427
3427 3424 3421
3427 3423 3428
3426 3424 3429
3427 3429 3424
3426 3429 3430
3427 3428 3431
3429 3427 3431
3431 3428 3432
3430 3429 3433
3429 3431 3433
3430 3433 3434
3433 3435 3434
3431 3432 3436
3437 3436 3432
3437 3438 3436
3431 3439 3433
3431 3436 3439
3438 3439 3436
3433 3439 3435
3438 3440 3439
3440 3435 3439
3440 3441 3435
3442 3443 3444
3442 3445 3443
3446 3445 3442
3446 3447 3445
3447 3446 3448
3447 3448 3449
3449 3448 3450
3451 3449 3450
3451 3452 3449
3453 3452 3451
3453 3451 3454
3455 3456 3457
3455 3458 3456
3455 3459 3458
3460 3459 3455
3460 3461 3459
3460 3462 3461
3460 3463 3462
3460 3464 3463
3465 3466 3467
3465 3467 3468
3469 3465 3468
3469 3468 3470
3471 3469 3470
3471 3470 3472
3473 3474 3475
3473 3476 3474
3476 3477 3474
3476 3478 3477
3478 3479 3477
3478 3480 3479
3480 3481 3479
3480 3482 3481
3481 3482 3483
3481 3483 3484
3485 3486 3487
3485 3488 3486
3488 3489 3486
3488 3490 3489
3491 3490 3488
3491 3492 3490
3493 3492 3491
3494 3493 3491
3491 3495 3494
3491 3496 3495
3491 3497 3496
3491 3498 3497
3498 3499 3497
3498 3500 3499
3501 3502 3503
3501 3503 3504
3505 3501 3504
3505 3504 3506
3507 3505 3506
3507 3506 3508
3509 3507 3508
3509 3508 3510
3511 3509 3510
3511 3510 3512
3513 3511 3512
3513 3512 3514
3515 3513 3514
3515 3514 3516
3517 3515 3516
3517 3516 3518
3519 3517 3518
3519 3518 3520
3521 3519 3520
3521 3520 3522
3523 3521 3522
3523 3522 3524
3525 3526 3527
3525 3527 3528
3529 3525 3528
3530 3525 3529
3531 3525 3530
3531 3530 3532
3532 3533 3531
3533 3534 3531
3535 3531 3534
3536 3531 3535
3537 3531 3536
3537 3538 3531
3539 3538 3537
3539 3540 3538
3541 3542 3543
3541 3543 3544
3545 3546 3547
3545 3547 3548
3549 3550 3551
3549 3551 3552
3553 3554 3555
3553 3555 3556
3557 3553 3556
3557 3556 3558
3559 3557 3558
3559 3560 3557
3561 3562 3563
3561 3564 3562
3565 3564 3561
3566 3567 3568
3566 3568 3569
3566 3569 3570
3571 3572 3573
3571 3573 3574
3575 3576 3577
3575 3577 3578
3579 3580 3581
3579 3581 3582
3583 3584 3585
3584 3586 3585
3585 3586 3587
3588 3589 3590
3591 3588 3590
3591 3590 3592
3593 3594 3595
3593 3596 3594
3593 3597 3596
3593 3598 3597
3598 3599 3597
3598 3600 3599
3601 3602 3603
3601 3604 3602
3605 3604 3601
3605 3606 3604
3607 3606 3605
3607 3608 3606
3609 3608 3607
3609 3610 3608
3611 3612 3613
3611 3613 3614
3615 3616 3617
3615 3618 3616
3619 3618 3615
3619 3620 3618
3621 3620 3619
3621 3622 3620
3623 3622 3621
3623 3624 3622
3625 3626 3627
3625 3627 3628
3629 3630 3631
3629 3631 3632
3633 3629 3632
3633 3632 3634
3635 3633 3634
3635 3634 3636
3637 3635 3636
3637 3636 3638
3639 3637 3638
3639 3638 3640
3641 3639 3640
3641 3640 3642
3643 3641 3642
3643 3642 3644
3645 3643 3644
3645 3644 3646
3647 3648 3649
3650 3647 3649
3651 3650 3649
3652 3651 3649
3653 3652 3649
3654 3653 3649
3655 3656 3657
3655 3657 3658
3659 3655 3658
3659 3658 3660
3661 3659 3660
3661 3660 3662
3663 3661 3662
3663 3662 3664
3665 3663 3664
3665 3664 3666
3667 3665 3666
3667 3666 3668
3669 3667 3668
3669 3668 3670
3671 3669 3670
3671 3670 3672
3673 3674 3675
3676 3673 3675
3677 3676 3675
3678 3677 3675
3679 3678 3675
3680 3679 3675
3681 3682 3683
3681 3683 3684
3684 3683 3685
3684 3685 3686
3686 3685 3687
3686 3687 3688
3688 3687 3689
3688 3689 3690
3691 3692 3693
3691 3693 3694
3695 3696 3697
3695 3697 3698
3698 3697 3699
3698 3699 3700
3700 3699 3701
3700 3701 3702
3702 3701 3703
3702 3703 3704
3705 3706 3707
3705 3707 3708
3709 3710 3711
3709 3712 3710
3713 3712 3709
3713 3714 3712
3715 3714 3713
3715 3716 3714
3717 3716 3715
3717 3718 3716
3719 3718 3717
3719 3720 3718
3721 3720 3719
3721 3722 3720
3723 3722 3721
3723 3724 3722
3725 3724 3723
3725 3726 3724
3727 3728 3729
3730 3728 3727
3731 3728 3730
3732 3728 3731
3733 3728 3732
3734 3728 3733
3735 3736 3737
3735 3737 3738
3739 3740 3741
3739 3741 3742
3743 3744 3745
3743 3745 3746
3747 3748 3749
3747 3749 3750
3751 3752 3753
3751 3753 3754
3755 3756 3757
3755 3757 3758
3759 3760 3761
3759 3761 3762
3762 3763 3759
3762 3764 3763
3759 3763 3765
3759 3765 3766
3766 3765 3767
3762 3768 3764
3762 3761 3768
3761 3769 3768
3761 3770 3769
3771 3772 3773
3771 3773 3774
3774 3775 3771
3774 3776 3775
3771 3775 3777
3778 3779 3780
3778 3781 3779
3779 3781 3782
3779 3782 3783
3783 3782 3784
3784 3782 3785
3785 3782 3786
3785 3786 3787
3788 3789 3790
3790 3789 3791
3790 3791 3792
3793 3794 3795
3793 3795 3796
3797 3798 3799
3797 3800 3798
3801 3800 3797
3802 3798 3800
3802 3803 3798
3802 3804 3803
3801 3805 3800
3806 3805 3801
3806 3807 3805
3808 3802 3800
3808 3800 3805
3808 3805 3807
3808 3804 3802
3808 3807 3809
3808 3809 3804
3810 3804 3809
3810 3809 3811
3812 3813 3814
3812 3815 3813
3813 3815 3816
3813 3816 3817
3818 3819 3820
3818 3820 3821
3822 3818 3821
3822 3823 3818
3822 3824 3823
3822 3825 3824
3822 3826 3825
3820 3827 3821
3822 3821 3827
3820 3828 3827
3822 3829 3826
3822 3827 3829
3829 3827 3828
3829 3830 3826
3829 3828 3831
3829 3831 3830
3832 3833 3834
3832 3834 3835
3836 3837 3838
3836 3838 3839
3840 3841 3842
3840 3842 3843
3843 3842 3844
3843 3844 3845
3846 3845 3844
3846 3844 3847
3848 3849 3850
3848 3851 3849
3851 3848 3852
3851 3852 3853
3852 3854 3853
3852 3855 3854
3856 3857 3858
3856 3858 3859
3860 3861 3862
3860 3863 3861
3863 3864 3861
3861 3864 3865
3861 3865 3866
3867 3866 3865
3868 3863 3860
3867 3869 3866
3869 3870 3866
3871 3869 3867
3868 3860 3872
3873 3868 3872
3871 3874 3869
3875 3874 3871
3873 3876 3875
3875 3876 3874
3877 3869 3874
3877 3878 3869
3873 3879 3876
3873 3872 3879
3874 3876 3880
3879 3880 3876
3874 3880 3877
3879 3881 3880
3872 3881 3879
3881 3877 3880
3882 3872 3860
3872 3882 3881
3881 3882 3877
3882 3878 3877
3882 3860 3883
3882 3883 3878
3884 3885 3886
3884 3886 3887
3888 3889 3890
3888 3890 3891
3892 3893 3894
3892 3894 3895
3896 3897 3898
3896 3898 3899
3900 3901 3902
3900 3902 3903
3904 3905 3906
3904 3906 3907
3908 3909 3910
3908 3910 3911
3912 3913 3914
3912 3914 3915
3916 3917 3918
3916 3918 3919
3920 3921 3922
3920 3922 3923
3924 3925 3926
3924 3926 3927
3924 3927 3928
3924 3928 3929
3929 3928 3930
3929 3930 3931
3931 3930 3932
3931 3932 3933
3933 3932 3934
3933 3934 3935
3936 3937 3938
3936 3939 3937
3936 3940 3939
3940 3941 3939
3940 3942 3941
3942 3943 3941
3942 3944 3943
3945 3943 3944
3945 3944 3946
3947 3948 3949
3947 3950 3948
3951 3950 3947
3951 3952 3950
3953 3954 3955
3956 3954 3953
3956 3953 3957
3958 3956 3957
3958 3957 3959
3960 3958 3959
3960 3959 3961
3960 3961 3962
3960 3962 3963
3964 3965 3966
3964 3966 3967
3968 3969 3970
3968 3970 3971
3972 3973 3974
3972 3974 3975
3976 3977 3978
3976 3978 3979
3980 3981 3982
3980 3982 3983
3984 3985 3986
3984 3986 3987
3988 3989 3990
3988 3990 3991
3992 3993 3994
3992 3994 3995
3996 3997 3998
3996 3998 3999
4000 4001 4002
4000 4002 4003
4004 4005 4006
4004 4007 4005
4004 4008 4007
4004 4009 4008
4009 4010 4008
4009 4011 4010
4011 4012 4010
4011 4013 4012
4013 4014 4012
4013 4015 4014
4016 4017 4018
4016 4018 4019
4016 4019 4020
4020 4019 4021
4020 4021 4022
4022 4021 4023
4022 4023 4024
4025 4024 4023
4025 4026 4024
4027 4028 4029
4027 4029 4030
4031 4027 4030
4031 4030 4032
4033 4034 4035
4036 4033 4035
4036 4037 4033
4038 4037 4036
4038 4039 4037
4040 4039 4038
4040 4041 4039
4040 4042 4041
4040 4043 4042
4044 4045 4046
4044 4046 4047
4048 4049 4050
4048 4050 4051
4052 4053 4054
4052 4055 4053
4056 4053 4055
4056 4055 4057
4055 4058 4057
4052 4059 4055
4055 4060 4058
4055 4059 4060
4060 4061 4058
4060 4059 4062
4060 4062 4061
4063 4062 4059
4062 4064 4061
4063 4065 4062
4062 4065 4064
4066 4067 4068
4069 4068 4067
4069 4067 4070
4069 4070 4071
4069 4071 4072
4071 4073 4072
4074 4073 4071
4074 4071 4075
4076 4077 4078
4076 4079 4077
4080 4079 4076
4080 4081 4079
4082 4081 4080
4082 4083 4081
4084 4083 4082
4084 4085 4083
4086 4087 4088
4086 4089 4087
4090 4089 4086
4090 4091 4089
4092 4091 4090
4092 4093 4091
4094 4093 4092
4094 4095 4093
4096 4095 4094
4096 4097 4095
4098 4099 4100
4098 4100 4101
4102 4103 4104
4105 4104 4103
4105 4106 4104
4105 4107 4106
4105 4108 4107
4107 4108 4109
4110 4107 4109
4110 4111 4107
4112 4113 4114
4112 4115 4113
4112 4116 4115
4112 4117 4116
4112 4118 4117
4112 4119 4118
4120 4121 4122
4120 4123 4121
4124 4121 4123
4124 4125 4121
4126 4125 4124
4126 4124 4127
4128 4126 4127
4128 4129 4126
4130 4129 4128
4130 4131 4129
4132 4131 4130
4132 4133 4131
4134 4133 4132
4134 4135 4133
4136 4135 4134
4136 4137 4135
4138 4139 4140
4139 4141 4140
4141 4142 4140
4142 4143 4140
4143 4144 4140
4144 4145 4140
4146 4147 4148
4149 4148 4147
4149 4150 4148
4149 4151 4150
4149 4152 4151
4151 4152 4153
4154 4151 4153
4154 4155 4151
4156 4157 4158
4156 4158 4159
4160 4156 4159
4160 4159 4161
4162 4160 4161
4162 4161 4163
4164 4162 4163
4164 4163 4165
4166 4167 4168
4166 4168 4169
4170 4166 4169
4170 4169 4171
4172 4170 4171
4172 4171 4173
4174 4172 4173
4174 4173 4175
4176 4174 4175
4176 4175 4177
4178 4179 4180
4178 4180 4181
4182 4183 4184
4185 4184 4183
4185 4183 4186
4185 4186 4187
4185 4187 4188
4187 4189 4188
4190 4189 4187
4190 4187 4191
4192 4193 4194
4192 4194 4195
4192 4195 4196
4192 4196 4197
4192 4197 4198
4192 4198 4199
4200 4201 4202
4200 4202 4203
4204 4203 4202
4204 4202 4205
4206 4204 4205
4206 4207 4204
4208 4207 4206
4208 4206 4209
4210 4208 4209
4210 4209 4211
4212 4210 4211
4212 4211 4213
4214 4212 4213
4214 4213 4215
4216 4214 4215
4216 4215 4217
4218 4219 4220
4220 4219 4221
4221 4219 4222
4222 4219 4223
4223 4219 4224
4224 4219 4225
4226 4227 4228
4226 4228 4229
4230 4226 4229
4230 4229 4231
4232 4233 4234
4232 4234 4235
4236 4232 4235
4236 4235 4237
4238 4239 4240
4238 4241 4239
4241 4242 4239
4241 4243 4242
4244 4245 4246
4244 4246 4247
4248 4249 4250
4248 4250 4251
4252 4253 4254
4252 4255 4253
4256 4255 4252
4256 4257 4255
4258 4259 4260
4258 4261 4259
4262 4261 4258
4262 4263 4261
4264 4265 4266
4264 4266 4267
4267 4266 4268
4267 4268 4269
4270 4271 4272
4270 4272 4273
4274 4275 4276
4274 4276 4277
4278 4279 4280
4278 4280 4281
4282 4281 4280
4283 4281 4282
4284 4283 4282
4282 4280 4285
4282 4285 4286
4287 4286 4285
4288 4286 4287
4288 4287 4289
4287 4285 4290
4285 4291 4290
4292 4291 4285
4292 4285 4293
4294 4292 4293
4294 4293 4295
4294 4295 4296
4297 4298 4299
4297 4300 4298
4297 4301 4300
4301 4302 4300
4303 4302 4301
4303 4304 4302
4304 4303 4305
4303 4306 4305
4306 4307 4305
4306 4308 4307
4306 4309 4308
4310 4308 4309
4310 4311 4308
4312 4311 4310
4312 4313 4311
4314 4313 4312
4314 4315 4313
4316 4315 4314
4316 4317 4315
4317 4316 4318
4319 4318 4316
4319 4316 4320
4320 4321 4319
4321 4320 4322
4321 4322 4323
4323 4322 4324
4322 4325 4324
4325 4326 4324
4327 4328 4329
4327 4329 4330
4329 4331 4330
4329 4332 4331
4332 4333 4331
4332 4334 4333
4335 4333 4334
4336 4337 4338
4336 4339 4337
4340 4337 4339
4340 4339 4341
4342 4340 4341
4342 4341 4343
4342 4343 4344
4342 4344 4345
4346 4345 4344
4346 4347 4345
4348 4349 4350
4348 4351 4349
4348 4352 4351
4348 4353 4352
4354 4352 4353
4354 4355 4352
4356 4357 4358
4356 4358 4359
4359 4358 4360
4359 4360 4361
4362 4361 4360
4363 4362 4360
4363 4360 4364
4363 4364 4365
4366 4365 4364
4366 4364 4367
4368 4366 4367
4368 4367 4369
4370 4371 4372
4370 4373 4371
4373 4374 4371
4373 4375 4374
4375 4373 4376
4376 4373 4377
4376 4377 4378
4379 4380 4381
4379 4381 4382
4379 4382 4383
4384 4383 4382
4384 4385 4383
4385 4384 4386
4385 4386 4387
4387 4386 4388
4389 4390 4391
4391 4390 4392
4393 4391 4392
4393 4392 4394
4394 4395 4393
4393 4396 4391
4393 4397 4396
4397 4398 4396
4399 4400 4401
4399 4401 4402
4403 4404 4405
4403 4406 4404
4403 4407 4406
4408 4409 4410
4411 4409 4408
4411 4408 4412
4411 4412 4413
4414 4413 4412
4414 4412 4415
4416 4414 4415
4416 4415 4417
4416 4417 4418
4417 4419 4418
4420 4421 4422
4420 4423 4421
4424 4421 4423
4424 4423 4425
4426 4424 4425
4426 4427 4424
4428 4421 4424
4428 4429 4421
4430 4429 4428
4430 4431 4429
4432 4431 4430
4432 4433 4431
4434 4433 4432
4434 4435 4433
4436 4435 4434
4436 4437 4435
4438 4437 4436
4438 4439 4437
4440 4441 4442
4440 4442 4443
4444 4445 4446
4444 4446 4447
4447 4446 4448
4447 4448 4449
4449 4448 4450
4449 4450 4451
4452 4453 4454
4452 4454 4455
4455 4454 4456
4455 4456 4457
4458 4459 4460
4458 4460 4461
4462 4463 4464
4462 4464 4465
4466 4467 4468
4466 4468 4469
4469 4468 4470
4469 4470 4471
4471 4470 4472
4471 4472 4473
4473 4472 4474
4473 4474 4475
4475 4474 4476
4475 4476 4477
4478 4479 4480
4478 4480 4481
4482 4483 4484
4482 4484 4485
4486 4487 4488
4486 4488 4489
4489 4488 4490
4489 4490 4491
4491 4490 4492
4491 4492 4493
4493 4492 4494
4493 4494 4495
4495 4494 4496
4495 4496 4497
4497 4496 4498
4497 4498 4499
4499 4498 4500
4499 4500 4501
4502 4503 4504
4502 4505 4503
4506 4503 4505
4507 4506 4505
4508 4506 4507
4506 4509 4503
4506 4510 4509
4511 4509 4510
4512 4511 4510
4512 4513 4511
4511 4514 4509
4509 4514 4515
4516 4509 4515
4516 4517 4509
4518 4517 4516
4518 4519 4517
4518 4520 4519
4521 4522 4523
4521 4523 4524
4521 4524 4525
4525 4524 4526
4527 4525 4526
4527 4526 4528
4528 4529 4527
4527 4529 4530
4530 4529 4531
4530 4531 4532
4530 4532 4533
4534 4533 4532
4534 4532 4535
4536 4534 4535
4536 4535 4537
4538 4536 4537
4538 4537 4539
4540 4538 4539
4540 4539 4541
4541 4542 4540
4543 4540 4542
4543 4544 4540
4544 4543 4545
4545 4546 4544
4545 4547 4546
4547 4548 4546
4546 4548 4549
4549 4548 4550
4551 4552 4553
4551 4554 4552
4552 4554 4555
4552 4555 4556
4556 4555 4557
4556 4557 4558
4559 4558 4557
4560 4561 4562
4560 4562 4563
4560 4563 4564
4560 4564 4565
4566 4565 4564
4566 4564 4567
4568 4569 4570
4568 4570 4571
4571 4570 4572
4571 4572 4573
4573 4574 4571
4574 4575 4571
4574 4576 4575
4577 4578 4579
4577 4580 4578
4577 4581 4580
4582 4580 4581
4582 4581 4583
4583 4584 4582
4583 4585 4584
4585 4586 4584
4587 4588 4589
4588 4590 4589
4591 4590 4588
4591 4592 4590
4592 4591 4593
4591 4588 4594
4591 4594 4595
4595 4594 4596
4597 4598 4599
4597 4599 4600
4601 4602 4603
4601 4603 4604
4601 4604 4605
4606 4607 4608
4606 4609 4607
4609 4606 4610
4611 4610 4606
4611 4612 4610
4613 4612 4611
4613 4614 4612
4615 4614 4613
4615 4616 4614
4617 4616 4615
4617 4618 4616
4619 4620 4621
4619 4621 4622
4623 4624 4625
4623 4626 4624
4627 4624 4626
4627 4628 4624
4629 4628 4627
4629 4630 4628
4631 4630 4629
4631 4632 4630
4631 4633 4632
4631 4634 4633
4634 4635 4633
4634 4636 4635
4637 4635 4636
4637 4638 4635
4639 4638 4637
4639 4640 4638
4641 4640 4639
4641 4642 4640
4643 4642 4641
4643 4644 4642
4645 4644 4643
4645 4646 4644
4647 4646 4645
4647 4648 4646
4649 4650 4651
4649 4652 4650
4650 4652 4653
4650 4653 4654
4654 4653 4655
4654 4655 4656
4656 4655 4657
4656 4657 4658
4657 4659 4658
4657 4660 4659
4657 4661 4660
4662 4663 4664
4662 4665 4663
4666 4665 4662
4666 4667 4665
4668 4667 4666
4668 4669 4667
4670 4671 4672
4670 4672 4673
4674 4670 4673
4674 4675 4670
4676 4675 4674
4676 4677 4675
4678 4677 4676
4678 4679 4677
4680 4681 4682
4683 4682 4681
4683 4681 4684
4685 4683 4684
4685 4684 4686
4687 4688 4689
4687 4690 4688
4690 4691 4688
4690 4692 4691
4693 4691 4692
4694 4695 4696
4694 4697 4695
4697 4698 4695
4694 4699 4697
4699 4700 4697
4701 4702 4703
4704 4701 4703
4704 4705 4701
4704 4706 4705
4705 4707 4701
4708 4709 4710
4708 4710 4711
4712 4713 4714
4712 4714 4715
4716 4717 4718
4716 4718 4719
4720 4721 4722
4720 4722 4723
4724 4725 4726
4724 4727 4725
4728 4727 4724
4728 4724 4729
4730 4731 4732
4730 4732 4733
4734 4735 4736
4734 4737 4735
4737 4734 4738
4737 4738 4739
4740 4741 4742
4740 4742 4743
4744 4743 4742
4744 4742 4745
4744 4745 4746
4744 4746 4747
4747 4746 4748
4747 4748 4749
4749 4748 4750
4749 4750 4751
4751 4750 4752
4751 4752 4753
4754 4755 4756
4754 4756 4757
4754 4757 4758
4754 4758 4759
4760 4761 4762
4760 4762 4763
4760 4763 4764
4765 4763 4762
4765 4766 4763
4766 4765 4767
4765 4768 4767
4768 4769 4767
4770 4771 4772
4770 4773 4771
4774 4773 4770
4774 4775 4773
4776 4775 4774
4776 4777 4775
4778 4777 4776
4778 4779 4777
4780 4779 4778
4780 4781 4779
4782 4783 4784
4782 4784 4785
4785 4784 4786
4785 4786 4787
4787 4786 4788
4787 4788 4789
4790 4791 4792
4790 4792 4793
4793 4792 4794
4793 4794 4795
4796 4797 4798
4796 4798 4799
4800 4796 4799
4799 4801 4800
4799 4802 4801
4803 4801 4802
4803 4804 4801
4803 4802 4805
4806 4807 4808
4806 4809 4807
4806 4810 4809
4806 4811 4810
4810 4811 4812
4810 4812 4813
4814 4815 4816
4815 4817 4816
4815 4818 4817
4819 4820 4821
4819 4822 4820
4819 4823 4822
4824 4825 4826
4824 4826 4827
4828 4829 4830
4828 4830 4831
4832 4833 4834
4832 4834 4835
4836 4837 4838
4836 4838 4839
4840 4841 4842
4840 4842 4843
4844 4845 4846
4844 4846 4847
4848 4844 4847
4848 4847 4849
4850 4848 4849
4850 4849 4851
4852 4853 4854
4852 4855 4853
4856 4855 4852
4856 4852 4857
4858 4856 4857
4858 4857 4859
4860 4861 4862
4860 4862 4863
4863 4862 4864
4863 4864 4865
4865 4864 4866
4865 4866 4867
4867 4866 4868
4867 4868 4869
4869 4868 4870
4869 4870 4871
4872 4873 4874
4872 4875 4873
4876 4875 4872
4876 4877 4875
4878 4877 4876
4878 4879 4877
4880 4881 4882
4880 4882 4883
4880 4883 4884
4880 4884 4885
4884 4886 4885
4884 4887 4886
4888 4889 4890
4890 4889 4891
4890 4891 4892
4893 4894 4895
4893 4895 4896
4893 4896 4897
4898 4899 4900
4898 4900 4901
4902 4903 4904
4902 4904 4905
4906 4907 4908
4906 4908 4909
4910 4911 4912
4910 4912 4913
4914 4915 4916
4914 4916 4917
4918 4919 4920
4918 4921 4919
4922 4921 4918
4922 4923 4921
4924 4923 4922
4924 4925 4923
4926 4927 4928
4926 4928 4929
4930 4926 4929
4930 4931 4926
4932 4931 4930
4932 4933 4931
4934 4935 4936
4934 4937 4935
4937 4938 4935
4937 4939 4938
4939 4940 4938
4939 4941 4940
4941 4942 4940
4941 4943 4942
4943 4944 4942
4943 4945 4944
4946 4947 4948
4946 4948 4949
4950 4946 4949
4950 4949 4951
4952 4950 4951
4952 4951 4953
4954 4955 4956
4954 4957 4955
4958 4957 4954
4958 4959 4957
4960 4961 4962
4960 4963 4961
4964 4963 4960
4964 4965 4963
4966 4967 4968
4966 4968 4969
4969 4968 4970
4969 4970 4971
4972 4973 4974
4972 4974 4975
4976 4977 4978
4976 4978 4979
4980 4981 4982
4980 4982 4983
4984 4980 4983
4984 4983 4985
4986 4987 4988
4986 4988 4989
4990 4986 4989
4990 4989 4991
4992 4993 4994
4992 4995 4993
4995 4996 4993
4995 4997 4996
4998 4999 5000
4998 5000 5001
5002 5003 5004
5002 5004 5005
5006 5007 5008
5006 5009 5007
5010 5007 5009
5011 5010 5009
5012 5010 5011
5010 5013 5007
5010 5014 5013
5015 5013 5014
5016 5015 5014
5016 5017 5015
5015 5018 5013
5013 5018 5019
5020 5013 5019
5020 5021 5013
5022 5021 5020
5022 5023 5021
5022 5024 5023
5025 5026 5027
5025 5027 5028
5025 5028 5029
5029 5028 5030
5031 5029 5030
5031 5030 5032
5032 5033 5031
5031 5033 5034
5034 5033 5035
5034 5035 5036
5034 5036 5037
5038 5037 5036
5038 5036 5039
5040 5038 5039
5040 5039 5041
5042 5040 5041
5042 5041 5043
5044 5042 5043
5044 5043 5045
5045 5046 5044
5047 5044 5046
5047 5048 5044
5048 5047 5049
5049 5050 5048
5049 5051 5050
5051 5052 5050
5050 5052 5053
5053 5052 5054
5055 5056 5057
5055 5058 5056
5056 5058 5059
5056 5059 5060
5060 5059 5061
5060 5061 5062
5063 5062 5061
5064 5065 5066
5064 5066 5067
5068 5067 5066
5068 5069 5067
5070 5069 5068
5070 5071 5069
5070 5072 5071
5070 5073 5072
5074 5072 5073
5074 5073 5075
5076 5077 5078
5076 5078 5079
5076 5079 5080
5076 5080 5081
5082 5081 5080
5082 5080 5083
5084 5085 5086
5084 5087 5085
5087 5088 5085
5087 5089 5088
5090 5088 5089
5091 5088 5090
5091 5092 5088
5091 5093 5092
5094 5092 5093
5094 5095 5092
5096 5095 5094
5096 5097 5095
5098 5099 5100
5098 5100 5101
5101 5100 5102
5101 5102 5103
5103 5104 5101
5104 5105 5101
5104 5106 5105
5107 5108 5109
5107 5110 5108
5107 5111 5110
5112 5110 5111
5112 5111 5113
5113 5114 5112
5113 5115 5114
5115 5116 5114
5117 5118 5119
5118 5120 5119
5121 5120 5118
5121 5122 5120
5122 5121 5123
5121 5118 5124
5121 5124 5125
5125 5124 5126
5127 5128 5129
5127 5129 5130
5131 5132 5133
5131 5133 5134
5131 5134 5135
5136 5137 5138
5139 5136 5138
5139 5140 5136
5139 5141 5140
5142 5140 5141
5142 5143 5140
5144 5143 5142
5144 5145 5143
5144 5146 5145
5145 5146 5147
5148 5149 5150
5148 5150 5151
5152 5151 5150
5152 5153 5151
5154 5153 5152
5154 5152 5155
5156 5152 5150
5156 5150 5157
5158 5156 5157
5158 5157 5159
5160 5158 5159
5160 5159 5161
5162 5160 5161
5162 5161 5163
5164 5162 5163
5164 5163 5165
5166 5164 5165
5166 5165 5167
5168 5169 5170
5168 5170 5171
5172 5173 5174
5172 5175 5173
5175 5176 5173
5175 5177 5176
5177 5178 5176
5177 5179 5178
5180 5181 5182
5180 5183 5181
5183 5184 5181
5183 5185 5184
5186 5187 5188
5186 5188 5189
5190 5191 5192
5190 5192 5193
5194 5195 5196
5194 5197 5195
5197 5198 5195
5197 5199 5198
5199 5200 5198
5199 5201 5200
5201 5202 5200
5201 5203 5202
5203 5204 5202
5203 5205 5204
5206 5207 5208
5206 5208 5209
5210 5211 5212
5210 5212 5213
5214 5215 5216
5214 5217 5215
5217 5218 5215
5217 5219 5218
5219 5220 5218
5219 5221 5220
5221 5222 5220
5221 5223 5222
5223 5224 5222
5223 5225 5224
5225 5226 5224
5225 5227 5226
5227 5228 5226
5227 5229 5228
5230 5231 5232
5230 5232 5233
5234 5233 5232
5235 5233 5234
5236 5235 5234
5234 5232 5237
5234 5237 5238
5239 5238 5237
5240 5238 5239
5240 5239 5241
5239 5237 5242
5237 5243 5242
5244 5243 5237
5244 5237 5245
5246 5244 5245
5246 5245 5247
5246 5247 5248
5249 5250 5251
5249 5252 5250
5249 5253 5252
5253 5254 5252
5255 5254 5253
5255 5256 5254
5256 5255 5257
5255 5258 5257
5258 5259 5257
5258 5260 5259
5258 5261 5260
5262 5260 5261
5262 5263 5260
5264 5263 5262
5264 5265 5263
5266 5265 5264
5266 5267 5265
5268 5267 5266
5268 5269 5267
5269 5268 5270
5271 5270 5268
5271 5268 5272
5272 5273 5271
5273 5272 5274
5273 5274 5275
5275 5274 5276
5274 5277 5276
5277 5278 5276
5279 5280 5281
5279 5281 5282
5281 5283 5282
5281 5284 5283
5284 5285 5283
5284 5286 5285
5287 5285 5286
5288 5289 5290
5288 5291 5289
5288 5292 5291
5288 5293 5292
5294 5292 5293
5294 5295 5292
5296 5297 5298
5296 5299 5297
5299 5300 5297
5299 5301 5300
5301 5299 5302
5302 5299 5303
5302 5303 5304
5305 5306 5307
5305 5307 5308
5305 5308 5309
5310 5309 5308
5310 5311 5309
5311 5310 5312
5311 5312 5313
5313 5312 5314
5315 5316 5317
5317 5316 5318
5319 5317 5318
5319 5318 5320
5320 5321 5319
5319 5322 5317
5319 5323 5322
5323 5324 5322
5325 5326 5327
5325 5327 5328
5329 5330 5331
5329 5332 5330
5329 5333 5332
5334 5335 5336
5334 5336 5337
5337 5338 5334
5339 5334 5338
5339 5338 5340
5341 5339 5340
5341 5340 5342
5343 5341 5342
5343 5342 5344
5345 5343 5344
5345 5344 5346
5347 5348 5349
5347 5349 5350
5351 5352 5353
5351 5353 5354
5355 5354 5353
5355 5353 5356
5357 5355 5356
5357 5356 5358
5359 5357 5358
5359 5358 5360
5359 5360 5361
5359 5361 5362
5362 5361 5363
5362 5363 5364
5365 5364 5363
5365 5363 5366
5367 5365 5366
5367 5366 5368
5369 5367 5368
5369 5368 5370
5371 5369 5370
5371 5370 5372
5373 5371 5372
5373 5372 5374
5375 5373 5374
5375 5374 5376
5377 5378 5379
5377 5379 5380
5379 5381 5380
5379 5382 5381
5382 5383 5381
5382 5384 5383
5384 5385 5383
5384 5386 5385
5385 5386 5387
5385 5387 5388
5385 5388 5389
5390 5391 5392
5390 5392 5393
5394 5390 5393
5394 5393 5395
5396 5394 5395
5396 5395 5397
5398 5399 5400
5398 5401 5399
5402 5401 5398
5402 5398 5403
5404 5402 5403
5404 5403 5405
5406 5404 5405
5406 5405 5407
5408 5409 5410
5411 5410 5409
5411 5412 5410
5413 5412 5411
5413 5414 5412
5415 5416 5417
5415 5417 5418
5418 5417 5419
5418 5419 5420
5421 5420 5419
5422 5423 5424
5422 5424 5425
5425 5424 5426
5422 5425 5427
5427 5425 5428
5429 5430 5431
5432 5430 5429
5432 5429 5433
5432 5433 5434
5433 5429 5435
5436 5437 5438
5436 5438 5439
5440 5441 5442
5440 5442 5443
5444 5445 5446
5444 5446 5447
5448 5449 5450
5448 5450 5451
5452 5453 5454
5452 5454 5455
5456 5452 5455
5456 5457 5452
5458 5459 5460
5458 5460 5461
5462 5463 5464
5462 5464 5465
5465 5466 5462
5465 5467 5466
5468 5469 5470
5468 5471 5469
5472 5469 5471
5472 5473 5469
5472 5474 5473
5472 5475 5474
5475 5476 5474
5475 5477 5476
5477 5478 5476
5477 5479 5478
5479 5480 5478
5479 5481 5480
5482 5483 5484
5482 5485 5483
5482 5486 5485
5482 5487 5486
5488 5489 5490
5488 5491 5489
5488 5492 5491
5493 5489 5491
5493 5491 5494
5494 5495 5493
5493 5495 5496
5496 5495 5497
5498 5499 5500
5498 5500 5501
5502 5498 5501
5502 5501 5503
5504 5502 5503
5504 5503 5505
5506 5504 5505
5506 5505 5507
5508 5506 5507
5508 5507 5509
5510 5511 5512
5510 5513 5511
5513 5514 5511
5513 5515 5514
5515 5516 5514
5515 5517 5516
5518 5519 5520
5518 5521 5519
5521 5522 5519
5521 5523 5522
5524 5525 5526
5524 5527 5525
5528 5527 5524
5527 5528 5529
5527 5529 5530
5531 5530 5529
5531 5529 5532
5531 5533 5530
5534 5535 5536
5534 5536 5537
5534 5537 5538
5534 5538 5539
5538 5540 5539
5538 5541 5540
5542 5543 5544
5544 5543 5545
5544 5545 5546
5547 5548 5549
5547 5549 5550
5547 5550 5551
5552 5553 5554
5552 5554 5555
5556 5557 5558
5556 5558 5559
5560 5561 5562
5560 5562 5563
5564 5565 5566
5564 5566 5567
5568 5569 5570
5568 5570 5571
5572 5573 5574
5572 5575 5573
5576 5575 5572
5576 5577 5575
5578 5577 5576
5578 5579 5577
5580 5581 5582
5580 5582 5583
5584 5580 5583
5584 5585 5580
5586 5585 5584
5586 5587 5585
5588 5589 5590
5588 5591 5589
5591 5592 5589
5591 5593 5592
5593 5594 5592
5593 5595 5594
5595 5596 5594
5595 5597 5596
5597 5598 5596
5597 5599 5598
5600 5601 5602
5600 5602 5603
5604 5600 5603
5604 5603 5605
5606 5604 5605
5606 5605 5607
5608 5609 5610
5608 5611 5609
5608 5612 5611
5608 5613 5612
5612 5613 5614
5612 5614 5615
5616 5617 5618
5617 5619 5618
5617 5620 5619
5621 5622 5623
5621 5624 5622
5621 5625 5624
5626 5627 5628
5626 5628 5629
5630 5631 5632
5630 5632 5633
5634 5635 5636
5634 5636 5637
5638 5639 5640
5638 5640 5641
5642 5643 5644
5642 5644 5645
5646 5647 5648
5646 5648 5649
5650 5646 5649
5650 5649 5651
5652 5650 5651
5652 5651 5653
5654 5655 5656
5654 5657 5655
5658 5657 5654
5658 5654 5659
5660 5658 5659
5660 5659 5661
5662 5663 5664
5662 5664 5665
5665 5664 5666
5665 5666 5667
5667 5666 5668
5667 5668 5669
5669 5668 5670
5669 5670 5671
5671 5670 5672
5671 5672 5673
5674 5675 5676
5674 5677 5675
5678 5677 5674
5678 5679 5677
5680 5679 5678
5680 5681 5679
5682 5683 5684
5685 5684 5683
5682 5684 5686
5687 5682 5686
5687 5686 5688
5688 5689 5687
5688 5690 5689
5690 5691 5689
5690 5692 5691
5692 5693 5691
5685 5694 5684
5686 5684 5695
5695 5684 5694
5696 5688 5686
5686 5695 5696
5697 5690 5688
5696 5697 5688
5698 5694 5685
5698 5685 5699
5698 5699 5693
5692 5700 5693
5698 5693 5700
5690 5701 5692
5701 5700 5692
5698 5700 5702
5701 5702 5700
5703 5694 5698
5698 5702 5703
5704 5703 5702
5703 5705 5694
5704 5705 5703
5695 5694 5705
5705 5706 5695
5696 5695 5706
5705 5707 5706
5704 5707 5705
5696 5706 5708
5708 5706 5707
5697 5696 5708
5708 5707 5709
5697 5708 5709
5709 5707 5704
5709 5710 5697
5697 5710 5690
5690 5710 5701
5709 5711 5710
5711 5701 5710
5709 5704 5711
5711 5712 5701
5704 5712 5711
5712 5702 5701
5704 5713 5712
5712 5713 5702
5704 5702 5713
5714 5715 5716
5717 5716 5715
5714 5718 5715
5719 5718 5714
5719 5720 5718
5720 5719 5721
5720 5721 5722
5722 5721 5723
5722 5723 5724
5724 5723 5725
5717 5715 5726
5718 5727 5715
5727 5726 5715
5728 5718 5720
5718 5728 5727
5729 5720 5722
5728 5720 5729
5730 5717 5726
5730 5731 5717
5730 5725 5731
5724 5725 5732
5730 5732 5725
5722 5724 5733
5733 5724 5732
5730 5734 5732
5733 5732 5734
5735 5730 5726
5730 5735 5734
5736 5734 5735
5735 5726 5737
5736 5735 5737
5727 5737 5726
5737 5727 5738
5728 5738 5727
5737 5738 5739
5736 5737 5739
5728 5740 5738
5740 5739 5738
5729 5740 5728
5740 5741 5739
5729 5741 5740
5741 5736 5739
5741 5729 5742
5729 5722 5742
5722 5733 5742
5741 5742 5743
5743 5742 5733
5741 5743 5736
5743 5733 5744
5736 5743 5744
5744 5733 5734
5736 5744 5745
5744 5734 5745
5736 5745 5734
5746 5747 5748
5749 5748 5747
5746 5748 5750
5751 5746 5750
5751 5750 5752
5753 5748 5749
5752 5754 5751
5754 5752 5755
5753 5749 5756
5754 5755 5757
5754 5757 5758
5757 5755 5759
5757 5760 5758
5757 5759 5761
5761 5759 5753
5760 5762 5758
5761 5753 5763
5753 5756 5763
5762 5760 5764
5762 5764 5765
5756 5766 5763
5765 5764 5766
5756 5767 5766
5765 5766 5767
5768 5769 5770
5771 5770 5769
5768 5772 5769
5773 5772 5768
5773 5774 5772
5775 5771 5769
5774 5773 5776
5776 5777 5774
5775 5778 5771
5776 5779 5777
5776 5780 5779
5779 5781 5777
5779 5780 5782
5779 5783 5781
5783 5775 5781
5782 5780 5784
5783 5785 5775
5775 5785 5778
5784 5786 5782
5784 5787 5786
5778 5785 5788
5787 5788 5786
5778 5788 5789
5787 5789 5788
