byte offset: 0
first index: 0
index count: 17397
topology: trianglelist
format: DXGI_FORMAT_R16_UINT

0 1 2
3 4 5
6 7 8
9 10 11
12 13 14
15 16 17
18 19 20
21 22 23
21 23 24
25 21 24
25 24 26
27 25 26
27 26 28
28 29 27
28 30 29
30 31 29
30 32 31
33 31 32
33 34 31
35 36 37
35 37 38
39 40 41
39 41 42
43 44 45
43 45 46
46 45 47
46 47 48
49 48 47
49 50 48
51 50 49
51 49 52
53 51 52
53 52 54
55 53 54
55 54 56
57 58 59
57 60 58
61 60 57
61 62 60
61 63 62
61 64 63
64 65 63
64 66 65
65 66 67
65 67 68
68 67 69
68 69 70
71 72 73
71 73 74
75 71 74
75 76 71
77 76 75
77 75 78
78 79 77
78 80 79
80 81 79
80 82 81
81 82 83
81 83 84
85 86 87
87 88 85
88 89 85
85 89 90
85 90 91
85 91 92
85 92 93
93 94 85
85 94 95
85 95 96
85 96 97
98 99 100
99 101 100
99 102 101
102 99 103
103 99 104
99 105 104
99 106 105
106 99 107
107 99 108
99 109 108
109 99 110
111 112 113
111 113 114
114 113 115
114 115 116
116 115 117
116 117 118
117 119 118
117 120 119
119 120 121
119 121 122
122 121 123
122 123 124
124 123 125
124 125 126
126 125 127
126 127 128
127 129 128
127 130 129
130 131 129
130 132 131
131 132 133
131 133 134
135 136 137
135 138 136
139 138 135
139 135 140
141 139 140
141 140 142
143 144 145
143 145 146
147 146 145
147 148 146
149 148 147
149 150 148
151 152 153
151 153 154
154 153 155
154 155 156
156 155 157
156 157 158
159 160 161
159 161 162
162 161 163
162 163 164
164 163 165
164 165 166
166 165 167
166 167 168
168 167 169
168 169 170
170 169 171
170 171 172
172 171 173
172 173 174
174 173 175
174 175 176
176 175 177
176 177 178
178 177 179
178 179 180
180 179 181
180 181 182
182 181 183
182 183 184
183 185 184
183 186 185
185 186 187
185 187 188
188 187 189
188 189 190
190 189 191
190 191 192
192 191 193
192 193 194
194 193 195
194 195 196
196 195 197
196 197 198
198 197 199
198 199 200
201 202 203
201 204 202
201 205 204
201 206 205
207 206 201
201 208 207
201 209 208
201 210 209
201 211 210
201 212 211
212 201 213
213 201 214
214 201 215
201 216 215
216 201 217
217 201 218
218 201 219
219 201 220
221 222 223
221 223 224
224 223 225
226 221 224
226 227 221
224 225 228
228 225 229
230 226 224
230 224 228
227 226 231
227 231 232
231 233 232
231 234 233
226 235 231
235 234 231
226 230 235
235 236 234
237 236 235
230 237 235
237 238 236
228 229 239
239 229 240
241 230 228
230 241 237
241 228 239
242 238 237
241 242 237
242 243 238
239 240 244
244 240 245
244 245 246
247 244 246
248 241 239
248 239 244
247 248 244
241 248 242
248 247 249
248 249 242
249 243 242
249 250 243
251 252 253
252 254 253
252 255 254
256 257 258
259 256 258
260 259 258
261 262 263
261 264 262
265 262 264
265 264 266
265 266 267
268 267 266
268 269 267
270 269 268
270 271 269
272 271 270
272 273 271
274 273 272
274 275 273
276 277 278
276 278 279
279 278 280
279 280 281
282 281 280
282 280 283
284 282 283
284 283 285
286 287 288
289 288 287
289 287 290
290 291 289
287 292 290
293 291 290
293 290 294
295 294 290
295 290 296
297 296 290
298 290 292
290 299 297
290 298 299
300 299 298
301 302 303
301 304 302
304 305 302
304 306 305
306 307 305
306 308 307
308 309 307
308 310 309
311 309 310
311 310 312
312 313 311
314 313 312
314 312 315
316 317 318
316 319 317
319 320 317
319 321 320
320 321 322
320 322 323
324 323 322
324 322 325
326 327 328
326 329 327
330 329 326
330 331 329
331 330 332
331 332 333
334 333 332
334 332 335
336 337 338
336 338 339
338 340 339
338 341 340
342 340 341
342 343 340
343 342 344
343 344 345
346 347 348
349 346 348
349 350 346
349 348 351
350 349 352
350 352 353
349 351 354
352 349 354
353 352 355
353 355 356
357 354 351
357 351 358
352 354 359
355 352 359
357 358 360
358 361 360
357 360 362
363 354 357
362 363 357
363 359 354
362 364 363
364 365 363
365 359 363
364 366 365
355 359 367
365 367 359
356 355 368
368 355 367
366 369 365
369 367 365
356 368 370
371 356 370
371 370 372
373 372 370
368 367 374
369 374 367
375 370 368
373 370 375
375 368 374
376 373 375
375 374 376
376 377 373
376 378 377
379 376 374
379 374 369
376 379 378
366 380 369
379 369 380
378 379 380
381 380 366
378 380 382
381 382 380
383 384 385
383 386 384
387 384 386
387 388 384
389 388 387
389 390 388
391 392 393
391 393 394
395 396 397
395 397 398
399 400 401
399 401 402
403 404 405
403 405 406
407 408 409
407 409 410
411 412 413
411 413 414
415 416 417
415 417 418
419 420 421
419 421 422
423 424 425
423 425 426
427 428 429
427 429 430
431 432 433
431 433 434
435 436 437
435 437 438
439 440 441
439 441 442
443 444 445
443 445 446
447 448 449
447 449 450
451 452 453
451 453 454
455 456 457
455 457 458
459 460 461
459 461 462
463 464 465
463 465 466
467 468 469
467 469 470
471 472 473
471 473 474
475 476 477
475 477 478
479 480 481
479 481 482
483 484 485
483 485 486
487 488 489
487 490 488
491 488 490
491 490 492
493 491 492
493 494 491
495 494 493
495 493 496
497 495 496
497 496 498
499 500 501
499 502 500
503 500 502
503 504 500
503 505 504
503 506 505
507 508 509
507 509 510
510 511 507
510 512 511
513 511 512
513 512 514
514 515 513
516 513 515
516 517 513
516 518 517
519 517 518
519 518 520
519 520 521
519 521 522
523 522 521
523 521 524
525 526 527
525 527 528
529 528 527
529 530 528
530 529 531
530 531 532
533 532 531
531 534 533
531 535 534
535 536 534
536 535 537
536 537 538
539 538 537
539 540 538
540 539 541
540 541 542
543 544 545
543 545 546
547 543 546
547 548 543
549 548 547
549 547 550
551 552 553
551 553 554
555 551 554
555 554 556
555 556 557
555 557 558
559 558 557
559 557 560
561 559 560
561 560 562
563 564 565
563 565 566
567 568 569
567 569 570
571 572 573
571 573 574
571 574 575
571 575 576
571 576 577
578 576 575
578 579 576
580 579 578
581 580 578
580 581 582
580 582 583
583 582 584
583 584 585
586 585 584
586 584 587
586 587 588
586 588 589
590 589 588
590 588 591
592 590 591
592 591 593
593 594 592
594 595 592
594 596 595
594 597 596
598 596 597
598 599 596
598 597 600
598 600 601
598 601 602
603 604 605
603 605 606
606 607 603
606 608 607
606 609 608
607 608 610
608 611 610
610 611 612
610 612 613
614 613 612
614 615 613
616 615 614
616 617 615
618 617 616
618 616 619
618 619 620
618 620 621
620 622 621
620 623 622
623 624 622
623 625 624
626 624 625
626 625 627
626 627 628
629 626 628
630 629 628
630 628 631
630 632 629
632 630 633
632 633 634
635 636 637
635 638 636
639 638 635
639 640 638
641 640 639
641 642 640
641 643 642
641 644 643
645 643 644
645 646 643
647 646 645
647 648 646
649 648 647
649 647 650
649 650 651
649 651 652
651 653 652
651 654 653
654 655 653
654 656 655
657 655 656
657 658 655
657 659 658
657 660 659
660 661 659
660 662 661
662 663 661
662 664 663
665 666 667
665 667 668
668 667 669
668 669 670
669 671 670
669 672 671
671 672 673
671 673 674
673 675 674
673 676 675
675 676 677
675 677 678
679 678 677
679 677 680
681 679 680
681 682 679
683 682 681
683 681 684
685 683 684
685 686 683
687 686 685
687 685 688
689 687 688
689 688 690
691 692 693
691 693 694
695 691 694
695 696 691
697 696 695
697 698 696
699 700 701
699 702 700
703 702 699
703 699 704
705 703 704
705 704 706
707 708 709
707 710 708
711 710 707
710 711 712
711 707 713
712 711 713
707 714 713
712 713 714
715 716 717
715 717 718
719 720 721
719 721 722
723 724 725
725 724 726
725 726 727
728 729 730
731 729 728
732 731 728
733 734 735
735 736 733
737 736 735
737 735 738
739 738 735
740 739 735
737 738 741
737 741 742
737 742 743
742 744 743
744 745 743
746 745 744
747 745 746
743 745 748
745 749 748
749 745 750
742 741 751
751 741 752
751 752 753
754 752 741
755 752 754
742 751 756
756 757 742
756 758 757
759 742 757
760 759 757
761 762 763
761 763 764
764 765 761
764 766 765
766 767 765
766 768 767
767 768 769
767 769 770
770 769 771
770 771 772
773 772 771
773 774 772
775 774 773
775 776 774
777 776 775
777 775 778
779 777 778
779 778 780
781 782 783
781 784 782
784 781 785
784 785 786
785 781 787
785 787 788
789 790 791
789 791 792
793 789 792
793 794 789
794 793 795
794 795 796
797 798 799
797 800 798
800 797 801
800 801 802
802 801 803
802 803 804
803 805 804
803 806 805
806 807 805
806 808 807
809 807 808
809 808 810
811 809 810
811 810 812
813 811 812
813 814 811
815 814 813
815 816 814
817 818 819
817 819 820
820 821 817
820 822 821
821 823 817
821 824 823
825 826 827
825 828 826
828 829 826
828 830 829
831 832 833
831 834 832
835 834 831
835 836 834
837 836 835
837 838 836
839 840 841
842 839 841
842 843 839
842 844 843
839 843 845
839 845 846
847 848 849
847 849 850
851 852 853
851 853 854
855 856 857
855 857 858
859 860 861
859 861 862
863 864 865
863 866 864
867 866 863
867 868 866
864 866 869
864 869 870
871 870 869
871 869 872
872 869 873
872 873 874
875 876 877
875 877 878
879 880 881
879 882 880
883 880 882
884 883 882
884 882 885
884 885 886
887 886 885
887 885 888
888 889 887
888 890 889
890 891 889
890 892 891
893 892 890
893 890 894
895 896 897
898 897 896
898 899 897
900 899 898
900 901 899
901 900 902
900 903 902
900 904 903
900 905 904
905 906 904
905 907 906
907 905 908
909 910 911
910 909 912
910 912 913
913 912 914
913 914 915
914 916 915
916 914 917
917 914 918
919 917 918
919 920 917
921 920 919
921 922 920
922 921 923
924 925 926
927 925 924
928 927 924
927 928 929
927 929 930
927 930 931
932 931 930
933 930 929
933 929 934
933 934 935
936 933 935
936 937 933
938 930 933
932 930 938
939 938 933
932 938 939
932 939 940
941 942 943
944 943 942
944 942 945
946 944 945
946 945 947
947 948 946
946 948 949
946 949 950
946 950 951
951 950 952
951 952 953
953 954 951
955 956 957
957 958 955
957 959 958
959 960 958
959 961 960
960 961 962
962 963 960
963 964 960
965 964 963
965 963 966
967 965 966
967 966 968
968 969 967
970 971 972
970 973 971
973 974 971
973 975 974
973 976 975
973 977 976
978 976 977
975 976 979
975 979 980
979 981 980
982 981 979
983 982 979
984 979 976
978 984 976
985 979 984
978 985 984
978 986 985
987 988 989
987 990 988
990 991 988
990 992 991
992 993 991
992 994 993
993 994 995
993 995 996
995 997 996
995 998 997
997 998 999
997 999 1000
1000 999 1001
1000 1001 1002
1001 1003 1002
1001 1004 1003
1004 1005 1003
1004 1006 1005
1005 1006 1007
1005 1007 1008
1008 1007 1009
1008 1009 1010
1009 1011 1010
1009 1012 1011
1011 1012 1013
1011 1013 1014
1014 1013 1015
1014 1015 1016
1017 1016 1015
1017 1015 1018
1019 1017 1018
1019 1020 1017
1019 1021 1020
1019 1022 1021
1023 1024 1025
1023 1026 1024
1027 1026 1023
1027 1023 1028
1029 1027 1028
1029 1030 1027
1031 1030 1029
1031 1032 1030
1033 1032 1031
1033 1031 1034
1035 1033 1034
1035 1036 1033
1037 1036 1035
1037 1035 1038
1039 1037 1038
1039 1038 1040
1041 1039 1040
1041 1040 1042
1043 1041 1042
1043 1044 1041
1045 1044 1043
1045 1043 1046
1047 1045 1046
1047 1046 1048
1049 1047 1048
1049 1050 1047
1051 1050 1049
1051 1049 1052
1051 1052 1053
1051 1053 1054
1053 1055 1054
1053 1056 1055
1056 1057 1055
1056 1058 1057
1059 1060 1061
1059 1061 1062
1063 1062 1061
1063 1061 1064
1065 1063 1064
1065 1066 1063
1067 1066 1065
1067 1068 1066
1069 1068 1067
1069 1070 1068
1071 1070 1069
1071 1069 1072
1073 1071 1072
1073 1074 1071
1075 1074 1073
1075 1076 1074
1077 1076 1075
1077 1075 1078
1079 1077 1078
1079 1078 1080
1081 1079 1080
1081 1082 1079
1083 1082 1081
1083 1084 1082
1085 1084 1083
1085 1083 1086
1087 1088 1089
1087 1090 1088
1087 1091 1090
1087 1092 1091
1093 1091 1092
1093 1094 1091
1095 1094 1093
1095 1096 1094
1097 1098 1099
1097 1099 1100
1101 1102 1103
1101 1104 1102
1105 1104 1101
1105 1101 1106
1107 1105 1106
1107 1108 1105
1109 1108 1107
1109 1110 1108
1111 1110 1109
1111 1109 1112
1113 1111 1112
1113 1114 1111
1115 1114 1113
1115 1113 1116
1117 1115 1116
1117 1116 1118
1119 1117 1118
1119 1118 1120
1121 1119 1120
1121 1122 1119
1123 1122 1121
1123 1121 1124
1125 1123 1124
1125 1124 1126
1127 1125 1126
1127 1128 1125
1129 1128 1127
1129 1127 1130
1129 1130 1131
1129 1131 1132
1131 1133 1132
1131 1134 1133
1134 1135 1133
1134 1136 1135
1137 1138 1139
1137 1139 1140
1141 1142 1143
1141 1144 1142
1142 1144 1145
1142 1145 1146
1146 1145 1147
1146 1147 1148
1147 1149 1148
1147 1150 1149
1149 1150 1151
1149 1151 1152
1151 1153 1152
1151 1154 1153
1154 1155 1153
1154 1156 1155
1156 1157 1155
1156 1158 1157
1157 1158 1159
1157 1159 1160
1159 1161 1160
1159 1162 1161
1162 1163 1161
1162 1164 1163
1163 1164 1165
1163 1165 1166
1165 1167 1166
1165 1168 1167
1168 1169 1167
1168 1170 1169
1171 1169 1170
1171 1172 1169
1173 1172 1171
1173 1171 1174
1173 1174 1175
1173 1175 1176
1177 1178 1179
1177 1179 1180
1181 1177 1180
1181 1180 1182
1183 1181 1182
1183 1182 1184
1185 1183 1184
1185 1184 1186
1187 1185 1186
1187 1188 1185
1189 1188 1187
1189 1187 1190
1191 1189 1190
1191 1192 1189
1193 1192 1191
1193 1194 1192
1195 1194 1193
1195 1193 1196
1197 1195 1196
1197 1196 1198
1199 1197 1198
1199 1200 1197
1201 1200 1199
1201 1202 1200
1203 1202 1201
1203 1201 1204
1205 1203 1204
1205 1206 1203
1205 1207 1206
1205 1208 1207
1207 1208 1209
1207 1209 1210
1210 1209 1211
1210 1211 1212
1213 1214 1215
1213 1216 1214
1217 1214 1216
1217 1218 1214
1219 1218 1217
1219 1217 1220
1221 1219 1220
1221 1220 1222
1223 1221 1222
1223 1222 1224
1225 1223 1224
1225 1226 1223
1227 1226 1225
1227 1225 1228
1229 1227 1228
1229 1228 1230
1231 1229 1230
1231 1232 1229
1233 1232 1231
1233 1234 1232
1235 1234 1233
1235 1233 1236
1237 1235 1236
1237 1236 1238
1239 1237 1238
1239 1240 1237
1241 1242 1243
1241 1243 1244
1241 1244 1245
1241 1245 1246
1247 1246 1245
1247 1245 1248
1249 1247 1248
1249 1248 1250
1251 1252 1253
1251 1253 1254
1255 1256 1257
1255 1257 1258
1259 1255 1258
1259 1258 1260
1261 1259 1260
1261 1260 1262
1263 1261 1262
1263 1262 1264
1265 1263 1264
1265 1266 1263
1267 1266 1265
1267 1265 1268
1269 1267 1268
1269 1270 1267
1271 1270 1269
1271 1272 1270
1273 1272 1271
1273 1274 1272
1275 1274 1273
1275 1273 1276
1277 1275 1276
1277 1278 1275
1279 1278 1277
1279 1280 1278
1281 1280 1279
1281 1279 1282
1283 1281 1282
1283 1284 1281
1283 1285 1284
1283 1286 1285
1285 1286 1287
1285 1287 1288
1288 1287 1289
1288 1289 1290
1291 1292 1293
1291 1293 1294
1295 1296 1297
1295 1297 1298
1299 1300 1301
1299 1301 1302
1303 1304 1305
1303 1305 1306
1307 1308 1309
1307 1309 1310
1311 1312 1313
1311 1313 1314
1315 1316 1317
1315 1317 1318
1319 1320 1321
1319 1321 1322
1323 1322 1321
1323 1321 1324
1325 1323 1324
1325 1326 1323
1326 1325 1327
1326 1327 1328
1329 1330 1331
1329 1331 1332
1333 1334 1335
1333 1335 1336
1337 1338 1339
1337 1340 1338
1341 1340 1337
1341 1337 1342
1343 1341 1342
1343 1342 1344
1344 1345 1343
1346 1345 1344
1347 1348 1349
1347 1349 1350
1351 1350 1349
1351 1349 1352
1353 1351 1352
1353 1352 1354
1353 1354 1355
1355 1354 1356
1357 1358 1359
1357 1359 1360
1361 1357 1360
1361 1360 1362
1362 1363 1361
1362 1364 1363
1365 1363 1364
1365 1364 1366
1367 1365 1366
1367 1366 1368
1369 1370 1371
1372 1369 1371
1369 1372 1373
1369 1373 1374
1373 1375 1374
1376 1374 1375
1377 1378 1379
1377 1379 1380
1381 1377 1380
1381 1382 1377
1383 1382 1381
1383 1381 1384
1385 1386 1387
1385 1387 1388
1387 1389 1388
1387 1390 1389
1390 1391 1389
1390 1392 1391
1391 1392 1393
1391 1393 1394
1393 1395 1394
1393 1396 1395
1397 1398 1399
1397 1399 1400
1397 1400 1401
1397 1401 1402
1402 1401 1403
1402 1403 1404
1405 1406 1407
1405 1407 1408
1408 1407 1409
1408 1409 1410
1411 1410 1409
1412 1413 1414
1412 1414 1415
1416 1417 1418
1416 1419 1417
1420 1419 1416
1420 1421 1419
1421 1420 1422
1423 1424 1425
1423 1425 1426
1427 1423 1426
1427 1426 1428
1429 1427 1428
1430 1427 1429
1430 1429 1431
1431 1432 1430
1433 1430 1432
1433 1434 1430
1435 1434 1433
1435 1433 1436
1437 1438 1439
1437 1439 1440
1437 1440 1441
1437 1441 1442
1443 1442 1441
1443 1441 1444
1443 1444 1445
1444 1446 1445
1444 1447 1446
1444 1448 1447
1447 1448 1449
1447 1449 1450
1451 1452 1453
1451 1454 1452
1455 1452 1454
1455 1454 1456
1457 1458 1459
1457 1459 1460
1461 1462 1463
1461 1463 1464
1465 1466 1467
1465 1468 1466
1469 1466 1468
1469 1468 1470
1471 1472 1473
1471 1474 1472
1475 1474 1471
1475 1471 1476
1477 1475 1476
1477 1476 1478
1479 1477 1478
1479 1478 1480
1481 1482 1483
1481 1484 1482
1484 1485 1482
1484 1486 1485
1486 1487 1485
1486 1488 1487
1487 1488 1489
1487 1489 1490
1491 1492 1493
1491 1493 1494
1495 1496 1497
1495 1497 1498
1499 1500 1501
1499 1502 1500
1503 1502 1499
1503 1499 1504
1505 1503 1504
1505 1504 1506
1507 1505 1506
1507 1508 1505
1509 1510 1511
1509 1512 1510
1512 1513 1510
1512 1514 1513
1514 1515 1513
1514 1516 1515
1516 1517 1515
1516 1518 1517
1519 1520 1521
1519 1521 1522
1523 1524 1525
1523 1525 1526
1527 1528 1529
1527 1529 1530
1531 1530 1529
1531 1529 1532
1533 1531 1532
1533 1534 1531
1535 1534 1533
1535 1536 1534
1537 1538 1539
1537 1539 1540
1541 1542 1543
1541 1544 1542
1545 1544 1541
1545 1546 1544
1547 1546 1545
1547 1548 1546
1549 1548 1547
1549 1550 1548
1551 1552 1553
1551 1553 1554
1555 1556 1557
1555 1558 1556
1558 1559 1556
1558 1560 1559
1561 1559 1560
1561 1560 1562
1562 1563 1561
1562 1564 1563
1564 1565 1563
1564 1566 1565
1567 1568 1569
1567 1570 1568
1570 1571 1568
1570 1572 1571
1573 1571 1572
1573 1574 1571
1573 1575 1574
1573 1576 1575
1576 1577 1575
1576 1578 1577
1579 1580 1581
1579 1581 1582
1583 1584 1585
1583 1585 1586
1587 1588 1589
1587 1590 1588
1591 1590 1587
1591 1592 1590
1593 1594 1595
1593 1595 1596
1596 1595 1597
1596 1597 1598
1599 1600 1601
1599 1601 1602
1602 1601 1603
1604 1605 1606
1604 1606 1607
1604 1607 1608
1609 1610 1611
1609 1611 1612
1612 1611 1613
1612 1613 1614
1615 1616 1617
1615 1617 1618
1618 1619 1615
1618 1620 1619
1621 1619 1620
1621 1622 1619
1623 1624 1625
1623 1625 1626
1627 1623 1626
1628 1627 1626
1628 1626 1629
1628 1630 1627
1628 1631 1630
1632 1633 1634
1632 1634 1635
1632 1635 1636
1632 1636 1637
1632 1637 1638
1639 1637 1636
1639 1636 1640
1641 1642 1643
1641 1643 1644
1645 1644 1643
1645 1646 1644
1646 1645 1647
1648 1649 1650
1648 1650 1651
1652 1648 1651
1652 1651 1653
1654 1652 1653
1654 1653 1655
1656 1657 1658
1656 1658 1659
1659 1658 1660
1659 1660 1661
1656 1659 1662
1663 1656 1662
1663 1662 1664
1665 1666 1667
1665 1668 1666
1666 1668 1669
1670 1666 1669
1670 1671 1666
1672 1670 1669
1672 1673 1670
1674 1675 1676
1674 1677 1675
1677 1674 1678
1677 1678 1679
1680 1679 1678
1681 1682 1683
1681 1683 1684
1684 1683 1685
1684 1685 1686
1687 1688 1689
1687 1689 1690
1691 1692 1693
1691 1694 1692
1695 1694 1691
1695 1691 1696
1697 1698 1699
1697 1699 1700
1701 1702 1703
1701 1703 1704
1705 1706 1707
1705 1707 1708
1709 1710 1711
1709 1712 1710
1713 1712 1709
1713 1714 1712
1715 1716 1717
1715 1717 1718
1719 1720 1721
1719 1721 1722
1721 1723 1722
1721 1724 1723
1725 1726 1727
1725 1727 1728
1729 1730 1731
1729 1731 1732
1732 1731 1733
1732 1733 1734
1735 1736 1737
1735 1738 1736
1739 1738 1735
1740 1736 1738
1740 1741 1736
1739 1742 1738
1743 1742 1739
1741 1740 1744
1741 1744 1745
1746 1740 1738
1746 1738 1742
1743 1747 1742
1748 1747 1743
1749 1745 1744
1749 1750 1745
1751 1749 1744
1740 1752 1744
1751 1744 1752
1740 1746 1752
1753 1751 1752
1753 1752 1754
1746 1754 1752
1755 1753 1754
1756 1746 1742
1746 1756 1754
1756 1742 1747
1748 1757 1747
1758 1757 1748
1758 1759 1757
1760 1757 1759
1761 1747 1757
1760 1761 1757
1761 1756 1747
1761 1760 1762
1762 1763 1755
1756 1764 1754
1756 1761 1764
1761 1762 1764
1762 1755 1764
1755 1754 1764
1765 1766 1767
1765 1768 1766
1765 1769 1768
1770 1771 1772
1770 1772 1773
1770 1773 1774
1775 1776 1777
1775 1777 1778
1778 1777 1779
1778 1779 1780
1781 1780 1779
1781 1779 1782
1783 1784 1785
1783 1785 1786
1786 1785 1787
1786 1787 1788
1789 1788 1787
1789 1787 1790
1791 1792 1793
1791 1794 1792
1795 1794 1791
1795 1796 1794
1797 1796 1795
1797 1795 1798
1799 1800 1801
1799 1802 1800
1803 1802 1799
1803 1804 1802
1804 1803 1805
1804 1805 1806
1807 1808 1809
1807 1809 1810
1810 1809 1811
1810 1811 1812
1813 1812 1811
1813 1811 1814
1815 1816 1817
1815 1818 1816
1815 1819 1818
1815 1820 1819
1815 1821 1820
1815 1822 1821
1815 1823 1822
1815 1824 1823
1825 1826 1827
1825 1827 1828
1828 1827 1829
1828 1829 1830
1830 1829 1831
1830 1831 1832
1833 1832 1831
1833 1831 1834
1833 1834 1835
1833 1835 1836
1837 1836 1835
1837 1838 1836
1838 1837 1839
1838 1839 1840
1840 1839 1841
1840 1841 1842
1842 1841 1843
1842 1843 1844
1844 1843 1845
1844 1845 1846
1847 1848 1849
1847 1850 1848
1851 1850 1847
1851 1852 1850
1853 1854 1855
1853 1855 1856
1857 1858 1859
1857 1859 1860
1859 1861 1860
1859 1862 1861
1863 1864 1865
1863 1865 1866
1867 1868 1869
1867 1869 1870
1870 1869 1871
1870 1871 1872
1873 1874 1875
1873 1876 1874
1873 1877 1876
1873 1878 1877
1878 1879 1877
1878 1880 1879
1879 1880 1881
1879 1881 1882
1883 1884 1885
1883 1886 1884
1883 1887 1886
1883 1888 1887
1888 1889 1887
1888 1890 1889
1889 1890 1891
1889 1891 1892
1893 1894 1895
1893 1896 1894
1893 1897 1896
1893 1898 1897
1898 1899 1897
1898 1900 1899
1901 1899 1900
1901 1900 1902
1903 1904 1905
1903 1905 1906
1907 1908 1909
1907 1909 1910
1911 1912 1913
1911 1913 1914
1915 1914 1913
1915 1916 1914
1915 1917 1916
1915 1918 1917
1918 1919 1917
1918 1920 1919
1919 1920 1921
1919 1921 1922
1923 1922 1921
1923 1924 1922
1925 1926 1927
1925 1928 1926
1925 1929 1928
1925 1930 1929
1930 1931 1929
1930 1932 1931
1931 1932 1933
1931 1933 1934
1935 1936 1937
1935 1937 1938
1939 1940 1941
1939 1941 1942
1943 1944 1945
1943 1945 1946
1947 1946 1945
1947 1948 1946
1947 1949 1948
1947 1950 1949
1950 1951 1949
1950 1952 1951
1951 1952 1953
1951 1953 1954
1955 1954 1953
1955 1956 1954
1957 1958 1959
1957 1960 1958
1961 1960 1957
1961 1957 1962
1963 1961 1962
1963 1962 1964
1963 1964 1965
1963 1965 1966
1967 1968 1969
1967 1969 1970
1971 1972 1973
1971 1973 1974
1975 1976 1977
1975 1978 1976
1979 1976 1978
1979 1978 1980
1981 1979 1980
1981 1980 1982
1981 1982 1983
1981 1983 1984
1985 1986 1987
1985 1987 1988
1989 1990 1991
1989 1991 1992
1993 1994 1995
1993 1995 1996
1997 1998 1999
1997 1999 2000
2001 2002 2003
2001 2003 2004
2005 2006 2007
2005 2007 2008
2009 2010 2011
2009 2011 2012
2009 2012 2013
2009 2013 2014
2015 2014 2013
2015 2013 2016
2017 2018 2019
2017 2020 2018
2021 2018 2020
2021 2022 2018
2022 2021 2023
2022 2023 2024
2025 2026 2027
2025 2027 2028
2025 2028 2029
2025 2029 2030
2031 2030 2029
2031 2032 2030
2033 2034 2035
2033 2035 2036
2037 2033 2036
2037 2038 2033
2037 2039 2038
2037 2040 2039
2041 2042 2043
2041 2043 2044
2041 2044 2045
2041 2045 2046
2045 2047 2046
2045 2048 2047
2049 2050 2051
2049 2052 2050
2053 2052 2049
2053 2054 2052
2053 2055 2054
2053 2056 2055
2057 2055 2056
2057 2058 2055
2059 2058 2057
2059 2057 2060
2059 2060 2061
2059 2061 2062
2061 2063 2062
2061 2064 2063
2065 2066 2067
2065 2068 2066
2066 2068 2069
2066 2069 2070
2071 2070 2069
2071 2072 2070
2071 2073 2072
2071 2074 2073
2073 2074 2075
2073 2075 2076
2077 2076 2075
2077 2078 2076
2077 2079 2078
2077 2080 2079
2081 2082 2083
2081 2083 2084
2085 2081 2084
2085 2086 2081
2087 2086 2085
2087 2085 2088
2089 2090 2091
2089 2091 2092
2089 2092 2093
2089 2093 2094
2094 2093 2095
2094 2095 2096
2097 2098 2099
2097 2099 2100
2101 2102 2103
2101 2103 2104
2105 2106 2107
2105 2107 2108
2105 2108 2109
2105 2109 2110
2110 2109 2111
2110 2111 2112
2113 2112 2111
2113 2111 2114
2115 2116 2117
2118 2115 2117
2119 2118 2117
2119 2117 2120
2121 2122 2123
2121 2124 2122
2124 2125 2122
2125 2126 2122
2127 2128 2129
2127 2129 2130
2131 2132 2133
2131 2133 2134
2135 2136 2137
2135 2137 2138
2139 2140 2141
2139 2141 2142
2143 2144 2145
2143 2145 2146
2147 2148 2149
2147 2149 2150
2151 2152 2153
2151 2154 2152
2155 2154 2151
2154 2156 2152
2155 2157 2154
2157 2156 2154
2158 2157 2155
2157 2159 2156
2158 2160 2157
2157 2160 2159
2161 2160 2158
2162 2159 2160
2161 2162 2160
2163 2164 2165
2163 2165 2166
2167 2168 2169
2167 2169 2170
2171 2172 2173
2171 2173 2174
2175 2176 2177
2175 2177 2178
2179 2175 2178
2180 2178 2177
2179 2178 2181
2180 2181 2178
2179 2181 2182
2183 2181 2180
2181 2184 2182
2183 2184 2181
2182 2184 2185
2186 2184 2183
2186 2185 2184
2187 2188 2189
2187 2190 2188
2191 2190 2187
2191 2187 2192
2193 2191 2192
2193 2192 2194
2194 2195 2193
2194 2196 2195
2196 2197 2195
2196 2198 2197
2199 2197 2198
2199 2200 2197
2201 2200 2199
2201 2202 2200
2203 2204 2205
2203 2205 2206
2207 2203 2206
2207 2206 2208
2207 2208 2209
2207 2209 2210
2210 2209 2211
2210 2211 2212
2211 2213 2212
2211 2214 2213
2213 2214 2215
2213 2215 2216
2215 2217 2216
2215 2218 2217
2219 2220 2221
2219 2221 2222
2219 2222 2223
2219 2223 2224
2225 2224 2223
2225 2226 2224
2227 2226 2225
2227 2228 2226
2229 2228 2227
2229 2230 2228
2229 2231 2230
2229 2232 2231
2232 2233 2231
2232 2234 2233
2235 2236 2237
2235 2237 2238
2239 2240 2241
2239 2241 2242
2243 2242 2241
2243 2244 2242
2243 2245 2244
2243 2246 2245
2246 2247 2245
2246 2248 2247
2248 2249 2247
2248 2250 2249
2250 2251 2249
2250 2252 2251
2252 2253 2251
2252 2254 2253
2255 2256 2257
2255 2257 2258
2259 2260 2261
2259 2261 2262
2263 2264 2265
2263 2265 2266
2267 2268 2269
2267 2269 2270
2271 2272 2273
2271 2273 2274
2275 2276 2277
2275 2277 2278
2279 2280 2281
2279 2282 2280
2283 2280 2282
2283 2284 2280
2285 2284 2283
2285 2283 2286
2286 2287 2285
2286 2288 2287
2289 2290 2291
2289 2291 2292
2293 2294 2295
2293 2295 2296
2297 2298 2299
2297 2299 2300
2301 2297 2300
2301 2302 2297
2303 2302 2301
2303 2304 2302
2304 2303 2305
2306 2304 2305
2307 2308 2309
2307 2310 2308
2311 2308 2310
2311 2312 2308
2313 2312 2311
2313 2314 2312
2313 2315 2314
2315 2316 2314
2317 2318 2319
2317 2320 2318
2321 2320 2317
2321 2322 2320
2322 2321 2323
2322 2323 2324
2325 2324 2323
2325 2326 2324
2327 2326 2325
2327 2328 2326
2329 2330 2331
2332 2330 2329
2329 2333 2332
2329 2334 2333
2333 2334 2335
2336 2335 2334
2337 2338 2339
2337 2340 2338
2341 2340 2337
2341 2337 2342
2343 2341 2342
2343 2344 2341
2345 2346 2347
2345 2348 2346
2346 2348 2349
2346 2349 2350
2350 2349 2351
2350 2351 2352
2351 2353 2352
2351 2354 2353
2353 2354 2355
2353 2355 2356
2357 2358 2359
2357 2360 2358
2357 2361 2360
2357 2362 2361
2362 2363 2361
2362 2364 2363
2365 2366 2367
2365 2368 2366
2368 2369 2366
2368 2370 2369
2371 2369 2370
2372 2373 2374
2372 2374 2375
2376 2377 2378
2376 2378 2379
2380 2376 2379
2380 2379 2381
2381 2382 2380
2383 2384 2385
2383 2386 2384
2387 2386 2383
2387 2388 2386
2389 2388 2387
2390 2389 2387
2390 2391 2389
2391 2390 2392
2393 2392 2390
2393 2390 2394
2395 2393 2394
2395 2396 2393
2397 2398 2399
2397 2400 2398
2397 2401 2400
2397 2402 2401
2403 2401 2402
2403 2404 2401
2403 2405 2404
2404 2405 2406
2404 2406 2407
2404 2407 2408
2407 2409 2408
2407 2410 2409
2411 2412 2413
2411 2413 2414
2415 2414 2413
2415 2416 2414
2417 2418 2419
2417 2419 2420
2421 2422 2423
2421 2423 2424
2425 2426 2427
2425 2427 2428
2429 2428 2427
2429 2430 2428
2431 2432 2433
2431 2433 2434
2435 2431 2434
2435 2436 2431
2437 2436 2435
2437 2438 2436
2439 2438 2437
2439 2440 2438
2441 2442 2443
2441 2443 2444
2444 2443 2445
2444 2445 2446
2446 2445 2447
2446 2447 2448
2447 2449 2448
2447 2450 2449
2451 2452 2453
2451 2453 2454
2455 2456 2457
2455 2457 2458
2459 2460 2461
2459 2461 2462
2463 2459 2462
2463 2464 2459
2465 2464 2463
2465 2466 2464
2467 2466 2465
2467 2465 2468
2469 2470 2471
2469 2471 2472
2472 2471 2473
2472 2473 2474
2474 2473 2475
2474 2475 2476
2476 2475 2477
2476 2477 2478
2479 2480 2481
2479 2481 2482
2483 2484 2485
2483 2485 2486
2487 2488 2489
2487 2490 2488
2491 2488 2490
2491 2492 2488
2493 2492 2491
2493 2491 2494
2495 2493 2494
2495 2494 2496
2497 2498 2499
2497 2499 2500
2501 2502 2503
2501 2503 2504
2505 2501 2504
2505 2504 2506
2507 2505 2506
2507 2506 2508
2509 2507 2508
2509 2508 2510
2511 2512 2513
2511 2513 2514
2515 2516 2517
2515 2517 2518
2518 2517 2519
2518 2519 2520
2521 2520 2519
2521 2522 2520
2522 2521 2523
2522 2523 2524
2524 2523 2525
2524 2525 2526
2527 2528 2529
2527 2529 2530
2530 2529 2531
2530 2531 2532
2533 2532 2531
2533 2531 2534
2533 2534 2535
2533 2535 2536
2536 2535 2537
2536 2537 2538
2539 2540 2541
2539 2541 2542
2543 2544 2545
2543 2545 2546
2547 2548 2549
2547 2549 2550
2551 2547 2550
2551 2550 2552
2553 2554 2555
2553 2556 2554
2556 2557 2554
2556 2558 2557
2559 2560 2561
2559 2562 2560
2562 2563 2560
2564 2565 2566
2564 2567 2565
2564 2568 2567
2569 2570 2571
2569 2572 2570
2572 2573 2570
2572 2574 2573
2575 2576 2577
2575 2578 2576
2578 2575 2579
2578 2579 2580
2581 2580 2579
2581 2579 2582
2583 2584 2585
2583 2586 2584
2587 2586 2583
2588 2586 2587
2588 2589 2586
2588 2587 2590
2588 2590 2591
2592 2593 2594
2592 2595 2593
2592 2596 2595
2592 2597 2596
2592 2598 2597
2599 2596 2597
2599 2600 2596
2601 2602 2603
2601 2604 2602
2605 2602 2604
2605 2604 2606
2606 2607 2605
2608 2609 2610
2608 2611 2609
2612 2611 2608
2612 2613 2611
2614 2613 2612
2614 2615 2613
2616 2617 2618
2616 2619 2617
2619 2620 2617
2619 2621 2620
2616 2622 2619
2623 2622 2616
2623 2624 2622
2625 2626 2627
2625 2627 2628
2627 2629 2628
2630 2629 2627
2630 2627 2631
2632 2629 2630
2632 2630 2633
2634 2635 2636
2634 2636 2637
2637 2638 2634
2637 2639 2638
2640 2638 2639
2641 2642 2643
2641 2644 2642
2644 2645 2642
2644 2646 2645
2647 2648 2649
2647 2649 2650
2651 2652 2653
2651 2653 2654
2655 2651 2654
2655 2656 2651
2657 2658 2659
2657 2659 2660
2661 2662 2663
2661 2663 2664
2665 2666 2667
2665 2667 2668
2669 2670 2671
2669 2671 2672
2673 2669 2672
2673 2672 2674
2675 2676 2677
2675 2677 2678
2679 2680 2681
2679 2682 2680
2680 2682 2683
2680 2683 2684
2685 2686 2687
2685 2687 2688
2689 2690 2691
2689 2692 2690
2692 2693 2690
2692 2694 2693
2695 2696 2697
2695 2697 2698
2699 2695 2698
2700 2698 2697
2700 2697 2701
2699 2698 2702
2703 2699 2702
2701 2704 2700
2701 2705 2704
2706 2698 2700
2706 2702 2698
2703 2702 2707
2708 2703 2707
2709 2704 2705
2709 2705 2710
2711 2704 2709
2700 2704 2712
2711 2712 2704
2700 2712 2706
2713 2712 2711
2713 2714 2712
2706 2712 2714
2715 2714 2713
2716 2702 2706
2706 2714 2716
2716 2707 2702
2708 2707 2717
2718 2708 2717
2718 2717 2719
2720 2719 2717
2721 2717 2707
2720 2717 2721
2721 2707 2716
2721 2722 2720
2722 2715 2723
2716 2714 2724
2716 2724 2721
2721 2724 2722
2722 2724 2715
2715 2724 2714
2725 2726 2727
2725 2727 2728
2725 2728 2729
2730 2731 2732
2730 2733 2731
2730 2734 2733
2735 2736 2737
2735 2738 2736
2738 2739 2736
2738 2740 2739
2741 2739 2740
2741 2742 2739
2743 2744 2745
2743 2746 2744
2746 2747 2744
2746 2748 2747
2749 2747 2748
2749 2750 2747
2751 2752 2753
2751 2753 2754
2755 2751 2754
2755 2754 2756
2757 2755 2756
2757 2758 2755
2759 2760 2761
2759 2761 2762
2763 2759 2762
2763 2762 2764
2764 2765 2763
2764 2766 2765
2767 2768 2769
2767 2770 2768
2770 2771 2768
2770 2772 2771
2773 2771 2772
2773 2774 2771
2775 2776 2777
2775 2777 2778
2775 2778 2779
2775 2779 2780
2775 2780 2781
2775 2781 2782
2775 2782 2783
2775 2783 2784
2785 2786 2787
2785 2788 2786
2788 2789 2786
2788 2790 2789
2790 2791 2789
2790 2792 2791
2793 2791 2792
2793 2794 2791
2793 2795 2794
2793 2796 2795
2797 2795 2796
2797 2796 2798
2798 2799 2797
2798 2800 2799
2800 2801 2799
2800 2802 2801
2802 2803 2801
2802 2804 2803
2804 2805 2803
2804 2806 2805
2807 2808 2809
2807 2809 2810
2811 2807 2810
2811 2810 2812
2813 2814 2815
2813 2815 2816
2817 2818 2819
2817 2820 2818
2818 2820 2821
2818 2821 2822
2823 2824 2825
2823 2825 2826
2827 2828 2829
2827 2830 2828
2830 2831 2828
2830 2832 2831
2833 2834 2835
2833 2835 2836
2833 2836 2837
2833 2837 2838
2838 2837 2839
2838 2839 2840
2839 2841 2840
2839 2842 2841
2843 2844 2845
2843 2845 2846
2843 2846 2847
2843 2847 2848
2848 2847 2849
2848 2849 2850
2849 2851 2850
2849 2852 2851
2853 2854 2855
2853 2855 2856
2853 2856 2857
2853 2857 2858
2858 2857 2859
2858 2859 2860
2861 2860 2859
2861 2862 2860
2863 2864 2865
2863 2865 2866
2867 2868 2869
2867 2869 2870
2871 2872 2873
2871 2874 2872
2875 2872 2874
2875 2874 2876
2875 2876 2877
2875 2877 2878
2878 2877 2879
2878 2879 2880
2879 2881 2880
2879 2882 2881
2883 2881 2882
2883 2882 2884
2885 2886 2887
2885 2887 2888
2885 2888 2889
2885 2889 2890
2890 2889 2891
2890 2891 2892
2891 2893 2892
2891 2894 2893
2895 2896 2897
2895 2897 2898
2899 2900 2901
2899 2901 2902
2903 2904 2905
2903 2906 2904
2907 2904 2906
2907 2906 2908
2907 2908 2909
2907 2909 2910
2910 2909 2911
2910 2911 2912
2911 2913 2912
2911 2914 2913
2915 2913 2914
2915 2914 2916
2917 2918 2919
2917 2919 2920
2921 2917 2920
2921 2922 2917
2923 2922 2921
2923 2924 2922
2923 2925 2924
2923 2926 2925
2927 2928 2929
2927 2929 2930
2931 2932 2933
2931 2933 2934
2935 2936 2937
2935 2937 2938
2939 2938 2937
2939 2940 2938
2941 2940 2939
2941 2942 2940
2941 2943 2942
2941 2944 2943
2945 2946 2947
2945 2947 2948
2949 2950 2951
2949 2951 2952
2953 2954 2955
2953 2955 2956
2957 2958 2959
2957 2959 2960
2961 2962 2963
2961 2963 2964
2965 2966 2967
2965 2967 2968
2969 2970 2971
2969 2972 2970
2969 2973 2972
2969 2974 2973
2975 2973 2974
2975 2976 2973
2977 2978 2979
2977 2979 2980
2981 2980 2979
2981 2979 2982
2982 2983 2981
2982 2984 2983
2985 2986 2987
2985 2988 2986
2985 2989 2988
2985 2990 2989
2991 2989 2990
2991 2990 2992
2993 2994 2995
2993 2996 2994
2997 2996 2993
2997 2993 2998
2997 2998 2999
2997 2999 3000
3001 3002 3003
3001 3004 3002
3001 3005 3004
3001 3006 3005
3005 3006 3007
3005 3007 3008
3009 3010 3011
3009 3011 3012
3013 3009 3012
3013 3012 3014
3013 3014 3015
3013 3015 3016
3017 3016 3015
3017 3015 3018
3019 3017 3018
3019 3020 3017
3019 3021 3020
3019 3022 3021
3021 3022 3023
3021 3023 3024
3025 3026 3027
3025 3027 3028
3027 3029 3028
3027 3030 3029
3031 3029 3030
3031 3030 3032
3031 3032 3033
3031 3033 3034
3033 3035 3034
3033 3036 3035
3037 3035 3036
3037 3036 3038
3037 3038 3039
3037 3039 3040
3041 3042 3043
3041 3044 3042
3045 3044 3041
3045 3041 3046
3047 3045 3046
3047 3048 3045
3049 3050 3051
3049 3052 3050
3049 3053 3052
3049 3054 3053
3054 3055 3053
3054 3056 3055
3057 3058 3059
3057 3059 3060
3061 3062 3063
3061 3063 3064
3065 3066 3067
3065 3068 3066
3065 3069 3068
3065 3070 3069
3070 3071 3069
3070 3072 3071
3073 3071 3072
3073 3074 3071
3075 3076 3077
3078 3076 3075
3079 3076 3078
3079 3080 3076
3081 3082 3083
3081 3083 3084
3084 3083 3085
3085 3083 3086
3087 3088 3089
3087 3089 3090
3091 3092 3093
3091 3093 3094
3095 3096 3097
3095 3097 3098
3099 3100 3101
3099 3101 3102
3103 3104 3105
3103 3105 3106
3107 3108 3109
3107 3109 3110
3111 3112 3113
3111 3113 3114
3115 3111 3114
3114 3113 3116
3115 3114 3117
3117 3114 3116
3118 3115 3117
3117 3116 3119
3118 3117 3120
3117 3119 3120
3121 3118 3120
3122 3120 3119
3121 3120 3122
3123 3124 3125
3123 3125 3126
3127 3128 3129
3127 3129 3130
3131 3132 3133
3131 3133 3134
3135 3136 3137
3135 3138 3136
3139 3138 3135
3140 3136 3138
3139 3141 3138
3140 3138 3141
3139 3142 3141
3143 3140 3141
3141 3142 3144
3143 3141 3144
3142 3145 3144
3146 3143 3144
3146 3144 3145
3147 3148 3149
3147 3149 3150
3151 3147 3150
3151 3152 3147
3153 3152 3151
3153 3154 3152
3154 3153 3155
3154 3155 3156
3156 3155 3157
3156 3157 3158
3159 3158 3157
3159 3157 3160
3161 3159 3160
3161 3160 3162
3163 3164 3165
3163 3166 3164
3167 3166 3163
3167 3168 3166
3167 3169 3168
3167 3170 3169
3170 3171 3169
3170 3172 3171
3171 3172 3173
3171 3173 3174
3173 3175 3174
3173 3176 3175
3175 3176 3177
3175 3177 3178
3179 3180 3181
3179 3182 3180
3179 3183 3182
3179 3184 3183
3185 3183 3184
3185 3184 3186
3187 3185 3186
3187 3186 3188
3189 3187 3188
3189 3188 3190
3189 3190 3191
3189 3191 3192
3192 3191 3193
3192 3193 3194
3195 3196 3197
3195 3197 3198
3199 3200 3201
3199 3202 3200
3203 3200 3202
3203 3202 3204
3203 3204 3205
3203 3205 3206
3206 3205 3207
3206 3207 3208
3208 3207 3209
3208 3209 3210
3210 3209 3211
3210 3211 3212
3212 3211 3213
3212 3213 3214
3215 3216 3217
3215 3217 3218
3219 3220 3221
3219 3221 3222
3223 3224 3225
3223 3225 3226
3227 3228 3229
3227 3229 3230
3231 3232 3233
3231 3233 3234
3235 3236 3237
3235 3237 3238
3239 3240 3241
3239 3241 3242
3243 3244 3245
3243 3245 3246
3247 3248 3249
3247 3249 3250
3251 3252 3253
3251 3253 3254
3255 3256 3257
3255 3257 3258
3259 3260 3261
3259 3261 3262
3263 3264 3265
3263 3265 3266
3267 3268 3269
3267 3269 3270
3271 3272 3273
3271 3273 3274
3275 3276 3277
3275 3277 3278
3279 3280 3281
3279 3281 3282
3283 3284 3285
3283 3285 3286
3287 3288 3289
3287 3289 3290
3291 3292 3293
3291 3293 3294
3295 3296 3297
3295 3297 3298
3299 3300 3301
3299 3301 3302
3303 3304 3305
3303 3305 3306
3307 3308 3309
3307 3309 3310
3311 3312 3313
3311 3313 3314
3315 3316 3317
3315 3317 3318
3319 3320 3321
3319 3321 3322
3323 3324 3325
3323 3325 3326
3327 3328 3329
3327 3329 3330
3331 3332 3333
3331 3333 3334
3335 3336 3337
3335 3337 3338
3339 3340 3341
3339 3341 3342
3343 3344 3345
3343 3345 3346
3347 3348 3349
3347 3349 3350
3351 3352 3353
3351 3353 3354
3355 3356 3357
3355 3357 3358
3359 3360 3361
3359 3361 3362
3363 3364 3365
3363 3365 3366
3367 3368 3369
3367 3369 3370
3371 3372 3373
3371 3373 3374
3375 3376 3377
3375 3377 3378
3379 3380 3381
3379 3381 3382
3383 3384 3385
3383 3385 3386
3387 3388 3389
3387 3389 3390
3391 3392 3393
3391 3393 3394
3395 3396 3397
3395 3397 3398
3399 3400 3401
3399 3401 3402
3403 3404 3405
3403 3405 3406
3407 3408 3409
3407 3409 3410
3411 3412 3413
3411 3413 3414
3415 3416 3417
3415 3417 3418
3419 3420 3421
3419 3421 3422
3423 3424 3425
3423 3425 3426
3427 3428 3429
3427 3429 3430
3431 3432 3433
3431 3433 3434
3435 3436 3437
3435 3437 3438
3439 3440 3441
3439 3441 3442
3443 3444 3445
3443 3445 3446
3447 3448 3449
3447 3449 3450
3451 3452 3453
3451 3453 3454
3455 3456 3457
3455 3457 3458
3455 3458 3459
3455 3459 3460
3455 3460 3461
3462 3461 3460
3462 3460 3463
3460 3464 3463
3460 3465 3464
3459 3465 3460
3466 3464 3465
3458 3467 3459
3459 3467 3465
3458 3468 3467
3466 3465 3469
3469 3465 3467
3470 3466 3469
3470 3469 3471
3472 3471 3469
3473 3467 3468
3469 3467 3473
3472 3469 3473
3473 3468 3474
3472 3473 3474
3472 3474 3475
3472 3475 3476
3477 3478 3479
3477 3479 3480
3481 3482 3483
3483 3482 3484
3483 3484 3485
3486 3484 3482
3486 3487 3484
3488 3484 3487
3489 3485 3484
3488 3490 3484
3489 3484 3490
3491 3489 3490
3492 3493 3494
3492 3494 3495
3496 3497 3498
3496 3499 3497
3496 3500 3499
3501 3499 3500
3502 3503 3504
3505 3502 3504
3505 3506 3502
3505 3507 3506
3505 3508 3507
3508 3509 3507
3510 3511 3512
3510 3512 3513
3510 3513 3514
3515 3514 3513
3516 3517 3518
3519 3516 3518
3519 3520 3516
3519 3521 3520
3519 3522 3521
3521 3522 3523
3520 3524 3516
3525 3520 3521
3525 3524 3520
3516 3524 3526
3526 3524 3525
3516 3526 3527
3521 3523 3528
3528 3525 3521
3523 3529 3528
3523 3530 3529
3528 3531 3525
3525 3531 3526
3529 3531 3528
3526 3531 3532
3532 3531 3529
3530 3533 3529
3534 3533 3530
3533 3534 3535
3533 3535 3536
3529 3533 3537
3532 3529 3537
3526 3532 3538
3539 3526 3538
3540 3538 3532
3537 3540 3532
3539 3538 3541
3539 3541 3542
3542 3543 3539
3544 3543 3542
3542 3545 3544
3542 3546 3545
3545 3547 3544
3548 3547 3545
3548 3549 3547
3549 3548 3537
3549 3537 3550
3537 3533 3550
3551 3550 3533
3552 3553 3554
3552 3554 3555
3555 3554 3556
3555 3556 3557
3558 3559 3560
3558 3560 3561
3561 3560 3562
3561 3562 3563
3564 3565 3566
3564 3566 3567
3567 3566 3568
3567 3568 3569
3570 3571 3572
3570 3572 3573
3573 3572 3574
3573 3574 3575
3576 3577 3578
3576 3579 3577
3577 3579 3580
3576 3581 3579
3582 3581 3576
3579 3581 3583
3584 3585 3586
3584 3586 3587
3588 3589 3590
3588 3591 3589
3591 3592 3589
3591 3593 3592
3593 3594 3592
3593 3595 3594
3595 3596 3594
3595 3597 3596
3597 3598 3596
3597 3599 3598
3599 3600 3598
3599 3601 3600
3601 3602 3600
3601 3603 3602
3603 3604 3602
3605 3606 3607
3605 3607 3608
3609 3610 3611
3612 3610 3609
3612 3609 3613
3612 3613 3614
3612 3614 3615
3614 3616 3615
3613 3609 3617
3618 3614 3613
3618 3613 3617
3609 3619 3617
3619 3618 3617
3609 3620 3619
3614 3621 3616
3621 3614 3618
3616 3621 3622
3616 3622 3623
3621 3618 3624
3618 3619 3624
3622 3621 3624
3619 3625 3624
3625 3622 3624
3623 3622 3626
3627 3623 3626
3626 3628 3627
3626 3629 3628
3630 3626 3622
3625 3630 3622
3631 3625 3619
3632 3631 3619
3625 3631 3633
3625 3633 3630
3632 3634 3631
3632 3635 3634
3635 3632 3636
3637 3635 3636
3635 3637 3638
3635 3638 3639
3638 3637 3640
3641 3638 3640
3641 3640 3642
3642 3630 3641
3642 3643 3630
3630 3643 3626
3644 3626 3643
3645 3646 3647
3645 3648 3646
3648 3649 3646
3648 3650 3649
3651 3652 3653
3651 3654 3652
3654 3655 3652
3654 3656 3655
3657 3658 3659
3657 3660 3658
3660 3661 3658
3660 3662 3661
3663 3664 3665
3663 3666 3664
3666 3667 3664
3666 3668 3667
3669 3670 3671
3669 3671 3672
3671 3673 3672
3669 3672 3674
3675 3669 3674
3672 3676 3674
3677 3678 3679
3677 3679 3680
3681 3682 3683
3681 3683 3684
3684 3683 3685
3684 3685 3686
3686 3685 3687
3686 3687 3688
3688 3687 3689
3688 3689 3690
3690 3689 3691
3690 3691 3692
3692 3691 3693
3692 3693 3694
3695 3694 3693
3695 3696 3694
3696 3695 3697
3698 3699 3700
3701 3698 3700
3701 3702 3698
3703 3701 3700
3703 3700 3704
3703 3704 3705
3703 3705 3706
3707 3706 3705
3707 3705 3708
3708 3709 3707
3708 3710 3709
3709 3710 3711
3709 3711 3712
3711 3710 3713
3714 3715 3716
3717 3714 3716
3718 3717 3716
3717 3718 3719
3720 3714 3717
3720 3721 3714
3720 3722 3721
3723 3717 3719
3724 3723 3719
3723 3724 3725
3720 3726 3722
3726 3727 3722
3726 3728 3727
3729 3720 3717
3729 3726 3720
3729 3717 3723
3730 3728 3726
3729 3730 3726
3730 3731 3728
3732 3729 3723
3732 3730 3729
3733 3731 3730
3732 3733 3730
3733 3734 3731
3735 3734 3733
3723 3725 3736
3732 3723 3736
3735 3733 3737
3737 3733 3732
3725 3738 3736
3725 3739 3738
3740 3738 3739
3741 3732 3736
3737 3732 3741
3741 3736 3738
3735 3737 3742
3735 3742 3743
3742 3744 3743
3737 3741 3745
3745 3741 3738
3737 3745 3742
3740 3746 3738
3745 3738 3746
3740 3747 3746
3742 3748 3744
3745 3748 3742
3747 3749 3746
3747 3750 3749
3749 3750 3751
3752 3745 3746
3745 3752 3748
3752 3746 3749
3748 3752 3753
3753 3752 3749
3744 3748 3754
3748 3753 3754
3744 3754 3755
3756 3755 3754
3749 3751 3757
3753 3749 3757
3758 3757 3751
3753 3757 3758
3758 3751 3759
3756 3754 3760
3760 3754 3753
3753 3758 3761
3760 3753 3761
3762 3758 3759
3761 3758 3762
3762 3759 3763
3764 3762 3763
3756 3760 3765
3756 3765 3766
3765 3767 3766
3760 3761 3768
3761 3762 3768
3760 3768 3765
3764 3769 3762
3768 3762 3769
3764 3770 3769
3765 3771 3767
3768 3771 3765
3771 3772 3767
3770 3773 3769
3770 3774 3773
3774 3775 3773
3768 3769 3776
3768 3776 3771
3776 3769 3773
3771 3777 3772
3776 3777 3771
3777 3778 3772
3777 3779 3778
3776 3780 3777
3780 3779 3777
3776 3773 3780
3780 3781 3779
3780 3782 3781
3780 3773 3782
3775 3782 3773
3775 3783 3782
3784 3785 3786
3784 3787 3785
3785 3787 3788
3785 3788 3789
3788 3790 3789
3788 3791 3790
3790 3791 3792
3790 3792 3793
3793 3792 3794
3793 3794 3795
3795 3794 3796
3795 3796 3797
3796 3798 3797
3796 3799 3798
3798 3799 3800
3800 3801 3798
3800 3802 3801
3802 3803 3801
3802 3804 3803
3803 3804 3805
3803 3805 3806
3807 3806 3805
3807 3805 3808
3809 3807 3808
3809 3808 3810
3811 3809 3810
3811 3810 3812
3813 3811 3812
3813 3812 3814
3815 3813 3814
3815 3814 3816
3817 3815 3816
3817 3816 3818
3819 3820 3821
3819 3822 3820
3822 3819 3823
3824 3820 3822
3824 3825 3820
3826 3825 3824
3826 3824 3827
3828 3827 3824
3829 3824 3822
3829 3828 3824
3822 3823 3830
3829 3822 3830
3831 3828 3829
3832 3829 3830
3832 3831 3829
3832 3833 3831
3828 3831 3834
3831 3833 3834
3828 3834 3835
3833 3836 3834
3837 3836 3833
3837 3838 3836
3837 3839 3838
3839 3840 3838
3839 3841 3840
3842 3830 3823
3832 3830 3843
3843 3830 3842
3823 3844 3842
3823 3845 3844
3842 3844 3846
3843 3842 3846
3846 3844 3847
3833 3832 3848
3848 3832 3843
3849 3846 3847
3849 3847 3850
3849 3850 3851
3850 3852 3851
3851 3852 3853
3854 3843 3846
3846 3849 3855
3846 3855 3854
3856 3849 3851
3856 3855 3849
3854 3857 3843
3848 3843 3857
3858 3854 3855
3858 3857 3854
3859 3851 3853
3859 3856 3851
3859 3853 3860
3853 3861 3860
3862 3861 3853
3862 3863 3861
3861 3863 3864
3861 3864 3865
3866 3865 3864
3866 3864 3867
3868 3856 3859
3869 3866 3867
3869 3867 3870
3869 3871 3866
3869 3870 3872
3869 3873 3871
3869 3872 3874
3875 3871 3873
3876 3874 3872
3876 3872 3877
3875 3878 3871
3877 3879 3876
3880 3876 3879
3880 3881 3876
3882 3881 3880
3883 3882 3880
3883 3884 3882
3875 3885 3878
3878 3885 3868
3885 3856 3868
3884 3886 3875
3883 3886 3884
3875 3886 3885
3880 3879 3887
3879 3888 3887
3889 3880 3887
3880 3889 3890
3883 3880 3890
3891 3883 3890
3883 3891 3892
3893 3856 3885
3893 3855 3856
3858 3855 3893
3894 3885 3886
3894 3893 3885
3886 3883 3895
3883 3892 3895
3886 3895 3894
3892 3896 3895
3894 3895 3896
3892 3897 3896
3896 3897 3898
3899 3893 3894
3899 3858 3893
3894 3896 3899
3896 3898 3900
3901 3900 3898
3899 3902 3858
3858 3902 3857
3896 3903 3899
3896 3900 3903
3899 3903 3902
3901 3904 3900
3904 3903 3900
3904 3901 3905
3906 3904 3905
3907 3857 3902
3907 3848 3857
3908 3902 3903
3904 3908 3903
3908 3907 3902
3906 3909 3904
3908 3904 3909
3848 3907 3910
3910 3907 3908
3911 3909 3906
3911 3906 3912
3913 3911 3912
3908 3909 3914
3910 3908 3914
3915 3914 3909
3915 3909 3911
3913 3916 3911
3913 3917 3916
3917 3918 3916
3917 3919 3918
3919 3920 3918
3848 3910 3921
3833 3848 3921
3833 3921 3922
3910 3922 3921
3833 3922 3837
3914 3923 3910
3910 3923 3922
3914 3915 3923
3924 3837 3922
3923 3924 3922
3924 3839 3837
3915 3925 3923
3923 3925 3924
3926 3839 3924
3926 3841 3839
3927 3926 3924
3925 3927 3924
3926 3928 3841
3841 3928 3929
3930 3841 3929
3930 3929 3931
3929 3932 3931
3929 3933 3932
3934 3932 3933
3934 3935 3932
3936 3927 3925
3937 3935 3934
3937 3938 3935
3937 3934 3939
3940 3938 3937
3937 3939 3941
3940 3942 3938
3943 3941 3939
3943 3939 3936
3943 3936 3925
3944 3942 3940
3944 3945 3942
3945 3944 3946
3943 3925 3947
3915 3947 3925
3947 3915 3911
3948 3943 3947
3947 3911 3916
3916 3948 3947
3916 3949 3948
3916 3918 3949
3918 3946 3944
3949 3918 3950
3918 3944 3950
3920 3946 3918
3920 3951 3946
3952 3953 3954
3952 3955 3953
3956 3953 3955
3957 3953 3956
3958 3959 3960
3961 3959 3958
3961 3958 3962
3963 3964 3965
3965 3966 3963
3965 3967 3966
3965 3968 3967
3969 3967 3968
3969 3970 3967
3971 3967 3970
3966 3972 3963
3972 3966 3967
3963 3972 3973
3971 3974 3967
3972 3967 3974
3975 3973 3972
3973 3975 3976
3973 3976 3977
3978 3976 3975
3972 3974 3979
3975 3972 3979
3978 3975 3980
3981 3978 3980
3975 3979 3982
3975 3982 3980
3979 3974 3983
3979 3983 3982
3984 3974 3971
3984 3983 3974
3981 3980 3985
3986 3981 3985
3980 3987 3985
3980 3982 3987
3987 3986 3985
3988 3984 3971
3971 3989 3988
3988 3990 3984
3982 3991 3987
3982 3983 3991
3987 3992 3986
3991 3992 3987
3993 3984 3990
3993 3990 3994
3994 3995 3993
3996 3984 3993
3996 3983 3984
3995 3996 3993
3983 3996 3997
3983 3997 3991
3997 3996 3995
3998 3986 3992
3998 3999 3986
3991 4000 3992
3992 4000 3998
3991 3997 4000
4000 4001 3998
4001 4000 4002
3997 4002 4000
4001 4002 4003
3997 4004 4002
3997 3995 4004
4005 4004 3995
4006 4007 4008
4006 4008 4009
4009 4008 4010
4011 4009 4010
4012 4011 4010
4012 4013 4011
4013 4012 4014
4013 4014 4015
4014 4016 4015
4014 4017 4016
4018 4016 4017
4018 4019 4016
4020 4019 4018
4020 4018 4021
4021 4022 4020
4021 4023 4022
4022 4023 4024
4024 4023 4025
4026 4024 4025
4026 4025 4027
4028 4029 4030
4028 4030 4031
4031 4030 4032
4031 4032 4033
4034 4028 4031
4034 4031 4033
4034 4035 4028
4034 4033 4036
4037 4035 4034
4037 4034 4036
4037 4038 4035
4037 4036 4039
4040 4038 4037
4040 4037 4039
4040 4041 4038
4040 4039 4042
4043 4041 4040
4043 4040 4042
4043 4044 4041
4043 4042 4045
4046 4044 4043
4046 4043 4045
4046 4047 4044
4046 4045 4048
4049 4047 4046
4049 4046 4048
4049 4048 4050
4049 4051 4047
4052 4051 4049
4053 4049 4050
4053 4052 4049
4052 4054 4051
4054 4052 4055
4056 4052 4053
4057 4055 4052
4056 4058 4052
4057 4052 4058
4059 4058 4056
4060 4057 4058
4059 4060 4058
4060 4061 4057
4062 4061 4060
4063 4060 4059
4062 4060 4063
4063 4059 4064
4062 4063 4065
4064 4066 4063
4063 4066 4065
4067 4068 4069
4067 4069 4070
4070 4069 4071
4072 4067 4070
4070 4071 4073
4072 4070 4074
4074 4070 4073
4075 4072 4074
4074 4073 4076
4075 4074 4077
4077 4074 4076
4078 4075 4077
4077 4076 4079
4078 4077 4080
4080 4077 4079
4080 4079 4081
4082 4078 4080
4083 4080 4081
4082 4080 4083
4083 4081 4084
4084 4085 4083
4085 4082 4083
4084 4086 4085
4085 4087 4082
4087 4088 4082
4087 4085 4089
4089 4085 4090
4090 4085 4086
4086 4091 4090
4092 4088 4087
4093 4090 4091
4090 4093 4094
4092 4087 4095
4087 4089 4095
4096 4092 4095
4096 4097 4092
4089 4090 4098
4094 4098 4090
4099 4094 4093
4099 4093 4100
4099 4100 4101
4099 4101 4102
4102 4101 4103
4095 4089 4104
4095 4104 4096
4105 4097 4096
4105 4106 4097
4094 4099 4107
4107 4099 4102
4102 4103 4108
4108 4103 4109
4107 4102 4110
4110 4102 4108
4110 4108 4111
4108 4109 4112
4111 4108 4112
4112 4109 4113
4111 4112 4114
4112 4113 4115
4114 4112 4115
4115 4113 4116
4114 4115 4117
4115 4116 4118
4117 4115 4118
4117 4118 4119
4120 4107 4121
4122 4120 4121
4094 4107 4120
4122 4123 4120
4123 4094 4120
4124 4123 4122
4124 4122 4125
4123 4126 4094
4124 4126 4123
4094 4126 4098
4127 4124 4125
4127 4125 4128
4124 4129 4126
4127 4129 4124
4130 4127 4128
4130 4128 4131
4130 4131 4132
4127 4133 4129
4133 4127 4130
4130 4132 4134
4135 4134 4132
4135 4136 4134
4137 4134 4136
4130 4134 4138
4137 4138 4134
4133 4130 4138
4139 4138 4137
4139 4133 4138
4129 4133 4139
4129 4139 4140
4129 4140 4126
4140 4141 4126
4098 4126 4141
4098 4141 4142
4142 4089 4098
4142 4143 4089
4089 4143 4144
4104 4089 4144
4104 4144 4145
4104 4145 4146
4096 4104 4146
4146 4145 4147
4096 4146 4105
4146 4147 4148
4105 4146 4148
4147 4149 4148
4147 4150 4149
4151 4149 4150
4151 4152 4149
4105 4148 4153
4153 4148 4149
4153 4149 4152
4153 4106 4105
4153 4152 4154
4153 4154 4106
4155 4156 4157
4155 4157 4158
4159 4158 4157
4155 4158 4160
4161 4155 4160
4159 4162 4158
4163 4162 4159
4163 4164 4162
4165 4164 4163
4165 4166 4164
4167 4166 4165
4167 4168 4166
4169 4168 4167
4169 4170 4168
4171 4170 4169
4171 4172 4170
4171 4173 4172
4171 4174 4173
4174 4175 4173
4174 4176 4175
4176 4177 4175
4176 4178 4177
4178 4179 4177
4178 4180 4179
4180 4181 4179
4180 4182 4181
4182 4183 4181
4182 4184 4183
4185 4183 4184
4185 4184 4186
4185 4187 4183
4188 4187 4185
4189 4190 4191
4189 4192 4190
4192 4193 4190
4192 4194 4193
4194 4195 4193
4194 4196 4195
4196 4197 4195
4196 4198 4197
4198 4199 4197
4198 4200 4199
4200 4201 4199
4200 4202 4201
4202 4203 4201
4202 4204 4203
4205 4203 4204
4205 4206 4203
4207 4206 4205
4207 4208 4206
4209 4208 4207
4209 4210 4208
4211 4210 4209
4211 4212 4210
4213 4212 4211
4213 4214 4212
4215 4214 4213
4215 4216 4214
4217 4216 4215
4217 4218 4216
4219 4220 4221
4219 4222 4220
4222 4223 4220
4222 4224 4223
4225 4223 4224
4225 4224 4226
4225 4227 4223
4228 4229 4230
4228 4231 4229
4232 4231 4228
4232 4228 4233
4234 4235 4236
4236 4235 4237
4236 4237 4238
4236 4238 4239
4240 4238 4237
4240 4241 4238
4242 4241 4240
4242 4243 4241
4244 4243 4242
4244 4245 4243
4246 4245 4244
4246 4247 4245
4248 4247 4246
4248 4249 4247
4250 4249 4248
4250 4251 4249
4250 4252 4251
4250 4253 4252
4253 4254 4252
4253 4255 4254
4255 4256 4254
4255 4257 4256
4257 4258 4256
4257 4259 4258
4259 4260 4258
4259 4261 4260
4261 4262 4260
4261 4263 4262
4264 4262 4263
4264 4265 4262
4264 4263 4266
4267 4264 4266
4268 4269 4270
4268 4270 4271
4271 4272 4268
4271 4270 4273
4271 4274 4272
4274 4275 4272
4271 4273 4276
4276 4274 4271
4274 4277 4275
4277 4278 4275
4273 4279 4276
4273 4280 4279
4276 4281 4274
4281 4277 4274
4281 4276 4279
4277 4282 4278
4283 4278 4282
4280 4284 4279
4280 4285 4284
4286 4284 4285
4286 4285 4287
4288 4286 4287
4288 4287 4289
4284 4290 4279
4281 4279 4290
4284 4291 4290
4281 4292 4277
4292 4282 4277
4290 4292 4281
4291 4293 4290
4290 4293 4292
4291 4294 4293
4292 4295 4282
4293 4295 4292
4295 4283 4282
4294 4296 4293
4293 4296 4295
4294 4297 4296
4296 4297 4298
4295 4299 4283
4296 4299 4295
4298 4300 4296
4296 4300 4299
4283 4299 4301
4283 4301 4302
4301 4303 4302
4298 4304 4300
4304 4298 4305
4300 4304 4306
4299 4300 4307
4299 4307 4301
4300 4306 4307
4307 4308 4301
4301 4308 4303
4306 4309 4307
4307 4309 4308
4306 4310 4309
4311 4309 4310
4311 4312 4309
4312 4308 4309
4312 4311 4313
4303 4308 4314
4312 4314 4308
4312 4313 4315
4314 4312 4315
4315 4313 4316
4315 4316 4317
4318 4315 4317
4314 4315 4318
4318 4317 4319
4320 4318 4319
4303 4314 4321
4321 4314 4318
4303 4321 4322
4320 4323 4318
4321 4318 4323
4322 4321 4323
4324 4323 4320
4322 4323 4325
4324 4325 4323
4325 4326 4322
4327 4325 4324
4327 4326 4325
4328 4329 4330
4329 4328 4331
4329 4331 4332
4332 4331 4333
4332 4333 4334
4335 4334 4333
4335 4333 4336
4337 4335 4336
4337 4336 4338
4338 4339 4337
4340 4341 4342
4343 4340 4342
4344 4340 4343
4345 4340 4344
4345 4344 4346
4344 4347 4346
4347 4348 4346
4346 4348 4349
4350 4351 4352
4350 4353 4351
4354 4351 4353
4354 4353 4355
4354 4355 4356
4354 4356 4357
4356 4358 4357
4356 4359 4358
4360 4358 4359
4360 4361 4358
4362 4361 4360
4362 4360 4363
4362 4363 4364
4362 4364 4365
4366 4365 4364
4366 4367 4365
4368 4369 4370
4369 4368 4371
4369 4371 4372
4373 4371 4368
4374 4372 4371
4375 4371 4373
4375 4373 4376
4374 4371 4377
4375 4377 4371
4375 4378 4377
4379 4374 4377
4375 4376 4380
4378 4375 4380
4380 4376 4381
4380 4381 4382
4383 4380 4382
4378 4380 4383
4383 4382 4384
4383 4384 4385
4383 4385 4386
4378 4383 4386
4386 4385 4387
4386 4387 4388
4389 4386 4388
4378 4386 4389
4389 4388 4390
4378 4391 4377
4379 4377 4391
4378 4392 4391
4379 4391 4392
4389 4392 4378
4379 4392 4393
4389 4390 4394
4389 4394 4392
4393 4392 4394
4393 4394 4395
4390 4396 4394
4397 4395 4394
4397 4394 4396
4396 4398 4397
4399 4400 4401
4399 4401 4402
4402 4401 4403
4402 4403 4404
4402 4404 4405
4402 4405 4406
4407 4402 4406
4407 4406 4408
4409 4410 4411
4409 4412 4410
4413 4410 4412
4413 4414 4410
4415 4416 4417
4415 4417 4418
4418 4417 4419
4418 4419 4420
4420 4419 4421
4422 4420 4421
4423 4422 4421
4423 4424 4422
4423 4425 4424
4424 4425 4426
4424 4426 4427
4426 4428 4427
4429 4428 4426
4430 4428 4429
4430 4429 4431
4430 4432 4428
4433 4430 4431
4434 4432 4430
4435 4430 4433
4433 4436 4435
4434 4430 4437
4435 4437 4430
4435 4438 4437
4437 4439 4434
4438 4439 4437
4438 4440 4439
4438 4441 4440
4442 4435 4436
4442 4436 4443
4442 4444 4435
4435 4444 4438
4442 4445 4444
4446 4444 4445
4438 4447 4441
4447 4448 4441
4448 4447 4449
4448 4449 4450
4449 4451 4450
4452 4438 4444
4452 4447 4438
4446 4452 4444
4452 4449 4447
4446 4453 4452
4446 4454 4453
4455 4452 4453
4452 4455 4449
4455 4456 4449
4449 4456 4457
4449 4457 4451
4457 4458 4451
4458 4459 4451
4460 4459 4458
4460 4458 4461
4462 4460 4461
4462 4463 4460
4462 4464 4463
4463 4464 4465
4465 4464 4466
4467 4465 4466
4467 4466 4468
4469 4467 4468
4469 4468 4470
4471 4472 4473
4474 4472 4471
4475 4472 4474
4476 4472 4475
4477 4478 4479
4480 4477 4479
4481 4480 4479
4481 4479 4482
4481 4482 4483
4484 4481 4483
4484 4485 4481
4480 4481 4486
4486 4481 4485
4480 4486 4487
4488 4486 4485
4489 4487 4486
4486 4488 4489
4489 4490 4487
4489 4488 4491
4488 4492 4491
4491 4492 4493
4489 4491 4493
4494 4490 4489
4493 4494 4489
4494 4495 4490
4493 4496 4494
4497 4495 4494
4498 4494 4496
4497 4494 4498
4498 4496 4499
4498 4499 4500
4497 4498 4501
4498 4500 4501
4497 4501 4502
4501 4503 4502
4504 4501 4500
4501 4505 4503
4504 4505 4501
4505 4506 4503
4505 4504 4507
4508 4507 4504
4509 4507 4508
4505 4507 4509
4505 4510 4506
4510 4505 4509
4509 4511 4510
4512 4506 4510
4510 4511 4513
4512 4510 4513
4514 4513 4511
4514 4515 4513
4513 4515 4516
4513 4516 4517
4513 4517 4512
4512 4517 4518
4518 4517 4519
4520 4521 4522
4520 4522 4523
4523 4522 4524
4523 4524 4525
4520 4523 4526
4526 4523 4525
4520 4526 4527
4526 4525 4528
4529 4527 4526
4529 4526 4528
4529 4528 4530
4529 4531 4527
4532 4529 4530
4531 4529 4532
4532 4530 4533
4531 4532 4534
4535 4531 4534
4536 4535 4534
4536 4537 4535
4538 4537 4536
4538 4536 4539
4534 4532 4540
4541 4532 4533
4541 4540 4532
4541 4533 4542
4541 4543 4540
4544 4541 4542
4541 4544 4543
4544 4542 4545
4543 4544 4546
4546 4544 4545
4543 4546 4547
4546 4545 4548
4546 4549 4547
4549 4546 4548
4550 4547 4549
4550 4549 4551
4552 4550 4551
4549 4548 4553
4551 4554 4552
4555 4549 4553
4551 4549 4555
4555 4553 4556
4557 4555 4556
4557 4556 4558
4559 4555 4557
4559 4551 4555
4559 4560 4551
4559 4561 4560
4562 4551 4560
4551 4563 4554
4562 4563 4551
4564 4554 4563
4564 4565 4554
4562 4566 4563
4564 4563 4566
4562 4567 4566
4564 4566 4568
4569 4565 4564
4568 4569 4564
4569 4570 4565
4568 4571 4569
4572 4573 4574
4572 4575 4573
4575 4572 4576
4573 4575 4577
4573 4577 4578
4579 4577 4575
4579 4575 4580
4575 4576 4580
4580 4581 4579
4582 4580 4576
4580 4582 4581
4582 4576 4583
4582 4584 4581
4585 4582 4583
4582 4586 4584
4585 4586 4582
4586 4587 4584
4588 4586 4585
4586 4588 4587
4588 4585 4589
4588 4590 4587
4591 4588 4589
4591 4589 4592
4592 4593 4591
4592 4594 4593
4593 4594 4595
4588 4596 4590
4591 4596 4588
4593 4596 4591
4596 4597 4590
4596 4598 4597
4593 4598 4596
4598 4599 4597
4598 4600 4599
4600 4598 4593
4600 4601 4599
4593 4595 4602
4600 4593 4602
4600 4603 4601
4600 4602 4603
4603 4602 4604
4603 4605 4601
4606 4602 4595
4606 4604 4602
4606 4595 4607
4606 4607 4608
4608 4607 4609
4610 4608 4609
4610 4609 4611
4612 4604 4606
4611 4613 4610
4614 4613 4611
4613 4615 4610
4603 4616 4605
4603 4604 4616
4605 4616 4617
4604 4617 4616
4605 4617 4618
4617 4619 4618
4617 4620 4619
4604 4620 4617
4620 4621 4619
4620 4622 4621
4623 4622 4620
4604 4623 4620
4623 4604 4612
4623 4612 4624
4613 4625 4615
4626 4625 4613
4614 4626 4613
4627 4626 4614
4627 4628 4626
4628 4627 4629
4630 4628 4629
4628 4631 4626
4626 4631 4625
4630 4632 4628
4628 4632 4631
4630 4633 4632
4634 4632 4633
4634 4635 4632
4635 4631 4632
4634 4636 4635
4635 4636 4637
4635 4638 4631
4637 4638 4635
4638 4625 4631
4637 4639 4638
4638 4640 4625
4639 4640 4638
4640 4615 4625
4639 4641 4640
4640 4642 4615
4642 4640 4641
4642 4641 4643
4642 4643 4644
4644 4643 4645
4646 4644 4645
4646 4645 4647
4646 4647 4648
4646 4648 4649
4650 4648 4647
4650 4647 4651
4652 4646 4649
4653 4650 4651
4654 4652 4649
4654 4655 4652
4653 4656 4650
4656 4653 4657
4656 4657 4658
4658 4657 4659
4649 4660 4654
4654 4660 4661
4660 4662 4661
4660 4663 4662
4664 4663 4660
4649 4664 4660
4664 4665 4663
4666 4665 4664
4649 4667 4664
4666 4664 4667
4668 4667 4649
4668 4666 4667
4668 4649 4648
4668 4669 4666
4670 4668 4648
4670 4669 4668
4670 4671 4669
4670 4648 4650
4672 4671 4670
4670 4650 4672
4672 4673 4671
4650 4674 4672
4674 4673 4672
4650 4656 4674
4674 4675 4673
4656 4658 4674
4658 4675 4674
4658 4676 4675
4677 4676 4658
4677 4678 4676
4658 4659 4677
4679 4678 4677
4659 4679 4677
4659 4680 4679
4679 4681 4678
4679 4680 4682
4683 4681 4679
4679 4682 4683
4683 4684 4681
4685 4683 4682
4684 4683 4685
4685 4682 4686
4684 4685 4687
4686 4688 4685
4688 4687 4685
4686 4689 4688
4688 4690 4687
4691 4692 4693
4691 4693 4694
4694 4693 4695
4696 4697 4698
4696 4699 4697
4699 4700 4697
4699 4701 4700
4701 4702 4700
4701 4703 4702
4703 4704 4702
4703 4705 4704
4705 4706 4704
4705 4707 4706
4707 4708 4706
4707 4709 4708
4709 4710 4708
4709 4711 4710
4711 4712 4710
4711 4713 4712
4713 4714 4712
4713 4715 4714
4715 4716 4714
4715 4717 4716
4718 4716 4717
4718 4719 4716
4720 4719 4718
4720 4718 4721
4721 4722 4720
4721 4723 4722
4723 4724 4722
4723 4725 4724
4725 4726 4724
4725 4727 4726
4727 4728 4726
4727 4729 4728
4729 4730 4728
4729 4731 4730
4731 4732 4730
4731 4733 4732
4733 4734 4732
4733 4735 4734
4735 4736 4734
4735 4737 4736
4738 4736 4737
4738 4739 4736
4738 4740 4739
4738 4741 4740
4741 4742 4740
4741 4743 4742
4744 4745 4746
4744 4746 4747
4748 4744 4747
4748 4747 4749
4750 4751 4752
4753 4751 4750
4753 4750 4754
4755 4751 4753
4755 4753 4756
4757 4755 4756
4756 4753 4758
4759 4758 4753
4759 4760 4758
4761 4756 4758
4760 4761 4758
4757 4756 4762
4761 4762 4756
4760 4763 4761
4763 4762 4761
4764 4757 4762
4763 4764 4762
4764 4765 4757
4764 4766 4765
4760 4767 4763
4760 4768 4767
4763 4769 4764
4764 4769 4766
4763 4767 4769
4766 4769 4770
4767 4770 4769
4766 4770 4771
4768 4772 4767
4767 4772 4770
4768 4773 4772
4773 4774 4772
4770 4772 4774
4771 4770 4774
4771 4774 4775
4774 4776 4775
4774 4777 4776
4776 4778 4775
4779 4780 4781
4779 4782 4780
4782 4783 4780
4784 4783 4782
4785 4784 4782
4785 4786 4784
4785 4787 4786
4787 4788 4786
4789 4788 4787
4789 4787 4790
4791 4789 4790
4791 4790 4792
4793 4791 4792
4793 4792 4794
4795 4793 4794
4795 4794 4796
4797 4795 4796
4797 4796 4798
4799 4797 4798
4799 4798 4800
4800 4801 4799
4800 4802 4801
4801 4802 4803
4801 4803 4804
4805 4804 4803
4805 4803 4806
4807 4805 4806
4807 4806 4808
4809 4807 4808
4809 4808 4810
4811 4809 4810
4811 4810 4812
4813 4811 4812
4813 4812 4814
4815 4813 4814
4815 4814 4816
4817 4815 4816
4817 4816 4818
4818 4819 4817
4820 4819 4818
4820 4818 4821
4821 4822 4820
4821 4823 4822
4824 4825 4826
4825 4824 4827
4828 4825 4827
4824 4829 4827
4825 4828 4830
4829 4824 4831
4832 4829 4831
4829 4832 4833
4829 4833 4834
4829 4834 4827
4835 4828 4827
4828 4835 4836
4835 4837 4836
4837 4835 4838
4839 4838 4835
4839 4840 4838
4839 4835 4841
4841 4835 4827
4842 4840 4839
4839 4841 4842
4842 4843 4840
4844 4842 4841
4844 4841 4827
4845 4843 4842
4844 4845 4842
4845 4846 4843
4846 4845 4847
4845 4844 4847
4846 4847 4848
4849 4844 4827
4849 4847 4844
4848 4847 4850
4849 4850 4847
4848 4850 4851
4851 4850 4852
4850 4849 4852
4851 4852 4853
4854 4849 4827
4854 4852 4849
4834 4854 4827
4853 4852 4855
4854 4855 4852
4853 4855 4856
4855 4854 4857
4856 4855 4857
4834 4857 4854
4856 4857 4858
4834 4859 4857
4858 4857 4859
4859 4834 4833
4858 4859 4860
4860 4859 4833
4861 4862 4863
4861 4863 4864
4864 4863 4865
4864 4865 4866
4866 4865 4867
4866 4867 4868
4867 4869 4868
4867 4870 4869
4869 4870 4871
4869 4871 4872
4872 4871 4873
4872 4873 4874
4874 4873 4875
4874 4875 4876
4875 4877 4876
4875 4878 4877
4879 4877 4878
4879 4880 4877
4881 4880 4879
4881 4879 4882
4883 4881 4882
4883 4882 4884
4885 4883 4884
4885 4884 4886
4887 4885 4886
4887 4888 4885
4889 4888 4887
4889 4887 4890
4891 4889 4890
4891 4890 4892
4893 4891 4892
4893 4892 4894
4895 4896 4897
4895 4898 4896
4899 4898 4895
4899 4900 4898
4901 4900 4899
4901 4902 4900
4901 4903 4902
4901 4904 4903
4905 4903 4904
4905 4906 4903
4907 4906 4905
4907 4908 4906
4909 4908 4907
4909 4910 4908
4911 4910 4909
4911 4912 4910
4911 4913 4912
4911 4914 4913
4914 4915 4913
4914 4916 4915
4916 4917 4915
4916 4918 4917
4918 4919 4917
4918 4920 4919
4921 4919 4920
4921 4922 4919
4921 4923 4922
4921 4924 4923
4924 4925 4923
4924 4926 4925
4926 4927 4925
4926 4928 4927
4929 4930 4931
4929 4931 4932
4932 4931 4933
4932 4933 4934
4934 4933 4935
4934 4935 4936
4935 4937 4936
4935 4938 4937
4937 4938 4939
4937 4939 4940
4941 4940 4939
4941 4939 4942
4943 4941 4942
4943 4942 4944
4943 4944 4945
4943 4945 4946
4947 4946 4945
4947 4945 4948
4947 4948 4949
4947 4949 4950
4950 4949 4951
4950 4951 4952
4953 4952 4951
4953 4951 4954
4955 4953 4954
4955 4956 4953
4957 4956 4955
4957 4955 4958
4959 4957 4958
4959 4958 4960
4961 4959 4960
4961 4960 4962
4963 4964 4965
4963 4966 4964
4963 4967 4966
4966 4967 4968
4966 4968 4969
4966 4970 4964
4968 4971 4969
4968 4972 4971
4970 4973 4964
4970 4974 4973
4970 4975 4974
4970 4976 4975
4971 4972 4977
4971 4977 4978
4979 4978 4977
4979 4977 4980
4980 4977 4981
4982 4979 4980
4980 4981 4983
4982 4980 4984
4980 4983 4984
4984 4985 4982
4983 4986 4984
4984 4986 4985
4983 4987 4986
4988 4986 4987
4989 4985 4986
4988 4989 4986
4989 4990 4985
4991 4989 4988
4990 4989 4991
4991 4988 4992
4990 4991 4993
4991 4992 4994
4993 4991 4994
4993 4994 4995
4996 4995 4994
4996 4994 4997
4998 4996 4997
4998 4999 4996
5000 4999 4998
5000 4998 5001
5002 5000 5001
5002 5003 5000
5002 5004 5003
5000 5003 5005
5005 5003 5006
5005 5006 5007
5005 5007 5008
5005 5008 5009
5010 5011 5012
5010 5013 5011
5013 5010 5014
5013 5014 5015
5015 5014 5016
5015 5016 5017
5016 5018 5017
5016 5019 5018
5018 5019 5020
5018 5020 5021
5021 5020 5022
5021 5022 5023
5023 5022 5024
5023 5024 5025
5024 5026 5025
5024 5027 5026
5028 5026 5027
5028 5029 5026
5030 5029 5028
5030 5028 5031
5032 5030 5031
5032 5031 5033
5034 5032 5033
5034 5033 5035
5036 5034 5035
5036 5037 5034
5038 5037 5036
5038 5036 5039
5040 5038 5039
5040 5039 5041
5041 5042 5040
5041 5043 5042
5044 5045 5046
5044 5046 5047
5047 5046 5048
5047 5048 5049
5049 5048 5050
5049 5050 5051
5050 5052 5051
5050 5053 5052
5052 5053 5054
5052 5054 5055
5055 5054 5056
5055 5056 5057
5057 5056 5058
5057 5058 5059
5058 5060 5059
5058 5061 5060
5062 5060 5061
5062 5063 5060
5064 5063 5062
5064 5062 5065
5066 5064 5065
5066 5065 5067
5068 5066 5067
5068 5067 5069
5070 5068 5069
5070 5071 5068
5072 5071 5070
5072 5070 5073
5074 5072 5073
5074 5073 5075
5076 5074 5075
5076 5075 5077
5078 5079 5080
5078 5080 5081
5081 5080 5082
5081 5082 5083
5083 5082 5084
5083 5084 5085
5084 5086 5085
5084 5087 5086
5086 5087 5088
5086 5088 5089
5089 5088 5090
5089 5090 5091
5091 5090 5092
5091 5092 5093
5092 5094 5093
5092 5095 5094
5096 5094 5095
5096 5097 5094
5098 5097 5096
5098 5096 5099
5100 5098 5099
5100 5099 5101
5102 5100 5101
5102 5101 5103
5104 5102 5103
5104 5105 5102
5106 5105 5104
5106 5104 5107
5108 5106 5107
5108 5107 5109
5110 5108 5109
5110 5109 5111
5112 5113 5114
5112 5114 5115
5116 5115 5114
5117 5116 5114
5118 5119 5120
5121 5118 5120
5121 5122 5118
5123 5124 5125
5126 5124 5123
5124 5126 5127
5124 5127 5128
5129 5128 5127
5129 5127 5130
5131 5126 5123
5132 5130 5127
5133 5127 5126
5131 5133 5126
5132 5127 5134
5133 5134 5127
5135 5133 5131
5131 5136 5135
5131 5137 5136
5138 5135 5136
5133 5139 5134
5135 5139 5133
5138 5140 5135
5141 5140 5138
5135 5142 5139
5135 5140 5142
5139 5143 5134
5139 5142 5143
5144 5132 5134
5144 5134 5143
5141 5145 5140
5146 5145 5141
5140 5145 5147
5140 5147 5142
5147 5145 5146
5148 5132 5144
5132 5148 5149
5148 5144 5150
5142 5147 5151
5142 5151 5143
5147 5146 5152
5151 5147 5152
5153 5150 5144
5153 5154 5150
5154 5153 5155
5156 5153 5144
5156 5144 5143
5153 5156 5155
5143 5157 5156
5143 5151 5157
5157 5155 5156
5158 5152 5146
5158 5146 5159
5151 5152 5160
5152 5158 5160
5151 5160 5157
5158 5161 5160
5161 5162 5160
5157 5160 5162
5161 5163 5162
5157 5162 5164
5157 5164 5155
5165 5155 5164
5166 5167 5168
5166 5169 5167
5169 5170 5167
5169 5171 5170
5172 5169 5166
5172 5171 5169
5172 5166 5173
5172 5174 5171
5175 5172 5173
5175 5174 5172
5175 5173 5176
5175 5177 5174
5178 5175 5176
5178 5177 5175
5178 5176 5179
5178 5180 5177
5181 5178 5179
5181 5180 5178
5181 5179 5182
5181 5183 5180
5184 5181 5182
5184 5183 5181
5184 5182 5185
5184 5186 5183
5187 5184 5185
5187 5186 5184
5187 5188 5186
5187 5185 5189
5190 5187 5189
5191 5188 5187
5191 5187 5190
5190 5189 5192
5192 5193 5190
5194 5191 5190
5195 5190 5193
5194 5190 5196
5195 5196 5190
5197 5194 5196
5198 5196 5195
5197 5196 5198
5198 5195 5199
5200 5198 5199
5201 5197 5198
5200 5201 5198
5201 5202 5197
5200 5203 5201
5202 5201 5204
5201 5203 5204
5205 5206 5207
5205 5207 5208
5207 5209 5208
5207 5210 5209
5211 5209 5210
5211 5212 5209
5211 5210 5213
5214 5215 5216
5214 5216 5217
5218 5214 5217
5218 5219 5214
5220 5221 5222
5220 5223 5221
5223 5220 5224
5223 5225 5221
5223 5224 5226
5226 5224 5227
5223 5228 5225
5228 5223 5226
5226 5227 5229
5229 5227 5230
5225 5228 5231
5225 5231 5232
5228 5226 5233
5233 5226 5229
5233 5231 5228
5229 5230 5234
5235 5234 5230
5232 5231 5236
5232 5236 5237
5238 5237 5236
5238 5239 5237
5240 5239 5238
5240 5241 5239
5236 5231 5242
5233 5242 5231
5236 5242 5243
5233 5229 5244
5244 5229 5234
5242 5233 5244
5243 5242 5245
5242 5244 5245
5243 5245 5246
5244 5234 5247
5245 5244 5247
5247 5234 5235
5246 5245 5248
5245 5247 5248
5246 5248 5249
5248 5250 5249
5247 5235 5251
5248 5247 5251
5250 5248 5252
5248 5251 5252
5235 5253 5251
5235 5254 5253
5253 5254 5255
5250 5252 5256
5256 5257 5250
5252 5258 5256
5251 5259 5252
5251 5253 5259
5252 5259 5258
5259 5253 5260
5253 5255 5260
5258 5259 5261
5259 5260 5261
5258 5261 5262
5263 5262 5261
5263 5261 5264
5264 5261 5260
5264 5265 5263
5255 5266 5260
5264 5260 5266
5264 5267 5265
5266 5267 5264
5267 5268 5265
5267 5269 5268
5270 5269 5267
5266 5270 5267
5270 5271 5269
5272 5271 5270
5255 5273 5266
5273 5270 5266
5255 5274 5273
5272 5270 5275
5273 5275 5270
5274 5275 5273
5276 5272 5275
5274 5277 5275
5276 5275 5277
5277 5274 5278
5279 5276 5277
5279 5277 5278
5280 5281 5282
5283 5280 5282
5284 5283 5282
5285 5284 5282
5286 5287 5288
5286 5289 5287
5289 5290 5287
5289 5291 5290
5286 5292 5289
5292 5291 5289
5286 5293 5292
5292 5294 5291
5295 5292 5293
5295 5294 5292
5295 5296 5294
5295 5293 5297
5298 5296 5295
5297 5298 5295
5298 5299 5296
5297 5300 5298
5301 5300 5297
5302 5300 5301
5302 5301 5303
5304 5302 5303
5304 5303 5305
5300 5306 5298
5307 5299 5298
5307 5298 5306
5307 5308 5299
5307 5306 5309
5310 5308 5307
5307 5309 5310
5310 5311 5308
5309 5312 5310
5312 5311 5310
5309 5313 5312
5312 5314 5311
5312 5313 5315
5315 5314 5312
5315 5313 5316
5317 5315 5316
5318 5317 5316
5315 5319 5314
5317 5318 5320
5321 5319 5315
5317 5321 5315
5321 5322 5319
5323 5322 5321
5323 5324 5322
5325 5323 5321
5325 5321 5317
5325 5317 5326
5325 5326 5327
5328 5326 5317
5317 5320 5329
5328 5317 5329
5330 5329 5320
5330 5320 5331
5328 5329 5332
5330 5332 5329
5328 5332 5333
5330 5334 5332
5335 5330 5331
5334 5330 5335
5335 5331 5336
5334 5335 5337
5338 5339 5340
5338 5341 5339
5341 5342 5339
5343 5344 5345
5343 5345 5346
5346 5345 5347
5346 5347 5348
5348 5347 5349
5348 5349 5350
5350 5349 5351
5350 5351 5352
5352 5351 5353
5352 5353 5354
5354 5353 5355
5354 5355 5356
5356 5355 5357
5356 5357 5358
5358 5357 5359
5358 5359 5360
5360 5359 5361
5360 5361 5362
5362 5361 5363
5362 5363 5364
5365 5364 5363
5365 5363 5366
5367 5365 5366
5367 5368 5365
5368 5367 5369
5368 5369 5370
5370 5369 5371
5370 5371 5372
5372 5371 5373
5372 5373 5374
5374 5373 5375
5374 5375 5376
5376 5375 5377
5376 5377 5378
5378 5377 5379
5378 5379 5380
5380 5379 5381
5380 5381 5382
5382 5381 5383
5382 5383 5384
5385 5384 5383
5385 5383 5386
5385 5386 5387
5385 5387 5388
5388 5387 5389
5388 5389 5390
5391 5392 5393
5391 5394 5392
5395 5394 5391
5396 5395 5391
5396 5397 5395
5397 5396 5398
5397 5398 5399
5399 5398 5400
5399 5400 5401
5401 5400 5402
5401 5402 5403
5403 5402 5404
5403 5404 5405
5405 5404 5406
5405 5406 5407
5407 5406 5408
5407 5408 5409
5409 5408 5410
5409 5410 5411
5412 5411 5410
5412 5410 5413
5414 5412 5413
5414 5415 5412
5415 5414 5416
5415 5416 5417
5417 5416 5418
5417 5418 5419
5419 5418 5420
5419 5420 5421
5421 5420 5422
5421 5422 5423
5423 5422 5424
5423 5424 5425
5425 5424 5426
5425 5426 5427
5428 5427 5426
5429 5428 5426
5429 5430 5428
5429 5431 5430
5431 5432 5430
5433 5432 5431
5434 5433 5431
5434 5435 5433
5436 5437 5438
5436 5439 5437
5440 5439 5436
5440 5441 5439
5442 5443 5444
5444 5445 5442
5446 5445 5444
5442 5445 5447
5444 5448 5446
5447 5449 5442
5450 5449 5447
5447 5451 5450
5447 5452 5451
5447 5445 5452
5453 5445 5446
5446 5454 5453
5453 5454 5455
5455 5456 5453
5457 5453 5456
5457 5456 5458
5457 5459 5453
5459 5445 5453
5460 5457 5458
5457 5460 5459
5460 5458 5461
5462 5459 5460
5462 5445 5459
5463 5460 5461
5462 5460 5463
5463 5461 5464
5464 5465 5463
5463 5465 5462
5464 5466 5465
5467 5445 5462
5467 5462 5465
5466 5468 5465
5467 5465 5468
5466 5469 5468
5469 5470 5468
5468 5470 5467
5469 5471 5470
5472 5445 5467
5472 5467 5470
5452 5445 5472
5471 5473 5470
5472 5470 5473
5471 5474 5473
5473 5475 5472
5474 5475 5473
5452 5472 5475
5474 5476 5475
5452 5475 5477
5476 5477 5475
5477 5451 5452
5476 5478 5477
5478 5451 5477
5479 5480 5481
5479 5482 5480
5483 5482 5479
5483 5479 5484
5485 5483 5484
5485 5484 5486
5487 5485 5486
5487 5486 5488
5489 5490 5491
5492 5489 5491
5492 5491 5493
5493 5491 5494
5493 5494 5495
5494 5496 5495
5494 5497 5496
5496 5497 5498
5496 5498 5499
5498 5500 5499
5498 5501 5500
5500 5501 5502
5500 5502 5503
5503 5502 5504
5503 5504 5505
5506 5505 5504
5506 5504 5507
5508 5506 5507
5508 5507 5509
5510 5508 5509
5510 5511 5508
5512 5511 5510
5512 5513 5511
5514 5513 5512
5512 5515 5514
5514 5516 5513
5517 5518 5519
5520 5518 5517
5520 5517 5521
5522 5520 5521
5522 5521 5523
5523 5524 5522
5525 5520 5522
5525 5522 5526
5522 5527 5526
5525 5528 5520
5528 5518 5520
5528 5529 5518
5518 5529 5530
5518 5530 5531
5532 5533 5534
5534 5535 5532
5534 5536 5535
5536 5537 5535
5536 5538 5537
5539 5537 5538
5540 5541 5542
5540 5543 5541
5544 5543 5540
5543 5545 5541
5544 5546 5543
5543 5547 5545
5543 5546 5548
5543 5548 5547
5549 5550 5551
5549 5552 5550
5553 5550 5552
5553 5552 5554
5555 5552 5549
5552 5556 5554
5555 5557 5552
5552 5557 5556
5558 5557 5555
5558 5556 5557
5559 5560 5561
5559 5562 5560
5560 5562 5563
5560 5563 5564
5565 5566 5567
5565 5567 5568
5567 5569 5568
5567 5570 5569
5571 5572 5573
5571 5573 5574
5574 5573 5575
5574 5575 5576
5577 5578 5579
5577 5579 5580
5580 5579 5581
5580 5581 5582
5583 5584 5585
5583 5586 5584
5587 5586 5583
5587 5588 5586
5589 5590 5591
5589 5591 5592
5592 5593 5589
5592 5594 5593
5595 5594 5592
5596 5592 5591
5595 5592 5596
5596 5591 5597
5598 5595 5596
5598 5596 5597
5599 5600 5601
5599 5601 5602
5601 5603 5602
5601 5604 5603
5605 5606 5607
5605 5608 5606
5609 5608 5605
5609 5610 5608
5611 5612 5613
5611 5614 5612
5615 5614 5611
5615 5616 5614
5617 5618 5619
5617 5620 5618
5621 5620 5617
5621 5617 5622
5623 5621 5622
5623 5622 5624
5625 5621 5623
5625 5626 5621
5623 5624 5627
5628 5626 5625
5628 5625 5629
5627 5624 5630
5628 5629 5631
5628 5631 5632
5632 5631 5633
5634 5627 5630
5634 5635 5627
5636 5628 5632
5636 5637 5628
5632 5633 5638
5633 5639 5638
5638 5639 5640
5641 5638 5640
5641 5640 5642
5641 5642 5643
5641 5643 5644
5635 5634 5645
5635 5645 5646
5636 5647 5637
5647 5648 5637
5649 5647 5636
5649 5650 5647
5651 5649 5636
5632 5651 5636
5632 5652 5651
5638 5652 5632
5638 5653 5652
5641 5653 5638
5641 5654 5653
5655 5654 5641
5655 5656 5654
5655 5657 5656
5655 5658 5657
5658 5659 5657
5660 5655 5641
5641 5644 5660
5644 5661 5660
5644 5662 5661
5663 5661 5662
5660 5664 5655
5661 5664 5660
5665 5658 5655
5665 5655 5664
5661 5666 5664
5666 5661 5663
5666 5663 5667
5668 5665 5664
5668 5664 5666
5658 5669 5659
5669 5670 5659
5663 5671 5667
5646 5671 5663
5646 5645 5671
5645 5672 5671
5672 5667 5671
5645 5673 5672
5634 5673 5645
5634 5674 5673
5674 5634 5630
5674 5630 5675
5630 5676 5675
5677 5675 5676
5678 5677 5676
5672 5679 5667
5680 5667 5679
5680 5681 5667
5682 5681 5680
5682 5680 5683
5667 5681 5684
5666 5667 5684
5666 5684 5668
5685 5684 5681
5685 5681 5682
5684 5686 5668
5687 5668 5686
5687 5665 5668
5658 5665 5687
5658 5687 5688
5658 5688 5689
5658 5689 5690
5658 5690 5669
5669 5690 5691
5692 5685 5682
5693 5669 5691
5692 5682 5694
5694 5682 5683
5694 5683 5695
5694 5696 5692
5697 5669 5693
5669 5697 5670
5697 5693 5698
5697 5699 5670
5695 5700 5694
5694 5700 5696
5695 5701 5700
5696 5700 5702
5703 5700 5701
5703 5701 5704
5705 5703 5704
5706 5696 5702
5706 5702 5707
5706 5707 5708
5709 5706 5708
5708 5707 5710
5709 5708 5711
5708 5710 5712
5710 5713 5712
5710 5714 5713
5715 5709 5711
5715 5716 5709
5715 5698 5716
5715 5697 5698
5717 5697 5715
5697 5717 5699
5717 5715 5718
5699 5717 5719
5717 5718 5720
5717 5720 5719
5720 5718 5721
5720 5722 5719
5723 5724 5725
5723 5726 5724
5726 5727 5724
5726 5728 5727
5729 5726 5723
5730 5728 5726
5729 5730 5726
5730 5731 5728
5729 5731 5730
5729 5732 5731
5733 5734 5735
5733 5736 5734
5737 5736 5733
5737 5733 5738
5739 5740 5741
5739 5742 5740
5743 5742 5739
5743 5744 5742
5745 5746 5747
5745 5747 5748
5749 5745 5748
5749 5748 5750
5751 5752 5753
5751 5753 5754
5754 5753 5755
5753 5756 5755
5757 5758 5759
5757 5760 5758
5761 5760 5757
5761 5757 5762
5758 5760 5763
5763 5760 5761
5758 5763 5764
5763 5761 5765
5765 5761 5762
5765 5762 5766
5767 5768 5769
5767 5770 5768
5770 5767 5771
5770 5771 5772
5773 5774 5775
5773 5776 5774
5776 5777 5774
5776 5778 5777
5779 5780 5781
5779 5782 5780
5783 5780 5782
5783 5784 5780
5785 5786 5787
5785 5787 5788
5787 5789 5788
5787 5790 5789
5791 5792 5793
5791 5793 5794
5794 5795 5791
5794 5796 5795
5796 5797 5795
5798 5799 5800
5798 5800 5801
5802 5798 5801
5802 5803 5798
5804 5803 5802
5804 5805 5803
5806 5805 5804
5806 5807 5805
5808 5809 5810
5811 5809 5808
5811 5812 5809
5812 5813 5809
5812 5814 5813
5813 5814 5815
5813 5815 5816
5815 5817 5816
5815 5818 5817
5817 5818 5819
5817 5819 5820
5819 5821 5820
5819 5822 5821
5822 5823 5821
5822 5824 5823
5825 5823 5824
5825 5826 5823
5827 5826 5825
5827 5828 5826
5829 5828 5827
5829 5827 5830
5831 5829 5830
5831 5830 5832
5833 5831 5832
5831 5833 5834
5833 5832 5835
5836 5837 5838
5839 5836 5838
5839 5840 5836
5841 5840 5839
5841 5842 5840
5842 5841 5843
5844 5841 5839
5844 5845 5841
5841 5845 5846
5844 5839 5847
5847 5839 5838
5847 5838 5848
5838 5849 5848
5838 5850 5849
5851 5852 5853
5852 5851 5854
5852 5854 5855
5855 5854 5856
5855 5856 5857
5858 5857 5856
5859 5860 5861
5859 5861 5862
5863 5859 5862
5862 5861 5864
5863 5862 5865
5862 5864 5866
5862 5867 5865
5862 5866 5867
5868 5869 5870
5871 5868 5870
5871 5872 5868
5870 5873 5871
5870 5874 5873
5875 5872 5871
5873 5875 5871
5875 5876 5872
5877 5876 5875
5874 5878 5873
5874 5879 5878
5878 5879 5880
5878 5880 5881
5878 5881 5882
5878 5882 5883
5873 5878 5883
5883 5882 5884
5873 5885 5875
5873 5883 5885
5883 5884 5886
5885 5883 5886
5886 5884 5887
5877 5875 5888
5885 5888 5875
5889 5877 5888
5889 5890 5877
5891 5890 5889
5885 5892 5888
5885 5886 5892
5892 5889 5888
5886 5887 5893
5892 5886 5893
5892 5894 5889
5892 5893 5894
5889 5894 5895
5895 5894 5893
5896 5893 5887
5895 5893 5896
5896 5887 5897
5896 5897 5898
5891 5889 5899
5889 5895 5899
5891 5899 5900
5900 5899 5895
5891 5900 5901
5900 5902 5901
5895 5896 5903
5896 5898 5903
5900 5895 5904
5895 5903 5904
5905 5903 5898
5905 5898 5906
5907 5904 5903
5907 5900 5904
5907 5903 5905
5900 5908 5902
5907 5908 5900
5909 5905 5906
5909 5906 5910
5911 5907 5905
5911 5908 5907
5911 5905 5909
5902 5908 5912
5911 5912 5908
5902 5912 5913
5912 5914 5913
5915 5909 5910
5915 5910 5916
5915 5916 5917
5915 5917 5918
5919 5915 5918
5920 5911 5909
5920 5909 5915
5919 5920 5915
5920 5912 5911
5921 5920 5919
5912 5922 5914
5920 5922 5912
5921 5922 5920
5922 5923 5914
5922 5921 5923
5921 5924 5923
5925 5926 5927
5925 5928 5926
5926 5928 5929
5926 5929 5930
5931 5930 5929
5931 5929 5932
5933 5931 5932
5933 5932 5934
5935 5933 5934
5935 5936 5933
5936 5935 5937
5936 5937 5938
5939 5938 5937
5939 5937 5940
5940 5941 5939
5940 5942 5941
5941 5942 5943
5941 5943 5944
5944 5943 5945
5944 5945 5946
5947 5946 5945
5947 5945 5948
5949 5947 5948
5949 5948 5950
5951 5952 5953
5951 5953 5954
5955 5954 5953
5955 5956 5954
5957 5951 5954
5954 5956 5958
5957 5954 5959
5954 5958 5959
5960 5957 5959
5960 5959 5958
5961 5962 5963
5961 5964 5962
5961 5965 5964
5961 5966 5965
5967 5968 5969
5967 5970 5968
5968 5970 5971
5968 5971 5972
5973 5974 5975
5973 5976 5974
5976 5977 5974
5976 5978 5977
5979 5980 5981
5979 5982 5980
5982 5983 5980
5982 5984 5983
5985 5986 5987
5985 5987 5988
5989 5985 5988
5989 5988 5990
5991 5992 5993
5991 5994 5992
5994 5991 5995
5994 5995 5996
5997 5994 5996
5998 5992 5994
5997 5998 5994
5998 5999 5992
6000 5998 5997
6000 5999 5998
6001 6002 6003
6001 6004 6002
6005 6002 6004
6005 6004 6006
6007 6008 6009
6007 6009 6010
6011 6007 6010
6011 6010 6012
6013 6014 6015
6013 6015 6016
6017 6013 6016
6017 6016 6018
6019 6020 6021
6019 6021 6022
6022 6021 6023
6022 6023 6024
6025 6019 6022
6026 6022 6024
6025 6022 6026
6026 6024 6027
6025 6026 6027
6025 6027 6028
6029 6030 6031
6029 6031 6032
6033 6029 6032
6033 6034 6029
6035 6036 6037
6035 6037 6038
6039 6035 6038
6039 6038 6040
6041 6042 6043
6041 6044 6042
6045 6044 6041
6045 6046 6044
6047 6048 6049
6047 6050 6048
6050 6051 6048
6048 6051 6052
6053 6054 6055
6053 6055 6056
6057 6053 6056
6057 6058 6053
6055 6059 6056
6059 6057 6056
6055 6060 6059
6059 6061 6057
6061 6058 6057
6061 6062 6058
6063 6064 6065
6063 6065 6066
6066 6067 6063
6066 6068 6067
6069 6070 6071
6069 6071 6072
6072 6071 6073
6072 6073 6074
6075 6076 6077
6075 6077 6078
6079 6078 6077
6079 6077 6080
6081 6082 6083
6081 6084 6082
6082 6084 6085
6082 6085 6086
6087 6088 6089
6087 6090 6088
6090 6087 6091
6090 6091 6092
6092 6091 6093
6094 6095 6096
6097 6095 6094
6097 6094 6098
6097 6098 6099
6100 6097 6099
6101 6100 6099
6101 6102 6100
6101 6103 6102
6104 6103 6101
6104 6101 6105
6106 6105 6101
6106 6101 6107
6101 6108 6107
6101 6109 6108
6101 6110 6109
6109 6110 6111
6111 6110 6112
6111 6112 6113
6111 6113 6114
6113 6115 6114
6116 6117 6118
6116 6118 6119
6120 6116 6119
6119 6118 6121
6122 6120 6119
6122 6123 6120
6119 6121 6124
6122 6119 6124
6124 6121 6125
6122 6124 6126
6127 6126 6124
6124 6125 6127
6122 6126 6128
6123 6122 6129
6122 6128 6129
6123 6129 6130
6125 6131 6127
6125 6132 6131
6127 6131 6133
6127 6133 6134
6127 6134 6135
6126 6127 6135
6126 6135 6136
6126 6136 6137
6126 6137 6138
6126 6138 6139
6138 6140 6139
6139 6140 6141
6130 6129 6142
6130 6142 6143
6129 6144 6142
6129 6128 6144
6143 6142 6145
6145 6142 6144
6143 6145 6146
6147 6128 6126
6147 6126 6139
6148 6144 6128
6148 6128 6147
6139 6141 6149
6141 6150 6149
6149 6150 6151
6152 6139 6149
6149 6151 6153
6154 6139 6152
6154 6147 6139
6153 6151 6155
6153 6155 6156
6155 6157 6156
6158 6147 6154
6158 6148 6147
6159 6148 6158
6159 6160 6148
6160 6159 6161
6160 6161 6162
6163 6148 6160
6162 6163 6160
6163 6144 6148
6145 6144 6163
6145 6163 6164
6162 6164 6163
6145 6164 6165
6146 6145 6165
6146 6165 6166
6167 6166 6165
6167 6165 6168
6168 6165 6164
6169 6167 6168
6162 6170 6164
6168 6164 6170
6169 6168 6171
6172 6169 6171
6168 6173 6171
6168 6170 6173
6172 6171 6174
6174 6171 6173
6175 6172 6174
6162 6176 6170
6176 6162 6177
6176 6177 6178
6170 6176 6179
6178 6179 6176
6170 6179 6173
6178 6180 6179
6175 6174 6181
6181 6182 6175
6174 6173 6183
6179 6183 6173
6181 6174 6183
6180 6184 6179
6179 6184 6183
6180 6185 6184
6185 6186 6184
6185 6187 6186
6187 6188 6186
6184 6189 6183
6181 6183 6189
6184 6186 6189
6182 6181 6190
6191 6182 6190
6191 6190 6192
6191 6192 6193
6190 6194 6192
6181 6195 6190
6190 6195 6194
6181 6189 6195
6195 6196 6194
6195 6197 6196
6197 6195 6189
6196 6197 6198
6196 6198 6199
6200 6198 6197
6201 6200 6197
6202 6201 6197
6202 6197 6189
6203 6202 6189
6204 6203 6189
6205 6204 6189
6186 6205 6189
6186 6206 6205
6186 6207 6206
6188 6207 6186
6188 6208 6207
6209 6208 6188
6210 6209 6188
6210 6211 6209
6210 6212 6211
6212 6213 6211
6214 6215 6216
6215 6217 6216
6215 6218 6217
6215 6219 6218
6215 6220 6219
6221 6219 6220
6221 6222 6219
6217 6218 6223
6223 6218 6219
6217 6223 6224
6223 6219 6225
6225 6219 6222
6225 6222 6226
6226 6227 6225
6226 6228 6227
6229 6227 6228
6229 6230 6227
6230 6229 6231
6230 6231 6232
6233 6232 6231
6233 6234 6232
6235 6230 6232
6236 6232 6234
6235 6232 6237
6236 6237 6232
6238 6235 6237
6238 6237 6239
6239 6237 6236
6239 6236 6240
6241 6240 6236
6242 6243 6244
6242 6245 6243
6245 6246 6243
6245 6247 6246
6248 6246 6247
6248 6247 6249
6250 6248 6249
6249 6251 6250
6249 6252 6251
6251 6252 6253
6251 6253 6254
6255 6256 6257
6255 6257 6258
6259 6255 6258
6259 6258 6260
6259 6260 6261
6261 6260 6262
6261 6262 6263
6264 6263 6262
6264 6265 6263
6266 6265 6264
6266 6267 6265
6268 6269 6270
6268 6270 6271
6270 6272 6271
6270 6273 6272
6273 6274 6272
6273 6275 6274
6275 6276 6274
6275 6277 6276
6278 6279 6280
6278 6281 6279
6281 6282 6279
6281 6283 6282
6283 6284 6282
6283 6285 6284
6285 6286 6284
6285 6287 6286
6288 6289 6290
6291 6290 6289
6288 6292 6289
6293 6292 6288
6293 6289 6292
6293 6288 6294
6293 6294 6291
6293 6295 6289
6293 6291 6295
6291 6289 6295
6296 6297 6298
6297 6296 6299
6296 6300 6299
6300 6301 6299
6302 6296 6298
6303 6302 6298
6301 6300 6304
6301 6304 6305
6304 6306 6305
6302 6303 6307
6308 6302 6307
6307 6309 6308
6307 6310 6309
6310 6311 6309
6310 6312 6311
6306 6304 6313
6306 6313 6314
6313 6315 6314
6315 6313 6316
6315 6316 6317
6318 6311 6312
6317 6316 6318
6318 6312 6319
6319 6317 6318
6320 6321 6322
6321 6320 6323
6324 6321 6323
6325 6324 6323
6321 6326 6322
6326 6327 6322
6327 6326 6328
6326 6329 6328
6330 6324 6325
6330 6325 6331
6332 6330 6331
6333 6328 6329
6333 6329 6334
6333 6334 6335
6333 6335 6336
6337 6330 6332
6337 6332 6338
6339 6337 6338
6340 6337 6339
6341 6340 6339
6342 6336 6335
6342 6340 6341
6342 6343 6336
6343 6342 6341
6344 6345 6346
6347 6345 6344
6348 6346 6345
6349 6345 6347
6350 6348 6345
6351 6345 6349
6352 6350 6345
6353 6345 6351
6354 6352 6345
6355 6345 6353
6356 6354 6345
6357 6345 6355
6358 6356 6345
6357 6358 6345
