byte offset: 0
first index: 0
index count: 7152
topology: trianglelist
format: DXGI_FORMAT_R16_UINT

0 1 2
3 4 5
6 7 8
9 7 10
11 12 7
11 13 12
14 15 7
14 16 15
17 18 19
19 20 21
19 22 23
19 23 24
25 26 19
25 27 26
28 29 30
31 29 32
31 32 33
34 35 33
36 37 33
38 33 39
38 40 33
41 42 40
43 44 45
46 47 48
49 50 46
49 46 51
51 46 52
51 52 53
54 49 51
54 51 53
54 55 49
54 53 56
56 57 54
56 58 57
57 59 54
57 60 59
61 46 62
57 63 64
65 57 66
53 67 68
53 69 67
69 53 70
69 70 71
72 69 71
72 73 69
73 67 69
73 74 67
75 76 71
71 77 78
79 80 67
79 81 80
80 82 67
80 83 82
80 84 85
86 80 87
88 89 90
91 90 92
91 92 93
92 90 94
92 94 95
49 94 90
49 90 96
97 94 49
97 49 98
97 99 94
97 100 99
101 92 102
92 103 104
92 104 105
106 107 92
107 108 92
109 110 107
111 112 107
111 107 113
113 107 114
113 114 115
116 113 117
118 113 119
120 107 121
120 121 122
123 124 125
126 127 124
124 128 129
124 129 130
131 132 124
131 133 132
134 135 136
137 136 138
139 136 140
139 141 136
142 136 141
142 141 143
144 143 141
144 141 145
141 146 145
147 146 141
148 145 146
148 149 145
150 145 149
150 151 145
152 149 148
152 148 153
154 149 152
154 155 149
156 152 153
156 153 157
152 156 158
152 158 159
160 161 162
162 163 164
162 164 165
165 166 162
164 167 165
164 73 167
165 168 166
165 169 168
170 166 168
170 168 171
172 170 171
173 73 164
174 173 164
174 175 173
173 176 73
176 173 177
176 177 178
173 179 177
173 180 179
181 182 177
183 177 184
185 186 187
188 189 185
185 190 191
185 191 192
192 193 185
192 194 193
195 192 196
196 197 198
196 198 199
200 192 201
200 201 202
203 200 204
203 204 205
206 203 205
206 207 203
208 209 210
211 212 213
214 215 216
217 214 218
219 214 217
219 220 214
220 221 214
220 222 221
217 223 224
217 225 226
217 226 227
228 229 220
229 230 220
231 220 230
231 230 232
230 233 232
234 230 229
234 235 230
229 236 234
229 237 236
234 236 238
238 236 239
234 238 240
238 241 240
238 242 241
242 243 241
242 238 244
238 245 244
242 244 246
242 247 243
247 242 246
247 246 248
247 249 243
248 250 247
247 250 251
247 251 249
252 253 234
254 255 248
249 256 257
258 249 257
259 258 257
260 229 261
262 263 264
262 265 266
267 268 269
270 236 271
272 236 273
274 275 276
276 277 278
279 276 280
279 281 276
281 282 276
281 283 282
281 284 285
281 286 287
287 288 281
287 289 288
290 289 287
290 291 289
292 293 287
294 295 296
295 297 298
295 97 297
295 299 97
295 300 299
295 301 300
302 303 304
305 303 306
305 307 303
307 308 303
303 308 309
307 310 308
307 311 312
307 312 313
307 313 314
307 314 315
316 317 318
319 320 321
322 323 324
325 326 323
327 323 328
327 328 329
330 331 323
330 332 331
333 334 335
335 336 337
335 337 338
339 337 340
341 342 343
342 344 345
342 345 346
347 342 346
347 348 342
347 346 349
350 347 349
350 349 351
349 346 352
353 352 346
353 346 354
349 352 355
356 355 352
352 357 356
355 358 349
355 359 358
356 360 355
361 355 360
361 360 362
363 362 360
363 364 362
360 365 363
360 356 365
366 364 363
366 363 365
366 367 364
368 367 366
368 369 367
368 370 369
368 371 370
366 365 372
366 373 368
366 372 373
374 365 356
374 372 365
368 373 375
368 375 376
377 373 372
377 372 378
372 374 378
378 374 379
380 373 377
380 375 373
381 375 380
381 382 375
374 356 383
384 374 383
384 383 385
386 383 356
386 356 387
386 388 383
388 389 383
388 390 389
386 391 388
392 388 391
392 391 393
386 394 391
394 386 395
394 395 396
391 394 397
398 391 399
394 400 401
402 347 403
404 405 406
404 407 408
409 404 408
410 409 408
409 411 404
411 412 404
411 413 412
409 414 411
415 414 409
415 409 416
414 417 411
418 411 417
418 419 411
415 420 414
421 420 415
421 422 420
423 414 420
414 424 417
414 423 424
423 420 425
425 420 426
425 426 427
426 428 427
424 429 417
417 429 430
417 430 431
432 424 423
424 432 429
433 423 425
432 423 433
434 425 427
433 425 434
432 435 429
436 429 435
436 435 437
432 438 435
432 433 439
439 433 434
432 439 440
434 427 441
442 441 427
442 443 441
443 444 441
443 445 444
441 446 434
439 434 446
441 444 446
446 447 439
439 447 448
439 448 449
444 450 446
446 450 447
450 451 447
447 451 452
447 452 453
450 454 451
451 454 455
454 450 456
444 456 450
456 444 457
454 456 458
459 454 458
460 458 456
460 461 458
462 451 463
464 465 458
466 444 467
467 444 445
445 468 467
445 469 468
469 445 470
468 469 471
468 471 472
473 467 468
474 473 468
474 475 473
473 476 467
477 476 473
478 467 476
478 476 479
480 481 473
482 483 476
469 484 485
469 486 484
484 486 487
484 487 488
489 484 488
484 489 490
484 490 491
492 490 489
492 493 490
489 488 494
495 489 494
495 494 496
497 494 488
488 498 497
488 499 498
497 500 494
501 494 500
501 500 502
500 503 502
504 500 497
504 503 500
505 504 497
506 503 504
506 507 503
507 506 508
507 508 509
508 510 509
511 512 435
513 435 514
515 516 517
517 518 519
518 517 520
518 520 521
522 520 517
522 523 520
520 524 525
520 526 524
526 520 527
526 527 528
524 526 529
529 526 530
529 531 524
529 532 531
533 531 532
524 531 534
524 534 535
536 534 531
537 538 526
539 531 540
541 534 542
541 543 534
544 534 543
544 543 545
546 547 543
543 548 549
550 551 552
553 554 551
555 551 556
551 557 558
559 551 560
559 560 561
562 563 561
564 565 490
566 567 490
568 569 570
571 532 568
532 572 568
572 573 568
532 574 572
575 574 532
574 576 572
577 572 576
574 578 576
575 579 574
579 580 574
579 581 580
582 579 575
582 581 579
582 575 583
582 584 581
585 582 583
584 582 585
585 583 586
584 585 587
586 588 585
588 587 585
586 589 588
588 590 587
591 588 589
590 588 591
590 591 592
591 589 593
593 594 591
593 595 594
596 594 595
596 597 594
598 599 600
601 598 602
598 601 603
598 603 604
605 603 601
605 606 603
607 608 601
603 609 610
611 598 612
611 612 613
614 615 603
614 616 615
617 618 619
620 621 622
621 623 624
621 625 623
626 623 625
621 627 625
621 628 627
629 625 627
626 625 629
629 627 630
630 631 629
630 632 631
629 633 626
629 631 633
631 632 634
635 634 632
635 636 634
631 634 637
631 637 633
634 636 638
634 638 637
633 637 639
640 626 633
633 639 640
641 637 638
641 639 637
642 640 639
643 642 639
643 639 641
644 643 641
644 641 645
645 641 638
642 646 640
647 640 646
640 647 626
647 646 648
649 647 648
649 650 647
626 647 651
626 651 652
645 638 653
636 653 638
653 654 645
645 654 655
645 655 656
636 657 653
658 657 636
658 636 659
660 653 657
653 660 654
660 657 661
661 657 662
661 662 663
660 664 654
654 664 665
654 665 666
661 667 660
660 667 664
667 668 664
661 669 667
667 669 670
671 669 661
671 672 669
672 673 669
674 664 675
676 677 678
679 677 680
681 682 677
681 677 683
684 683 677
684 685 683
686 687 683
686 688 687
689 687 690
689 690 691
692 689 693
694 695 692
695 696 692
697 696 695
697 698 696
698 699 696
700 701 702
702 703 704
705 702 706
702 707 708
709 702 710
702 711 712
702 712 713
714 715 716
716 717 718
716 719 720
716 721 719
716 722 721
723 721 724
723 725 721
726 721 725
726 727 721
726 728 727
723 729 725
726 725 730
725 729 730
723 731 729
732 729 731
732 731 733
734 731 723
734 723 735
734 735 736
737 731 734
738 730 729
738 729 739
738 739 740
730 741 726
726 741 742
726 742 743
738 744 730
730 744 741
745 744 738
745 738 746
744 747 741
744 748 747
749 741 747
749 750 741
747 751 749
747 752 751
753 752 747
753 754 752
755 749 751
756 749 755
756 757 749
755 751 758
751 759 758
751 760 759
752 760 751
760 761 759
752 762 760
762 761 760
763 762 752
763 764 762
765 756 755
765 766 756
762 767 761
768 767 762
768 769 767
770 761 767
770 767 769
770 771 761
770 769 772
773 771 770
773 770 772
773 772 774
773 775 771
776 773 774
775 773 777
776 777 773
775 777 778
777 776 779
778 777 780
780 777 779
779 781 780
782 783 784
782 785 786
782 787 788
782 788 756
789 782 756
789 790 782
791 792 793
794 791 795
796 791 794
796 794 797
798 791 796
798 796 799
800 738 801
802 803 734
804 731 805
806 807 808
809 808 810
811 808 812
811 813 808
813 814 808
813 815 814
813 816 817
813 817 818
818 819 813
818 820 819
818 821 822
818 823 821
823 818 824
823 824 825
826 821 827
827 821 828
827 829 830
827 831 829
832 831 827
832 833 831
834 827 835
834 835 836
837 838 831
837 831 839
840 839 831
840 841 839
839 842 843
844 845 839
846 847 848
849 850 848
848 850 851
850 852 851
850 853 852
848 851 854
854 855 848
854 856 855
857 854 851
858 857 851
858 851 859
857 860 854
861 854 860
861 860 862
860 857 863
864 863 857
865 863 864
864 857 866
860 863 867
865 867 863
860 867 868
860 868 869
870 865 864
864 871 870
864 872 871
873 870 871
873 871 874
865 875 867
876 875 865
867 875 877
867 877 878
870 879 865
880 879 870
880 870 881
879 880 882
865 879 883
879 882 883
865 883 884
885 883 882
885 886 883
886 885 887
886 887 888
889 888 887
889 890 888
891 890 889
891 889 892
893 891 892
893 892 894
893 894 895
883 896 897
898 850 899
900 901 902
903 904 905
906 907 903
903 908 909
903 910 908
903 911 910
903 912 911
910 913 914
910 914 871
915 910 871
915 916 910
917 918 919
920 917 921
920 921 922
920 923 917
920 924 923
924 925 923
924 920 926
927 926 920
927 920 928
924 926 929
930 924 929
930 929 931
930 932 924
922 933 934
927 935 936
937 930 938
939 930 940
940 930 941
941 930 942
941 942 943
944 940 941
945 944 941
945 941 946
945 946 947
945 948 944
949 940 944
944 950 949
944 951 950
949 952 940
953 940 952
953 952 954
952 955 954
949 956 952
949 957 956
958 949 950
958 950 959
960 950 961
962 963 950
964 954 965
966 954 967
968 954 966
968 969 954
969 970 954
969 971 970
971 969 972
973 969 968
974 969 973
974 973 975
973 968 976
966 977 968
977 978 968
977 979 978
966 980 977
980 981 977
966 982 980
966 983 982
984 977 985
986 980 987
988 989 990
991 992 993
994 995 996
997 998 999
999 1000 1001
999 1002 1003
999 1003 1004
1005 1006 999
1005 999 1007
1008 1009 1010
1009 1011 1012
1013 1011 1009
1013 1009 1014
1015 1013 1014
1014 1009 1016
1014 1016 1017
1018 1019 1014
1018 1020 1019
1011 1021 1022
1021 1011 1023
1021 1023 1024
1025 1026 1027
1028 1029 1026
1030 1026 1031
1030 945 1026
1032 1026 945
1032 1033 1026
1034 1035 1036
1037 1038 1039
1040 1039 1041
1039 1042 1043
1044 1045 1039
1044 1046 1045
1047 1048 1049
1049 1050 1051
1052 1049 1053
1052 1054 1049
1055 1049 1054
1055 1056 1049
1054 1057 1058
1054 1059 1057
1059 1060 1057
1054 1061 1059
1054 1062 1061
1059 1063 1060
1061 1063 1059
1061 1064 1063
1065 1063 1064
1063 1066 1060
1065 1067 1063
1063 1067 1066
1067 1068 1066
1067 1069 1068
1070 1069 1067
1069 1071 1068
1070 1072 1069
1069 1073 1071
1072 1073 1069
1072 1074 1073
1075 1073 1074
1073 1076 1071
1075 1076 1073
1076 1075 1077
1076 1077 1078
1078 1077 1079
1078 1079 1080
1079 1081 1080
1082 1083 1084
1085 1083 1086
1087 1088 1089
1090 1091 1092
1090 1093 1094
1090 1094 1095
1090 1095 1096
1096 1097 1090
1096 1095 1098
1096 1098 1099
1100 1096 1099
1101 1095 1094
1102 1095 1101
1102 1103 1095
1104 1102 1101
1104 1101 1105
1105 1106 1104
1101 1094 1107
1105 1101 1107
1105 1108 1106
1106 1108 1109
1105 1110 1108
1109 1108 1110
1105 1107 1111
1105 1111 1110
1109 1110 1112
1112 1113 1109
1114 1107 1094
1111 1107 1115
1114 1115 1107
1110 1111 1116
1111 1115 1116
1117 1112 1110
1110 1116 1117
1118 1114 1094
1119 1118 1094
1118 1119 1120
1118 1120 1121
1112 1122 1113
1113 1122 1123
1113 1123 1124
1112 1125 1122
1125 1112 1117
1125 1117 1126
1127 1126 1117
1127 1117 1116
1116 1128 1127
1127 1128 1129
1116 1115 1128
1130 1129 1128
1131 1128 1115
1130 1128 1131
1131 1115 1114
1131 1132 1130
1114 1133 1131
1131 1133 1132
1114 1134 1133
1118 1134 1114
1135 1134 1118
1134 1135 1133
1135 1118 1121
1132 1133 1136
1132 1136 1137
1138 1136 1133
1133 1135 1139
1140 1139 1135
1140 1135 1141
1141 1135 1121
1141 1121 1142
1141 1142 1143
1121 1144 1142
1121 1145 1144
1141 1146 1147
1148 1142 1149
1150 1151 1136
1150 1152 1151
1151 1153 1136
1151 1154 1153
1155 1151 1156
1157 1151 1158
1159 1160 1161
1162 1159 1163
1159 1164 1165
1159 1165 1166
1167 1168 1159
1167 1159 1169
1170 1171 1172
1172 1173 1174
1175 1176 1172
1175 1177 1176
1177 1178 1179
1180 1178 1181
1182 1172 1183
1182 1183 1184
1185 1186 1187
1188 1187 1189
1188 1190 1187
1191 1187 1190
1187 1191 1192
1191 1190 1193
1193 1194 1191
1193 1195 1194
1193 1190 1196
1193 1196 1197
1198 1199 1191
1193 1200 1201
1193 1201 1202
1203 1204 1190
1203 1205 1204
1206 1207 1204
1206 1208 1207
1209 1210 1211
1211 1212 1213
1214 1211 1213
1214 1215 1211
1216 1211 1215
1216 1217 1211
1218 1216 1215
1218 1215 1219
1215 1220 1219
1215 1221 1220
1222 1219 1220
1222 1223 1219
1219 1223 1224
1225 1224 1223
1219 1224 1226
1227 1223 1222
1225 1223 1228
1227 1228 1223
1229 1227 1222
1230 1229 1222
1230 1222 1231
1232 1229 1230
1232 1230 1233
1228 1227 1234
1229 1235 1227
1234 1227 1235
1234 1235 1236
1229 1237 1235
1229 1238 1237
1225 1228 1239
1228 1234 1239
1239 1234 1240
1241 1240 1234
1241 1234 1242
1239 1240 1243
1243 1240 1244
1244 1240 1245
1243 1244 1246
1247 1246 1244
1248 1243 1246
1248 1249 1243
1249 1239 1243
1247 1250 1246
1251 1250 1247
1252 1246 1250
1249 1253 1239
1225 1239 1253
1254 1253 1249
1254 1249 1255
1255 1249 1256
1257 1225 1253
1257 1253 1254
1258 1257 1254
1258 1254 1259
1260 1259 1254
1260 1261 1259
1262 1225 1257
1257 1263 1262
1257 1264 1263
1262 1265 1225
1225 1265 1266
1267 1265 1262
1262 1268 1267
1262 1269 1268
1267 1270 1265
1271 1270 1267
1270 1272 1265
1270 1273 1272
1274 1267 1275
1276 1270 1277
1278 1279 1280
1280 1281 1282
1280 1282 1230
1280 1230 1283
1280 1283 1284
1285 1280 1284
1286 1287 1288
1286 1289 1290
1286 1290 1291
1286 1291 1292
1293 1291 1290
1293 1290 1294
1295 1296 1290
1291 1297 1298
1299 1300 1286
1299 1301 1300
1302 1303 1291
1302 1291 1304
1305 1306 1307
1308 1309 1305
1308 1310 1309
1311 1312 1313
1314 1315 1316
1317 1316 1318
1319 1320 1316
1319 1316 1321
1322 1321 1316
1322 1323 1321
1319 1321 1324
1325 1324 1321
1325 1326 1324
1319 1324 1327
1327 1324 1328
1327 1328 1329
1324 1330 1328
1324 1331 1330
1332 1333 1328
1332 1334 1333
1335 1333 1336
1335 1336 1337
1338 1335 1339
1338 1339 1340
1341 1338 1342
1341 1342 1343
1344 1341 1343
1344 1343 1345
1344 1346 1347
1344 1347 1348
1348 1347 1349
1348 1349 1350
1351 1352 1353
1354 1355 1353
1354 1353 1356
1357 1358 1353
1359 1353 1358
1359 1358 1360
1361 1360 1358
1361 1362 1360
1362 1363 1360
1362 1364 1363
1360 1363 1365
1360 1365 1366
1367 1358 1368
1369 1363 1370
1371 1363 1372
1371 1372 1373
1374 1375 1376
1377 1378 1379
1380 1379 1381
1382 1383 1379
1382 1384 1383
1385 1379 1383
1385 1383 1386
1387 1388 1383
1383 1388 1389
1390 1383 1389
1390 1389 1391
1392 1389 1388
1393 1392 1388
1388 1394 1393
1388 1395 1394
1396 1393 1394
1396 1394 1397
1392 1398 1389
1399 1389 1398
1399 1400 1389
1401 1399 1398
1401 1402 1399
1393 1403 1392
1393 1404 1403
1393 1405 1404
1406 1403 1404
1406 1407 1403
1403 1408 1392
1403 1409 1408
1392 1410 1398
1408 1410 1392
1411 1398 1410
1411 1412 1398
1408 1413 1410
1410 1413 1414
1410 1414 1415
1408 1416 1413
1408 1417 1416
1416 1417 1418
1416 1418 1419
1413 1416 1420
1413 1420 1421
1416 1422 1420
1416 1419 1422
1423 1422 1419
1423 1419 1424
1425 1424 1419
1423 1424 1426
1423 1426 1427
1428 1429 1408
1427 1430 1431
1427 1431 1432
1433 1432 1431
1434 1435 1436
1437 1438 1434
1437 1434 1439
1440 1434 1441
1442 1434 1440
1442 1443 1434
1444 1442 1440
1444 1440 1445
1446 1440 1447
1448 1449 1442
1448 1442 1450
1451 1450 1442
1451 1452 1450
1450 1453 1454
1455 1456 1450
1457 1458 1459
1460 1461 1462
1462 1463 1464
1462 1394 1463
1462 1465 1394
1462 1466 1465
1462 1467 1466
1468 1469 1470
1471 1470 1472
1472 1473 1474
1475 1472 1476
1475 1477 1472
1477 1475 1478
1479 1472 1477
1479 1477 1480
1477 1478 1481
1482 1477 1481
1482 1481 1483
1481 1484 1485
1481 1485 1486
1487 1488 1489
1490 1489 1491
1490 1492 1489
1493 1489 1492
1493 1494 1489
1493 1495 1494
1496 1495 1493
1496 1493 1497
1493 1492 1498
1498 1499 1493
1498 1500 1499
1501 1498 1492
1502 1503 1498
1504 1505 1492
1495 1506 1507
1495 1508 1509
1495 1509 1510
1511 1512 1513
1511 1514 1515
1511 1516 1517
1511 1518 1516
1511 1519 1518
1511 1520 1519
1521 1518 1519
1521 1522 1518
1518 1522 1523
1518 1523 1524
1525 1522 1526
1525 1527 1522
1527 1528 1522
1527 1525 1529
1527 1529 1530
1531 1530 1529
1531 1529 1532
1532 1533 1531
1532 1534 1533
1533 1534 1535
1536 1531 1533
1536 1537 1531
1537 1530 1531
1538 1527 1530
1537 1538 1530
1538 1539 1527
1527 1539 1540
1541 1538 1537
1539 1538 1541
1541 1537 1542
1542 1537 1543
1539 1541 1544
1544 1545 1539
1546 1539 1545
1547 1544 1541
1547 1541 1548
1548 1541 1549
1548 1549 1550
1547 1548 1551
1548 1552 1551
1548 1553 1552
1547 1551 1554
1555 1547 1554
1544 1547 1556
1555 1556 1547
1544 1557 1545
1544 1556 1557
1555 1558 1556
1555 1559 1558
1556 1560 1557
1556 1558 1560
1561 1545 1557
1561 1557 1560
1559 1562 1558
1559 1563 1562
1564 1560 1558
1564 1558 1562
1561 1565 1545
1545 1565 1566
1560 1567 1561
1560 1564 1567
1568 1565 1561
1568 1561 1567
1569 1565 1568
1569 1568 1570
1562 1571 1564
1572 1567 1564
1572 1564 1571
1562 1573 1571
1573 1562 1574
1573 1574 1575
1567 1576 1568
1577 1568 1576
1577 1578 1568
1567 1572 1579
1567 1579 1576
1572 1580 1579
1572 1581 1580
1571 1581 1572
1582 1571 1573
1571 1582 1581
1579 1583 1576
1579 1584 1583
1576 1583 1585
1576 1585 1586
1582 1573 1587
1587 1573 1588
1587 1588 1589
1590 1581 1582
1591 1581 1590
1591 1590 1592
1587 1593 1582
1590 1582 1593
1587 1594 1593
1594 1587 1595
1594 1595 1596
1597 1590 1593
1590 1597 1598
1590 1598 1599
1594 1600 1593
1597 1593 1600
1594 1601 1600
1602 1601 1594
1602 1603 1601
1604 1600 1601
1604 1601 1605
1604 1605 1606
1607 1597 1600
1607 1600 1604
1607 1604 1608
1597 1607 1609
1597 1609 1610
1611 1612 1604
1613 1607 1614
1615 1616 1617
1565 1618 1619
1620 1621 1622
1622 1623 1624
1625 1626 1622
1625 1622 1627
1628 1622 1629
1628 1629 1630
1631 1632 1633
1634 1635 1631
1631 1636 1637
1631 1637 1638
1639 1631 1638
1639 1638 1640
1641 1642 1638
1641 1643 1642
1644 1638 1642
1644 1642 1645
1646 1647 1642
1648 1642 1649
1648 1649 1650
1649 1651 1652
1653 1654 1655
1656 1654 1657
1658 1659 1654
1658 1654 1660
1660 1654 1661
1660 1661 1662
1660 1663 1664
1660 1583 1663
1665 1583 1660
1665 1666 1583
1667 1668 1669
1670 1671 1669
1670 1672 1671
1672 1673 1674
1672 1675 1673
1676 1675 1677
1678 1675 1679
1678 1680 1675
1675 1680 1681
1680 1678 1682
1680 1682 1683
1684 1685 1680
1686 1687 1678
1678 1688 1689
1678 1689 1690
1691 1692 1693
1694 1695 1693
1696 1693 1695
1696 1697 1693
1696 1698 1697
1699 1698 1696
1699 1696 1700
1696 1695 1701
1700 1696 1701
1701 1695 1702
1701 1702 1703
1700 1701 1704
1705 1704 1701
1705 1701 1706
1707 1700 1704
1700 1707 1708
1707 1704 1709
1704 1710 1709
1704 1711 1710
1710 1712 1709
1709 1713 1707
1709 1712 1713
1714 1707 1713
1715 1707 1714
1715 1716 1707
1717 1715 1714
1717 1714 1718
1713 1719 1714
1720 1713 1712
1713 1720 1719
1714 1719 1721
1714 1721 1722
1723 1721 1719
1723 1724 1721
1719 1720 1725
1719 1725 1723
1724 1723 1726
1724 1726 1727
1723 1728 1726
1723 1725 1728
1729 1727 1726
1726 1728 1729
1729 1730 1727
1729 1731 1730
1729 1732 1731
1731 1732 1733
1729 1728 1734
1729 1734 1732
1725 1720 1735
1720 1712 1735
1725 1736 1728
1728 1736 1734
1725 1735 1737
1725 1737 1736
1735 1712 1738
1737 1735 1739
1735 1738 1739
1736 1737 1740
1737 1739 1740
1741 1738 1712
1741 1712 1742
1743 1739 1738
1743 1744 1739
1744 1740 1739
1738 1745 1743
1738 1741 1745
1745 1741 1746
1744 1747 1740
1747 1748 1740
1736 1740 1748
1747 1749 1748
1750 1736 1748
1749 1750 1748
1749 1751 1750
1750 1734 1736
1750 1751 1752
1752 1734 1750
1732 1734 1752
1732 1752 1753
1732 1753 1754
1755 1741 1756
1757 1732 1758
1759 1760 1761
1761 1762 1763
1761 1763 1764
1764 1765 1761
1761 1765 1766
1764 1767 1765
1767 1768 1765
1767 1769 1768
1770 1767 1764
1770 1764 1771
1765 1772 1773
1774 1775 1767
1774 1776 1775
1777 1778 1764
1777 1764 1779
1780 1695 1781
1782 1783 1784
1785 1786 1787
1787 1788 1789
1790 1787 1791
1790 1792 1787
1792 1793 1787
1792 1794 1793
1792 1795 1796
1792 1796 1715
1715 1797 1792
1715 1798 1797
1799 1800 1801
1802 1800 1803
1802 1804 1800
1800 1804 1805
1804 1806 1807
1808 1809 1800
1808 1800 1810
1811 1804 1812
1811 1812 1813
1814 1815 1816
1817 1816 1818
1817 1818 1819
1820 1817 1819
1821 1822 1817
1823 1817 1822
1823 1822 1824
1822 1825 1826
1822 1827 1825
1827 1822 1828
1829 1830 1831
415 1832 1833
1834 1835 1836
1837 1838 1839
1840 1841 1842
1843 1844 1845
1846 1847 1848
1849 1850 971
971 1851 1852
1853 1854 971
1853 971 1855
1855 1856 1853
1857 1858 1859
1860 1861 1862
1863 1864 1865
1866 1867 1868
1869 1870 1871
1872 1873 1874
1875 1876 1872
1872 1877 1875
1875 1877 1878
1875 1878 1879
1872 1880 1877
1880 1872 1881
1880 1881 1882
1880 1883 1877
1877 1883 1884
1877 1884 1885
1880 1886 1883
1887 1886 1880
1887 1880 1888
1886 1889 1883
1883 1889 1890
1883 1890 1891
1886 1892 1889
1892 1886 1893
1892 1893 1894
1895 1889 1892
1896 1895 1892
1895 1897 1889
1898 1889 1897
1898 1899 1889
1897 1895 1900
1901 1900 1895
1901 1902 1900
1897 1900 1903
1903 1904 1897
1903 1905 1904
1903 1900 1906
1907 1906 1900
1903 1906 1908
1909 1892 1910
1911 1895 1912
1913 1914 1903
1913 1915 1914
1916 1917 1918
1919 1918 1920
1918 1919 1921
1919 1922 1921
1919 1923 1922
1924 1923 1919
1918 1921 1925
1925 1926 1918
1925 1927 1926
1925 1921 1928
1929 1928 1921
1929 1930 1928
1925 1928 1931
1932 1925 1931
1932 1931 1933
1934 1931 1928
1934 1928 1935
1934 1935 1936
1934 1937 1931
1938 1931 1937
1939 1931 1938
1934 1940 1937
1940 1941 1937
1934 1942 1940
1942 1934 1943
1942 1943 1944
1940 1942 1945
1946 1937 1947
1937 1948 1949
1940 1950 1951
1940 1952 1953
1940 1954 1955
1956 1957 1942
1956 1958 1957
1959 1960 1875
1961 1962 1963
1961 1964 1965
1961 1965 1966
1967 1961 1966
1967 1968 1961
1967 1966 1969
1967 1969 1970
1967 1970 1971
1971 1972 1967
1969 1966 1973
1974 1973 1966
1974 1966 1975
1969 1973 1976
1969 1976 1977
1969 1977 1978
1979 1976 1973
1980 1979 1973
1980 1981 1979
1979 1982 1976
1983 1976 1982
1983 1984 1976
1985 1982 1979
1986 1985 1979
1986 1979 1987
1985 1986 1988
1985 1989 1982
1989 1985 1990
1982 1989 1991
1982 1991 1992
1993 1994 1995
1996 1995 1997
1995 1996 1998
1999 1998 1996
1999 2000 1998
1995 1998 2001
2001 2002 1995
2001 2003 2002
2004 2001 1998
2004 2005 2001
2006 2007 1996
2008 2009 1998
2008 2010 2009
2011 2001 2012
2011 2012 2013
2014 2015 2013
2016 2017 2018
2019 2020 2021
2022 2019 2023
2022 2024 2019
2025 2019 2024
2025 2026 2019
2025 2024 2027
2025 2027 2028
2025 2028 2029
2027 2024 2030
2031 2030 2024
2031 2024 2032
2027 2030 2033
2034 2027 2033
2034 2035 2027
2033 2030 2036
2030 2037 2036
2030 2038 2037
2033 2036 2039
2040 2033 2039
2040 2041 2033
2042 2039 2036
2043 2042 2036
2043 2036 2044
2042 2045 2039
2046 2039 2045
2046 2047 2039
2045 2042 2048
2049 2048 2042
2049 2042 2050
2048 2049 2051
2048 2051 2052
2048 2052 2053
2048 2053 2054
2045 2048 2054
2045 2054 2055
2045 2055 2056
2054 2057 2058
2059 2060 2061
2062 2061 2063
2064 2061 2062
2064 2065 2061
2064 2066 2065
2064 2062 2067
2067 2068 2064
2069 2064 2068
2069 2068 2070
2071 2067 2062
2071 2072 2067
2070 2068 2073
2070 2073 2074
2067 2075 2068
2076 2075 2067
2076 2077 2075
2068 2075 2078
2079 2080 2062
2081 2068 2082
2083 2068 2084
2085 2075 2086
2087 2075 2088
2087 2088 2089
2090 2091 2025
2092 2093 2094
2095 2093 2096
2095 2096 2097
2098 2099 2100
2098 2101 2102
2098 2103 2101
2098 2104 2103
2105 2103 2104
2103 2105 2106
2103 2106 2107
2098 2108 2104
2109 2108 2098
2110 2104 2108
2110 2111 2104
2105 2104 2111
2110 2108 2112
2112 2108 2113
2112 2114 2110
2112 2115 2114
2111 2116 2105
2117 2111 2110
2111 2118 2116
2111 2117 2118
2119 2118 2117
2119 2117 2120
2117 2110 2121
2121 2122 2117
2121 2123 2122
2116 2118 2124
2118 2125 2124
2118 2126 2125
2116 2124 2127
2127 2124 2128
2128 2124 2129
2128 2129 2130
2127 2131 2116
2131 2105 2116
2121 2110 2132
2110 2133 2132
2110 2134 2133
2121 2132 2135
2136 2135 2132
2121 2135 2137
2121 2137 2138
2127 2128 2139
2139 2140 2127
2127 2140 2131
2128 2141 2139
2128 2142 2141
2128 2143 2142
2128 2144 2143
2139 2145 2140
2145 2146 2140
2145 2147 2146
2131 2140 2148
2131 2148 2149
2150 2131 2151
2150 2151 2152
2150 2105 2131
2153 2105 2150
2154 2153 2150
2154 2155 2153
2153 2156 2105
2157 2156 2153
2156 2158 2105
2156 2159 2158
2160 2153 2161
2162 2163 2156
2164 2165 2166
2112 2167 2168
2132 2169 2170
2171 2135 2172
2173 2174 2175
2176 2177 2178
2179 2178 2180
2181 2182 2178
2181 2183 2182
2181 2178 2184
2181 2184 2185
2185 2186 2181
2185 2187 2186
2186 2188 2181
2186 2189 2190
2186 2191 2189
2192 2189 2191
2192 2191 2193
2194 2191 2186
2191 2194 2195
2191 2195 2196
2194 2197 2195
2194 2198 2197
2194 2186 2199
2200 2199 2186
2200 2201 2199
2194 2202 2198
2194 2199 2202
2203 2202 2199
2203 2204 2202
2205 2206 2198
2205 2207 2206
2208 2209 2210
2211 2209 2212
2213 2209 2214
2213 2215 2209
2215 2216 2209
2215 2217 2216
2215 2218 2219
2215 2220 2218
2220 2215 2221
2220 2221 2222
2223 2220 2224
2225 2220 2226
2220 2225 2227
2225 2228 2229
2225 2230 2228
2228 2231 2232
2233 2234 2228
2233 2228 2235
2236 2235 2228
2236 2228 2237
2238 2235 2239
2240 2241 2235
2242 2225 2243
2242 2243 2244
2245 2225 2242
2245 2242 2246
2247 2248 2242
2247 2249 2248
2250 2242 2248
2250 2248 2251
2252 2248 2253
2252 2253 2254
2253 2248 2255
2253 2255 2256
2257 2258 2259
2260 2257 2261
2260 2262 2257
2262 2263 2257
2263 2264 2257
2262 2265 2263
2265 2266 2263
2267 2263 2266
2265 2268 2266
2269 2265 2262
2270 2269 2262
2270 2262 2271
2269 2272 2265
2272 2269 2273
2269 2274 2273
2265 2272 2275
2265 2275 2276
2272 2273 2277
2278 2272 2277
2278 2279 2272
2273 2280 2277
2281 2277 2280
2281 2282 2277
2273 2283 2280
2284 2283 2273
2273 2285 2284
2273 2286 2285
2287 2284 2285
2287 2285 2288
2283 2289 2280
2280 2289 2290
2280 2290 2291
2284 2292 2283
2284 2293 2292
2284 2294 2293
2283 2292 2295
2283 2295 2289
2295 2292 2296
2296 2292 2297
2296 2297 2298
2295 2299 2289
2289 2299 2300
2289 2300 2301
2295 2302 2299
2302 2295 2296
2302 2296 2303
2303 2296 2304
2303 2304 2305
2306 2307 2308
2309 2310 2308
2308 2311 2312
2308 2285 2311
2313 2285 2308
2313 2308 2314
2315 2316 2317
2318 2319 2316
2320 2318 2316
2320 2316 2321
2322 2321 2316
2322 2323 2321
2324 2325 2321
2324 2321 2326
2326 2321 2327
2326 2327 2328
2326 2329 2324
2330 2324 2329
2330 2329 2331
2326 2332 2329
2329 2332 2333
2326 2334 2332
2326 2335 2334
2336 2333 2332
2336 2337 2333
2329 2333 2338
2338 2339 2329
2338 2340 2339
2341 2338 2333
2342 2338 2341
2342 2341 2343
2341 2333 2344
2333 2345 2344
2333 2346 2345
2347 2348 2349
2350 2351 2347
2352 2347 2353
2352 2353 2354
2355 2353 2347
2355 2356 2353
2357 2358 2353
2358 2359 2353
2359 2360 2353
2359 2361 2360
2362 2363 2359
2362 2364 2363
2364 2362 2365
2364 2365 2366
2367 2368 2358
2367 2358 2369
2358 2370 2369
2371 2372 2369
2373 2369 2374
2375 2376 2358
2375 2377 2376
2376 2378 2379
2376 2379 2380
2381 2380 2382
2383 2384 2385
2385 2386 2387
2385 2388 2386
2385 2389 2388
2388 2389 2390
2385 2391 2389
2385 2392 2391
2388 2390 2393
2388 2393 2394
2395 2390 2389
2389 2396 2395
2389 2397 2396
2396 2398 2395
2396 2399 2398
2400 2396 2397
2400 2397 2401
2400 2402 2396
2400 2403 2402
2395 2404 2390
2404 2395 2405
2406 2390 2404
2390 2406 2407
2390 2407 2408
2409 2390 2408
2407 2410 2408
2411 2408 2410
2406 2404 2412
2413 2407 2406
2406 2412 2414
2406 2414 2413
2412 2404 2415
2414 2412 2416
2412 2415 2416
2417 2415 2404
2417 2404 2418
2419 2415 2417
2419 2417 2420
2421 2416 2415
2421 2415 2422
2414 2416 2423
2413 2414 2424
2424 2414 2423
2424 2423 2425
2413 2424 2426
2423 2427 2425
2428 2413 2426
2413 2428 2407
2428 2426 2429
2430 2423 2416
2421 2430 2416
2423 2431 2427
2430 2431 2423
2427 2431 2432
2432 2431 2430
2427 2432 2433
2432 2434 2433
2432 2435 2434
2436 2407 2428
2407 2436 2410
2437 2428 2429
2436 2428 2437
2437 2429 2438
2439 2437 2438
2439 2438 2440
2441 2436 2437
2441 2437 2442
2436 2443 2410
2436 2444 2443
2445 2410 2446
2445 2447 2410
2447 2448 2410
2447 2449 2448
2450 2447 2451
2452 2453 2447
2454 2455 2456
2457 2458 2454
2454 2459 2460
2454 2460 2461
2454 2461 2462
2454 2463 2464
2461 2465 2466
2466 2467 2461
2466 2468 2467
2469 2461 2467
2466 2470 2468
2466 2471 2470
2466 2472 2471
2468 2470 2473
2474 2467 2468
2467 2474 2475
2468 2473 2476
2474 2468 2476
2476 2473 2477
2477 2474 2476
2477 2478 2474
2477 2473 2479
2479 2473 2480
2479 2481 2477
2481 2482 2477
2481 2479 2483
2479 2484 2485
2486 2473 2487
2486 2487 2488
2489 2487 2490
2489 2490 2491
2492 2474 2493
2493 2474 2494
2493 2494 2495
2496 2479 2497
2496 2497 2498
2499 2479 2496
2499 2496 2500
2501 2496 2502
2503 2496 2504
2505 2493 2506
2505 2506 2507
2508 2493 2505
2508 2505 2509
2505 2510 2511
2505 2512 2513
2514 2515 2516
2516 2517 2518
2516 2519 2520
2516 2520 2466
2521 2516 2466
2521 2466 2522
2523 2524 2466
2525 2526 2527
2526 2528 2529
2526 2530 2531
2526 2532 2530
2532 2526 2533
2532 2533 2534
2532 2421 2535
2532 2430 2421
2532 2536 2430
2536 2532 2537
2536 2537 2538
2432 2430 2536
2539 2432 2536
2539 2536 2540
2541 2542 2421
2541 2543 2542
2544 2421 2542
2544 2542 2545
2546 2547 2542
2548 2549 2542
2550 2551 2552
2551 2553 2554
2551 2555 2556
2551 2481 2555
2551 2557 2481
2551 2558 2557
2559 2560 2561
2562 2563 2559
2564 2559 2565
2564 2417 2559
2559 2417 2566
2559 2566 2567
2568 2400 2569
2400 2570 2571
2572 2573 2574
2573 2575 2576
2577 2578 2573
2577 2573 2579
2573 2463 2579
2573 2580 2463
2579 2581 2582
2467 2579 2583
2467 2584 2579
2585 1886 2586
2587 2588 2589
2590 2591 2589
2590 621 2591
2592 2593 2594
2595 2596 2594
2596 2597 2598
2599 2594 2600
2600 1552 2601
2600 2601 2602
2603 2604 375
2605 2606 2607
2608 2609 2610
2611 2612 2613
2614 2612 1533
2612 2615 1533
2616 2617 2618
2619 2620 2621
2621 2622 2623
2624 2621 2625
2624 2625 2626
2627 2628 2621
2627 2629 2628
2630 2631 2632
2633 2634 2630
2635 2633 2630
2635 2630 2636
2635 2636 2637
2635 2638 2633
2638 2639 2633
2638 2640 2639
2641 2638 2635
2635 2642 2641
2635 2643 2642
2641 2644 2638
2644 2645 2638
2644 2646 2645
2647 2646 2644
2647 2648 2646
2649 2648 2647
2644 2650 2647
2649 2647 2650
2644 2641 2650
2649 2650 2651
2641 2651 2650
2641 2652 2651
2653 2654 2655
2656 2657 2655
2656 2658 2657
2657 2659 2660
2661 2657 2662
2663 2657 2664
2663 2664 2665
2666 2667 2665
2668 2669 2633
2670 2671 2672
2673 2671 2674
2673 2675 2671
2675 2676 2671
2671 2676 2677
2675 2678 2676
2678 2679 2676
2678 2680 2679
2681 2678 2675
2675 2682 2681
2675 2683 2682
2681 2684 2678
2685 2678 2684
2685 2686 2678
2687 2685 2684
2687 2684 2688
2688 2689 2687
2690 2688 2684
2689 2688 2690
2690 2684 2681
2689 2690 2691
2691 2690 2681
2691 2681 2692
2676 2693 2694
2695 2696 2697
2698 2699 2696
2698 2700 2699
2701 2699 2700
2701 2702 2699
2699 2703 2696
2696 2703 2704
2696 2704 2705
2699 2706 2703
2707 2706 2699
2707 2699 2708
2709 2706 2707
2709 2707 2710
2710 2711 2709
2712 2706 2709
2712 2703 2706
2711 2712 2709
2713 2703 2712
2713 2704 2703
2713 2712 2711
2704 2713 2714
2711 2714 2713
2704 2714 2715
2716 2704 2715
2716 2715 2717
2717 2718 2716
2717 2719 2718
2714 2711 2720
2714 2721 2715
2714 2720 2721
2715 2722 2717
2715 2721 2722
2723 2720 2711
2724 2723 2711
2720 2723 2725
2724 2725 2723
2720 2725 2721
2724 2726 2725
2727 2725 2726
2727 2726 2728
2721 2725 2729
2721 2729 2722
2722 2729 2730
2730 2717 2722
2730 2719 2717
2731 2719 2730
2731 2732 2719
2733 2732 2731
2733 2734 2732
2734 2719 2732
2734 2735 2719
2736 2737 2738
2736 2738 2739
2740 2741 2742
2740 2743 2741
2744 2743 2740
2744 2745 2743
2746 2743 2747
2748 2743 2746
2749 2750 2740
2749 2740 2751
2752 2740 2753
2752 2753 2754
2755 2756 2757
2755 2757 2758
2759 2760 2761
2762 2761 2760
2763 2764 2765
2763 2766 2764
2767 2768 2769
2767 2769 2770
2771 2772 2773
2771 2773 2774
2775 2776 2777
2775 2778 2776
2778 2775 2779
2778 2779 2780
2781 2780 2779
2781 2782 2780
2782 2781 2783
2784 2782 2783
2784 2783 2785
2786 2782 2784
2786 2780 2782
2787 2780 2786
2787 2778 2780
2788 2778 2787
2788 2776 2778
2789 2776 2788
2789 408 2776
2790 2776 408
2790 408 2791
755 2792 2793
755 2793 2794
2795 2796 2797
2795 2797 2798
2799 2800 2801
2799 2801 2802
2803 2804 2805
2803 2805 2806
2807 2808 2805
2807 2809 2808
2810 2811 2812
2810 2812 2813
2814 2815 1235
2814 1235 2816
2817 2818 2819
2819 2818 2820
2819 2820 2821
2822 2821 2823
2822 2823 2824
2824 2825 2826
2824 2827 2825
2828 2829 2827
2828 2830 2829
2828 2831 2832
2828 2833 2831
2831 2833 2834
2835 2836 2837
2836 2835 1399
2836 1399 2838
2839 1399 2835
2839 2835 2840
2835 2841 2840
2842 2843 2844
2842 2844 2845
2846 2847 2848
2846 2848 2849
2850 2851 2852
2850 2852 2853
2854 2855 2856
2854 2856 2857
2858 2859 875
2858 875 2860
2861 2862 2863
2861 2864 2862
2865 2866 2867
2865 2867 2868
2869 2870 2871
2869 2871 2872
2873 2874 2875
2873 2875 2876
2877 2878 2879
2877 2879 2880
2189 2881 2882
2189 2882 2883
2884 2885 2189
2884 2189 2886
2887 2888 2889
2887 2889 2890
2891 2892 2893
2893 2892 2324
2893 2324 2894
2892 2895 2324
2892 2896 2895
2897 2898 2899
2897 2471 2898
2897 2900 2901
2897 2901 2902
2903 2904 2905
2903 381 2904
2906 2907 2908
2906 2908 2909
2910 2911 2912
2910 2912 2913
2914 2915 2916
2914 2916 2917
2918 2919 2920
2918 2920 2921
2922 2923 2924
2922 2924 2925
2926 2927 2928
2926 2928 2929
2930 2931 2932
2930 2932 2933
2934 2935 2936
2934 2936 2937
2938 2939 2700
2938 2700 2940
2940 2941 2938
2942 2941 2940
2700 2942 2940
2700 2943 2942
