byte offset: 0
first index: 0
index count: 7176
topology: trianglelist
format: DXGI_FORMAT_R16_UINT

0 1 2
3 1 4
1 5 6
1 6 7
8 1 7
8 7 9
10 7 11
10 12 7
13 7 12
13 12 14
15 16 12
15 17 16
16 18 12
16 19 18
20 21 16
22 16 21
22 21 23
21 24 25
21 26 27
21 28 26
29 28 21
29 21 30
28 31 32
28 33 31
34 33 28
34 28 35
33 36 37
33 38 36
33 39 38
33 40 39
41 42 38
41 38 43
44 43 38
44 38 45
46 47 43
46 43 48
43 49 48
43 50 49
51 48 52
51 52 53
54 52 48
54 55 52
56 57 52
56 52 58
59 58 52
59 60 58
61 62 58
61 58 63
64 63 58
64 65 63
66 67 63
68 66 63
68 63 69
70 69 63
68 69 71
72 71 69
72 73 71
74 68 71
74 71 75
68 76 66
77 76 68
77 78 76
66 76 79
66 79 80
81 82 69
83 84 66
85 71 86
71 87 88
76 89 90
91 76 92
93 94 95
96 97 94
96 98 97
99 100 101
102 103 104
105 106 107
108 109 110
111 112 110
110 113 114
110 115 113
116 115 110
116 117 115
118 119 115
118 115 120
121 120 115
121 122 120
123 120 124
123 124 125
124 120 126
124 126 127
128 124 129
130 129 124
130 131 129
129 132 133
129 134 135
129 135 136
137 129 136
137 138 129
136 139 140
136 140 141
142 136 141
142 143 136
141 144 145
141 145 146
141 146 147
141 147 148
149 146 150
149 151 146
152 146 151
152 153 146
154 151 155
154 156 151
151 156 157
151 157 158
159 160 156
159 161 160
162 156 160
162 160 163
164 160 165
164 166 160
167 160 166
167 166 168
169 166 170
169 171 166
172 166 171
172 171 173
174 171 175
176 171 174
176 177 171
178 171 177
176 179 177
180 177 179
180 179 181
182 179 176
182 183 179
176 174 184
185 176 184
185 184 186
174 187 184
174 188 187
189 177 190
191 174 192
193 194 179
179 195 196
184 197 198
199 200 184
201 202 203
204 203 205
204 205 206
207 208 209
210 211 212
213 214 215
216 217 218
216 219 217
220 219 216
219 221 217
220 222 219
223 222 220
219 224 221
224 219 222
224 225 221
224 226 225
225 226 227
223 228 222
228 223 229
224 222 230
226 224 230
222 228 231
222 231 230
228 229 232
233 232 229
234 231 228
234 228 232
230 231 235
234 235 231
233 236 232
237 236 233
238 234 232
238 232 236
226 230 239
230 235 239
234 240 235
240 234 238
237 241 236
242 241 237
242 237 243
241 242 244
236 241 245
241 244 245
236 245 238
246 245 244
238 245 246
238 246 247
240 238 247
247 246 248
240 247 249
247 248 249
240 249 250
248 250 249
250 235 240
248 251 250
250 252 235
252 250 251
239 235 252
239 252 253
226 239 253
252 251 254
253 252 254
226 253 255
227 226 255
256 255 253
253 254 256
257 227 255
256 257 255
257 258 227
257 259 258
257 260 259
260 257 256
261 259 260
260 256 262
254 262 256
261 260 263
263 260 262
261 263 264
261 264 265
266 265 264
266 267 265
268 267 266
268 269 267
266 270 268
266 271 270
271 266 264
272 270 271
263 273 264
271 264 273
272 271 274
273 274 271
275 272 274
263 262 276
263 276 273
273 277 274
277 273 276
276 262 278
254 278 262
276 278 279
277 276 279
280 278 254
279 278 280
280 254 251
277 279 281
281 279 280
280 251 282
281 280 282
283 282 251
274 277 284
277 281 284
283 285 282
285 281 282
283 286 285
283 287 286
285 288 281
284 281 288
285 286 288
274 284 289
275 274 289
284 288 290
286 290 288
289 284 290
287 291 286
286 291 290
287 292 291
275 289 293
289 290 293
291 293 290
275 293 294
295 294 293
292 296 291
291 296 293
295 293 296
292 297 296
295 296 298
298 296 297
299 300 301
300 302 301
300 303 302
303 304 302
303 305 304
306 304 305
306 305 307
308 306 307
308 309 306
310 309 308
310 308 311
312 310 311
313 312 311
313 311 314
315 313 314
315 316 313
317 316 315
317 318 316
319 318 317
319 320 318
321 320 319
321 322 320
323 322 321
324 325 326
324 326 327
328 324 327
327 326 329
328 327 330
331 328 330
327 329 332
332 330 327
332 329 333
332 333 334
333 335 334
331 330 336
336 337 331
332 338 330
334 338 332
330 339 336
330 338 339
336 340 337
341 337 340
342 336 339
342 340 336
338 343 339
342 339 343
341 340 344
345 341 344
346 340 342
346 344 340
334 347 338
338 347 343
342 343 348
348 346 342
345 344 349
350 345 349
350 351 345
349 352 350
344 353 349
349 353 352
344 346 353
354 352 353
346 354 353
346 355 354
348 355 346
355 356 354
348 357 355
355 357 356
348 358 357
356 357 358
358 348 343
356 358 359
358 343 360
360 359 358
347 360 343
347 361 360
334 361 347
360 362 359
361 362 360
334 363 361
334 335 363
364 361 363
361 364 362
365 363 335
364 363 365
365 335 366
365 366 367
365 367 368
368 364 365
369 368 367
368 370 364
362 364 370
369 371 368
371 370 368
369 372 371
369 373 372
374 372 373
374 373 375
376 374 375
376 375 377
374 376 378
374 378 379
379 372 374
380 379 378
371 372 381
379 381 372
380 382 379
381 379 382
383 382 380
371 384 370
371 381 384
381 382 385
385 384 381
384 386 370
362 370 386
384 387 386
385 387 384
388 362 386
387 388 386
388 359 362
385 389 387
389 388 387
388 390 359
389 390 388
391 359 390
382 392 385
385 392 389
391 390 393
393 390 389
391 393 394
391 394 395
393 389 396
392 396 389
393 396 394
382 397 392
383 397 382
392 398 396
394 396 398
397 398 392
395 394 399
394 398 399
395 399 400
383 401 397
397 401 398
399 398 401
383 402 401
403 401 402
400 399 404
399 401 404
403 404 401
400 404 405
403 406 404
406 405 404
407 408 409
407 410 408
410 411 408
412 410 407
410 413 411
414 411 413
412 415 410
415 413 410
416 415 412
416 412 417
418 415 416
418 419 415
415 419 413
420 419 418
420 421 419
413 419 421
422 421 420
414 413 423
413 421 423
424 414 423
422 425 421
423 421 425
426 425 422
424 423 427
423 425 427
428 424 427
428 427 429
425 429 427
429 430 428
429 431 430
432 431 429
425 432 429
426 432 425
432 426 433
432 433 434
435 436 437
435 438 436
439 436 438
440 438 435
439 438 441
441 442 439
440 443 438
443 441 438
444 443 440
443 444 441
444 440 445
441 446 442
444 446 441
447 444 445
444 447 446
447 445 448
447 448 449
447 449 450
450 446 447
451 450 449
452 442 446
450 452 446
452 453 442
451 454 450
452 450 454
455 454 451
456 453 452
452 454 456
456 457 453
455 458 454
456 454 458
459 458 455
460 457 456
456 458 460
459 460 458
460 461 457
462 460 459
462 461 460
463 464 465
463 465 466
467 463 466
466 465 468
467 466 469
470 467 469
466 468 471
469 466 471
471 468 472
470 469 473
469 471 473
474 470 473
471 472 475
475 473 471
475 472 476
475 477 473
474 473 477
477 478 474
477 479 478
479 477 480
481 478 479
481 479 482
483 481 482
482 479 484
484 479 485
485 476 484
483 482 486
484 486 482
487 483 486
476 488 484
484 488 486
487 486 488
476 489 488
489 487 488
489 490 487
491 492 493
491 493 494
495 491 494
496 494 493
496 493 497
495 494 498
499 495 498
497 500 496
497 501 500
496 500 502
503 494 496
496 502 503
503 498 494
503 502 504
499 498 505
505 498 503
505 506 499
503 504 507
505 503 507
507 504 508
505 509 506
507 509 505
509 510 506
507 508 511
507 511 509
511 508 512
511 512 513
513 509 511
513 512 514
513 514 515
509 516 510
513 516 509
515 516 513
516 517 510
515 518 516
516 518 517
519 520 521
522 519 521
522 521 523
522 523 524
522 524 525
525 524 526
527 528 529
527 529 530
531 532 533
531 533 534
535 536 537
535 537 538
539 540 541
539 541 542
543 544 545
543 545 546
547 548 549
547 549 550
551 552 553
551 553 554
555 556 557
555 557 558
559 560 561
559 561 562
563 564 565
563 565 566
567 568 569
567 569 570
571 572 573
571 573 574
575 576 577
575 577 578
579 580 581
579 581 582
583 584 585
583 585 586
586 585 587
588 583 586
586 587 589
590 589 587
588 586 591
591 586 589
592 588 591
592 593 588
594 592 591
594 591 595
591 589 595
596 594 595
596 595 597
589 597 595
598 596 597
590 599 589
589 599 597
600 599 590
598 597 601
599 601 597
602 598 601
600 603 599
599 603 601
604 603 600
604 605 603
601 603 605
605 604 606
605 606 607
608 605 607
601 605 608
602 601 608
608 609 602
608 610 609
611 612 613
611 613 614
615 614 613
616 611 614
615 617 614
617 615 618
616 614 619
619 614 617
620 616 619
619 617 620
620 621 616
617 618 622
620 617 622
623 621 620
620 622 623
623 624 621
623 625 624
623 626 625
626 623 622
627 625 626
628 622 618
626 622 628
628 618 629
627 626 630
628 630 626
631 627 630
632 628 629
628 632 630
632 629 633
631 630 634
632 634 630
635 631 634
636 632 633
632 636 634
635 634 636
636 633 637
638 635 636
638 636 637
639 640 641
639 642 640
643 642 639
642 644 640
643 645 642
646 645 643
642 647 644
645 647 642
647 648 644
646 649 645
645 649 647
650 649 646
647 651 648
651 647 649
651 652 648
651 649 653
650 653 649
653 650 654
653 654 655
655 656 653
657 655 654
657 658 655
659 658 657
658 660 655
660 661 655
652 661 660
659 662 658
660 658 662
663 662 659
652 660 664
660 662 664
663 664 662
652 664 665
665 664 663
665 663 666
667 668 669
667 670 668
671 670 667
672 668 670
672 673 668
671 674 670
675 674 671
673 672 676
673 676 677
672 678 676
679 672 670
672 679 678
679 670 674
679 680 678
675 681 674
681 679 674
681 675 682
679 683 680
681 683 679
683 684 680
681 682 685
683 681 685
685 682 686
683 687 684
683 685 687
687 688 684
687 689 688
689 687 685
689 690 688
689 691 690
685 686 692
689 685 692
691 689 692
692 686 693
691 692 694
692 693 694
695 696 697
698 696 695
698 699 696
698 700 699
698 701 700
701 702 700
703 704 705
703 705 706
707 708 709
707 709 710
711 712 713
711 713 714
715 716 717
715 717 718
719 720 721
719 721 722
723 724 725
723 725 726
727 728 729
727 729 730
731 732 733
731 733 734
735 736 737
735 737 738
739 740 741
739 741 742
743 744 745
743 745 746
747 748 749
747 749 750
751 752 753
751 753 754
755 756 757
755 757 758
759 760 761
761 760 762
761 762 763
763 762 764
763 764 765
765 764 766
765 766 767
768 767 766
768 766 769
769 770 768
769 771 770
771 772 770
772 773 770
772 774 773
775 773 774
775 774 776
777 775 776
777 776 778
778 779 777
778 780 779
780 781 779
780 782 781
782 783 781
784 785 786
787 784 786
787 788 784
788 787 789
788 789 790
791 790 789
791 792 790
792 791 793
792 793 794
790 792 794
795 794 793
795 793 796
797 795 796
798 788 790
790 794 799
798 790 799
795 800 794
800 799 794
797 801 795
801 800 795
800 802 799
802 798 799
803 788 798
803 784 788
797 804 801
797 805 804
806 804 805
801 807 800
802 800 807
807 801 804
806 808 804
808 806 809
807 804 810
808 810 804
808 809 811
811 809 812
802 807 813
813 807 810
808 814 810
811 814 808
811 812 815
815 812 816
813 810 817
817 810 814
811 818 814
818 811 815
815 816 819
819 816 820
818 815 821
821 815 819
814 818 822
822 818 821
817 814 823
814 822 823
819 820 824
821 819 825
824 825 819
824 820 826
826 820 827
826 827 828
829 826 828
824 826 829
829 828 830
831 829 830
831 830 832
824 829 833
833 829 831
824 834 825
833 834 824
835 821 825
834 835 825
832 836 831
832 837 836
836 837 838
833 831 839
839 831 836
833 840 834
839 840 833
835 841 821
822 821 841
840 842 834
834 842 835
836 838 843
839 836 844
844 836 843
839 845 840
845 839 844
843 838 846
846 838 847
844 843 848
848 843 846
840 849 842
845 849 840
850 842 849
845 850 849
851 835 842
850 851 842
845 844 852
852 844 848
851 853 835
841 835 853
845 854 850
852 854 845
855 851 850
853 851 855
841 853 856
822 841 856
857 850 854
855 850 857
853 855 858
856 853 858
822 856 859
823 822 859
856 858 860
860 859 856
861 858 855
860 858 861
823 859 862
862 817 823
863 855 857
861 855 863
860 864 859
862 859 864
857 854 865
863 857 866
866 857 865
867 865 854
852 867 854
867 852 868
852 848 868
868 848 869
848 846 869
869 846 870
846 847 870
871 870 847
871 847 872
869 870 873
873 870 871
868 869 874
873 874 869
867 868 875
874 875 868
867 876 865
876 867 875
871 872 877
877 872 878
873 871 879
879 871 877
873 880 874
879 880 873
874 881 875
880 881 874
877 878 882
882 878 883
879 877 884
884 877 882
885 882 883
884 882 885
885 883 886
879 887 880
884 887 879
886 888 885
886 889 888
885 890 884
884 890 887
885 888 890
887 891 880
880 891 881
889 892 888
889 893 892
894 887 890
887 894 891
888 895 890
888 892 895
894 890 895
891 896 881
894 897 891
891 897 896
895 898 894
894 898 897
895 892 899
895 899 898
881 896 900
881 900 875
876 875 900
892 893 901
899 892 902
892 901 902
902 901 903
904 901 893
905 904 893
899 902 906
902 903 906
907 903 901
904 907 901
905 908 904
909 908 905
909 910 908
910 909 911
910 911 912
912 911 913
914 912 913
914 913 915
916 910 912
916 912 914
910 917 908
910 916 917
908 918 904
908 917 918
919 907 904
918 919 904
920 914 915
920 915 921
922 916 914
922 914 920
916 923 917
916 922 923
924 918 917
924 917 923
919 925 907
907 925 903
918 924 926
918 926 919
920 921 927
928 922 920
928 920 927
922 929 923
922 928 929
923 930 924
923 929 930
931 927 921
931 921 932
933 928 927
933 927 931
928 934 929
928 933 934
924 935 926
924 930 935
929 936 930
929 934 936
930 937 935
930 936 937
938 931 932
939 933 931
939 931 938
940 934 933
940 933 939
934 941 936
934 940 941
942 938 932
942 932 943
944 942 943
945 939 938
945 938 942
946 940 939
946 939 945
944 947 942
947 944 948
949 945 942
949 942 947
947 948 950
950 948 951
952 941 940
952 940 946
953 946 945
953 945 949
954 949 947
954 947 950
950 951 955
955 951 956
955 956 957
958 950 955
958 955 957
958 954 950
949 954 959
949 959 953
946 960 952
946 953 960
961 958 957
961 957 962
954 958 963
954 963 959
958 961 964
958 964 963
965 961 962
965 962 966
967 964 961
967 961 965
963 964 968
968 964 967
959 963 969
963 968 969
953 959 970
959 969 970
953 970 971
971 970 969
953 971 960
972 965 966
972 966 973
974 967 965
974 965 972
975 972 973
975 973 976
972 977 974
972 975 977
978 967 974
977 978 974
976 979 975
976 980 979
979 980 981
978 982 967
968 967 982
975 983 977
975 979 983
979 981 984
985 983 979
985 979 984
981 986 984
981 987 986
986 987 988
984 986 989
984 989 985
986 988 990
986 990 989
991 990 988
991 988 992
992 993 991
993 990 991
992 994 993
989 990 995
993 995 990
996 985 989
989 995 996
997 983 985
996 997 985
998 993 994
998 994 999
1000 995 993
996 995 1000
1000 993 998
999 1001 998
999 1002 1001
1001 1002 1003
1004 1000 998
1004 998 1001
996 1000 1005
1004 1005 1000
1006 996 1005
1006 997 996
997 1007 983
1007 977 983
1004 1008 1005
1008 1006 1005
1009 1007 997
1006 1009 997
1007 1010 977
977 1010 978
1001 1003 1011
1001 1012 1004
1001 1011 1012
1011 1003 1013
1003 1014 1013
1015 1013 1014
1016 1004 1012
1016 1008 1004
1011 1017 1012
1017 1011 1013
1018 1016 1012
1017 1018 1012
1019 1010 1007
1010 1020 978
1010 1019 1020
1019 1007 1021
1009 1021 1007
978 1020 1022
978 1022 982
982 1022 1023
982 1023 968
1024 968 1023
1024 969 968
971 969 1024
1023 1025 1024
1025 971 1024
1022 1026 1023
1023 1026 1025
1027 1022 1020
1022 1027 1026
1019 1028 1020
1027 1020 1028
1029 1019 1021
1019 1029 1028
1025 1030 971
1030 960 971
1031 1025 1026
1027 1031 1026
1029 1021 1032
1032 1021 1009
1030 1033 960
952 960 1033
1034 1030 1025
1031 1034 1025
952 1033 1035
1035 941 952
1036 1033 1030
1034 1036 1030
1035 1033 1037
1036 1037 1033
1035 1038 941
936 941 1038
936 1038 937
1039 1038 1035
1035 1037 1039
1040 937 1038
1039 1040 1038
1040 1041 937
1041 935 937
1041 1042 935
926 935 1042
926 1042 1043
1043 919 926
1043 1044 919
919 1044 925
1045 1039 1037
1046 1040 1039
1045 1046 1039
1041 1040 1047
1046 1047 1040
1042 1041 1048
1041 1047 1048
1043 1042 1049
1042 1048 1049
1044 1043 1050
1043 1049 1050
925 1044 1051
1044 1050 1051
1037 1052 1045
1037 1036 1052
925 1051 1053
1053 903 925
1036 1054 1052
1036 1034 1054
1055 1054 1034
1055 1034 1031
1052 1054 1056
1056 1054 1055
1045 1052 1057
1052 1056 1057
1058 1051 1050
1053 1051 1059
1058 1059 1051
1060 1058 1050
1060 1050 1049
1049 1061 1060
1049 1048 1061
1062 1061 1048
1062 1048 1047
1063 1062 1047
1063 1047 1046
1064 1063 1046
1064 1046 1045
1045 1057 1065
1065 1064 1045
1058 1060 1066
1067 1060 1061
1067 1066 1060
1061 1062 1068
1061 1068 1067
1069 1062 1063
1069 1068 1062
1070 1063 1064
1070 1069 1063
1065 1071 1064
1070 1064 1071
1065 1057 1072
1072 1071 1065
1058 1066 1073
1073 1059 1058
1057 1074 1072
1057 1056 1074
1069 1075 1068
1076 1069 1070
1069 1076 1075
1077 1068 1075
1077 1067 1068
1078 1066 1067
1078 1067 1077
1066 1079 1073
1066 1078 1079
1076 1070 1080
1081 1075 1076
1081 1076 1080
1080 1070 1082
1070 1071 1082
1083 1082 1071
1072 1083 1071
1075 1084 1077
1085 1078 1077
1085 1077 1084
1078 1086 1079
1078 1085 1086
1081 1087 1075
1075 1087 1084
1084 1088 1085
1084 1089 1088
1087 1089 1084
1085 1088 1090
1085 1090 1086
1087 1091 1089
1087 1092 1091
1087 1081 1092
1086 1090 1093
1081 1094 1092
1086 1093 1095
1079 1086 1095
1095 1093 1096
1081 1097 1094
1081 1080 1097
1097 1098 1094
1079 1095 1099
1099 1073 1079
1095 1096 1100
1099 1095 1100
1097 1080 1101
1080 1082 1101
1097 1102 1098
1097 1101 1102
1103 1098 1102
1102 1104 1103
1102 1105 1104
1105 1102 1101
1106 1104 1105
1099 1107 1073
1073 1107 1059
1099 1100 1108
1107 1099 1108
1082 1109 1101
1105 1101 1109
1106 1105 1110
1109 1110 1105
1111 1106 1110
1107 1112 1059
1107 1108 1112
1108 1100 1113
1113 1100 1096
1113 1096 1114
1082 1115 1109
1083 1115 1082
1109 1116 1110
1116 1109 1115
1111 1110 1117
1117 1110 1116
1115 1083 1118
1116 1115 1118
1119 1111 1117
1119 1120 1111
1121 1120 1119
1117 1116 1122
1122 1116 1118
1122 1119 1117
1083 1123 1118
1083 1072 1123
1122 1118 1124
1118 1123 1124
1122 1125 1119
1125 1122 1124
1121 1119 1126
1126 1119 1125
1072 1127 1123
1127 1072 1074
1123 1128 1124
1128 1123 1127
1125 1124 1129
1129 1124 1128
1121 1126 1130
1121 1130 1131
1126 1125 1132
1129 1132 1125
1126 1133 1130
1126 1132 1133
1131 1130 1134
1131 1134 1135
1136 1130 1133
1136 1134 1130
1137 1135 1134
1137 1138 1135
1134 1136 1139
1134 1139 1137
1140 1138 1137
1140 1141 1138
1142 1137 1139
1142 1140 1137
1143 1141 1140
1143 1144 1141
1145 1144 1143
1140 1146 1143
1140 1142 1146
1147 1145 1143
1147 1143 1146
1147 1148 1145
1149 1148 1147
1149 1150 1148
1147 1146 1151
1149 1147 1151
1152 1146 1142
1151 1146 1152
1139 1153 1142
1152 1142 1153
1139 1154 1153
1136 1154 1139
1155 1150 1149
1155 1156 1150
1157 1156 1155
1157 1155 1158
1159 1157 1158
1149 1160 1155
1160 1158 1155
1149 1151 1161
1149 1161 1160
1159 1158 1162
1162 1163 1159
1161 1151 1164
1151 1152 1164
1165 1160 1161
1161 1164 1165
1160 1166 1158
1162 1158 1166
1162 1167 1163
1167 1168 1163
1165 1169 1160
1166 1160 1169
1162 1166 1170
1170 1167 1162
1166 1169 1171
1170 1166 1171
1167 1172 1168
1170 1173 1167
1173 1172 1167
1168 1172 1174
1168 1174 1175
1174 1114 1175
1174 1113 1114
1176 1174 1172
1173 1176 1172
1177 1173 1170
1170 1171 1177
1178 1113 1174
1176 1178 1174
1176 1173 1179
1177 1179 1173
1178 1180 1113
1108 1113 1180
1180 1112 1108
1181 1178 1176
1176 1179 1181
1180 1178 1182
1181 1182 1178
1179 1183 1181
1181 1183 1182
1184 1179 1177
1179 1184 1183
1171 1185 1177
1184 1177 1185
1180 1186 1112
1180 1182 1186
1112 1186 1187
1182 1187 1186
1182 1183 1188
1182 1188 1187
1112 1187 1189
1112 1189 1059
1053 1059 1189
1189 1187 1190
1189 1190 1053
1188 1190 1187
1053 1190 903
1188 1191 1190
1191 903 1190
1191 1188 1183
1191 906 903
1191 1183 1192
906 1191 1192
1184 1192 1183
906 1192 1193
899 906 1193
1184 1194 1192
1193 1192 1194
1185 1194 1184
1195 899 1193
1193 1194 1195
1195 898 899
1185 1196 1194
1195 1194 1196
898 1195 1197
1195 1196 1197
898 1197 897
1196 1185 1198
1171 1198 1185
1198 1171 1169
1199 897 1197
1199 896 897
1197 1196 1200
1196 1198 1200
1197 1200 1199
1198 1169 1201
1201 1200 1198
1165 1201 1169
1202 896 1199
1202 900 896
1199 1200 1203
1201 1203 1200
1199 1203 1202
1165 1204 1201
1204 1203 1201
1164 1204 1165
1205 900 1202
1205 876 900
1206 1202 1203
1204 1206 1203
1206 1205 1202
1164 1207 1204
1207 1206 1204
876 1205 1208
876 1208 865
866 865 1208
1209 1205 1206
1209 1208 1205
1207 1209 1206
1164 1210 1207
1164 1152 1210
1208 1211 866
1208 1209 1211
1212 1209 1207
1212 1207 1210
1213 1210 1152
1213 1152 1153
1153 1154 1213
1209 1212 1214
1209 1214 1211
1215 1212 1210
1215 1210 1213
1212 1215 1214
866 1211 1216
866 1216 863
1213 1154 1217
1213 1217 1215
1211 1214 1218
1211 1218 1216
1219 863 1216
1218 1219 1216
1219 861 863
1214 1215 1220
1214 1220 1218
1154 1221 1217
1136 1221 1154
1133 1221 1136
1215 1217 1222
1222 1220 1215
1133 1223 1221
1223 1133 1132
1217 1221 1224
1224 1222 1217
1223 1224 1221
1223 1132 1225
1129 1225 1132
1223 1225 1226
1129 1226 1225
1223 1227 1224
1223 1226 1227
1129 1228 1226
1129 1128 1228
1227 1226 1229
1228 1229 1226
1230 1224 1227
1227 1229 1230
1230 1229 1231
1228 1232 1229
1232 1228 1128
1232 1231 1229
1233 1222 1224
1230 1233 1224
1232 1128 1234
1234 1128 1127
1222 1233 1235
1235 1220 1222
1127 1236 1234
1236 1127 1074
1220 1235 1237
1218 1220 1237
1074 1238 1236
1056 1238 1074
1237 1239 1218
1239 1219 1218
1238 1056 1240
1240 1056 1055
1241 1219 1239
861 1219 1241
1242 1240 1055
1031 1242 1055
861 1241 1243
860 861 1243
1244 860 1243
1244 864 860
1243 1241 1245
1243 1245 1244
1241 1239 1246
1246 1245 1241
1031 1247 1242
1027 1247 1031
1248 1247 1027
1248 1027 1028
1247 1249 1242
1247 1248 1249
1250 1248 1028
1029 1250 1028
1251 1246 1239
1237 1251 1239
1252 1242 1249
1242 1252 1240
1250 1253 1248
1249 1248 1253
1029 1254 1250
1254 1029 1032
1255 1251 1237
1237 1235 1255
1256 1240 1252
1238 1240 1256
1257 1255 1235
1235 1233 1257
1258 1238 1256
1238 1258 1236
1233 1259 1257
1230 1259 1233
1260 1236 1258
1236 1260 1234
1230 1261 1259
1230 1231 1261
1234 1260 1262
1232 1234 1262
1232 1263 1231
1232 1262 1263
1258 1256 1264
1265 1260 1258
1264 1265 1258
1260 1266 1262
1260 1265 1266
1267 1263 1262
1266 1267 1262
1231 1263 1268
1267 1268 1263
1264 1256 1269
1256 1252 1269
1269 1252 1270
1270 1252 1249
1270 1249 1271
1249 1253 1271
1264 1272 1265
1265 1273 1266
1272 1273 1265
1264 1269 1274
1272 1264 1274
1269 1270 1275
1274 1269 1275
1270 1271 1276
1275 1270 1276
1266 1273 1277
1266 1277 1267
1278 1271 1253
1276 1271 1279
1278 1279 1271
1280 1278 1253
1280 1253 1250
1250 1281 1280
1250 1254 1281
1275 1276 1282
1276 1279 1283
1282 1276 1283
1278 1284 1279
1284 1283 1279
1285 1278 1280
1285 1284 1278
1285 1280 1286
1280 1281 1286
1287 1275 1282
1274 1275 1287
1284 1285 1288
1288 1285 1286
1287 1289 1274
1272 1274 1289
1290 1272 1289
1272 1290 1273
1287 1282 1291
1287 1292 1289
1291 1292 1287
1291 1282 1293
1282 1283 1293
1284 1294 1283
1294 1293 1283
1284 1288 1295
1295 1294 1284
1294 1296 1293
1295 1297 1294
1297 1296 1294
1298 1295 1288
1297 1295 1298
1291 1293 1299
1296 1299 1293
1297 1300 1296
1297 1298 1300
1296 1301 1299
1300 1301 1296
1302 1291 1299
1301 1302 1299
1302 1303 1291
1291 1303 1292
1304 1303 1302
1301 1304 1302
1300 1305 1301
1300 1298 1305
1306 1298 1288
1288 1286 1306
1298 1306 1307
1307 1306 1286
1308 1305 1298
1298 1307 1309
1305 1310 1301
1301 1310 1304
1305 1308 1310
1307 1286 1311
1309 1307 1311
1311 1286 1281
1304 1312 1303
1312 1292 1303
1310 1313 1304
1312 1304 1313
1314 1310 1308
1313 1310 1314
1311 1281 1315
1315 1281 1254
1309 1311 1316
1315 1316 1311
1312 1317 1292
1317 1289 1292
1315 1254 1318
1254 1032 1318
1318 1319 1315
1315 1319 1316
1032 1320 1318
1318 1320 1319
1321 1309 1316
1321 1298 1309
1322 1316 1319
1320 1322 1319
1032 1323 1320
1032 1009 1323
1317 1324 1289
1290 1289 1324
1321 1316 1325
1322 1325 1316
1320 1326 1322
1323 1326 1320
1327 1323 1009
1006 1327 1009
1328 1325 1322
1326 1328 1322
1327 1329 1323
1323 1329 1326
1327 1006 1330
1008 1330 1006
1331 1329 1327
1327 1330 1331
1326 1329 1332
1331 1332 1329
1326 1333 1328
1326 1332 1333
1334 1325 1328
1333 1334 1328
1008 1335 1330
1008 1016 1335
1330 1336 1331
1332 1331 1336
1330 1335 1336
1337 1333 1332
1332 1336 1337
1016 1338 1335
1338 1336 1335
1334 1339 1325
1321 1325 1339
1333 1340 1334
1337 1340 1333
1341 1334 1340
1341 1339 1334
1341 1340 1342
1342 1340 1337
1343 1337 1336
1338 1343 1336
1016 1344 1338
1018 1344 1016
1344 1018 1345
1017 1345 1018
1346 1338 1344
1344 1345 1346
1017 1347 1345
1347 1017 1013
1342 1348 1341
1348 1339 1341
1342 1337 1349
1343 1349 1337
1350 1342 1349
1342 1350 1348
1346 1351 1338
1343 1338 1351
1352 1346 1345
1352 1345 1347
1347 1013 1353
1015 1353 1013
1354 1349 1343
1350 1349 1354
1355 1347 1353
1355 1352 1347
1356 1353 1015
1355 1353 1356
1356 1015 1357
1356 1357 1358
1356 1358 1359
1359 1355 1356
1359 1358 1360
1354 1343 1361
1343 1351 1361
1350 1354 1362
1362 1354 1361
1355 1363 1352
1359 1364 1355
1364 1363 1355
1359 1360 1365
1364 1359 1365
1366 1352 1363
1352 1366 1346
1351 1346 1366
1361 1351 1367
1351 1366 1367
1366 1363 1368
1368 1367 1366
1364 1369 1363
1369 1368 1363
1361 1367 1370
1362 1361 1370
1368 1371 1367
1370 1367 1371
1372 1365 1360
1372 1360 1373
1364 1365 1374
1369 1364 1374
1369 1375 1368
1375 1371 1368
1376 1372 1373
1376 1373 1377
1376 1377 1378
1379 1365 1372
1379 1374 1365
1369 1374 1380
1375 1369 1380
1372 1376 1381
1372 1381 1379
1376 1378 1382
1381 1376 1382
1383 1374 1379
1383 1380 1374
1378 1384 1382
1378 1385 1384
785 1384 1385
1381 1382 1386
1386 1382 1384
1379 1381 1387
1379 1387 1383
1388 1384 785
784 1388 785
1389 1384 1388
1386 1384 1389
784 1390 1388
1388 1390 1389
784 803 1390
1381 1386 1391
1381 1391 1387
1389 1392 1386
1391 1386 1392
1389 1390 1393
1389 1393 1392
1393 1390 1394
1394 1390 803
1395 1392 1393
1393 1394 1395
1391 1392 1396
1395 1396 1392
1397 1387 1391
1391 1396 1397
1396 1395 1398
1394 1398 1395
1397 1399 1387
1383 1387 1399
1400 1397 1396
1396 1398 1400
1383 1399 1401
1401 1380 1383
1399 1397 1402
1400 1402 1397
1401 1399 1403
1399 1402 1403
1401 1404 1380
1375 1380 1404
1401 1403 1405
1405 1404 1401
1406 1375 1404
1375 1406 1371
1405 1407 1404
1406 1404 1407
1408 1402 1400
1409 1400 1398
1409 1408 1400
1410 1403 1402
1408 1410 1402
1406 1411 1371
1412 1406 1407
1406 1412 1411
1413 1371 1411
1370 1371 1413
1414 1370 1413
1414 1362 1370
1413 1411 1415
1414 1413 1415
1416 1411 1412
1415 1411 1416
1417 1362 1414
1350 1362 1417
1350 1417 1418
1350 1418 1348
1417 1414 1419
1418 1417 1419
1414 1415 1420
1420 1419 1414
1418 1421 1348
1348 1421 1339
1418 1419 1422
1421 1418 1422
1415 1416 1423
1420 1415 1423
1420 1424 1419
1424 1422 1419
1421 1425 1339
1321 1339 1425
1425 1298 1321
1421 1426 1425
1426 1298 1425
1421 1422 1427
1427 1426 1421
1420 1423 1428
1428 1424 1420
1424 1429 1422
1429 1427 1422
1427 1430 1426
1426 1430 1298
1431 1430 1427
1431 1427 1429
1429 1424 1432
1428 1432 1424
1433 1298 1430
1431 1433 1430
1298 1433 1434
1308 1298 1434
1314 1308 1434
1314 1434 1433
1314 1433 1431
1313 1314 1431
1431 1429 1435
1313 1431 1435
1429 1432 1435
1436 1313 1435
1436 1435 1432
1312 1313 1436
1317 1312 1436
1437 1436 1432
1317 1436 1437
1437 1432 1428
1324 1317 1437
1438 1437 1428
1324 1437 1438
1438 1428 1423
1438 1439 1324
1290 1324 1439
1423 1440 1438
1438 1440 1439
1423 1416 1440
1290 1439 1441
1441 1273 1290
1440 1416 1442
1416 1412 1442
1440 1443 1439
1441 1439 1443
1441 1444 1273
1273 1444 1277
1442 1412 1445
1412 1407 1445
1440 1442 1446
1440 1446 1443
1447 1446 1442
1442 1445 1447
1448 1445 1407
1448 1407 1405
1444 1441 1449
1441 1443 1449
1443 1446 1450
1447 1450 1446
1451 1447 1445
1451 1445 1448
1405 1452 1448
1405 1403 1452
1449 1443 1453
1443 1450 1453
1447 1454 1450
1447 1451 1454
1455 1451 1448
1455 1448 1452
1456 1452 1403
1410 1456 1403
1457 1450 1454
1457 1453 1450
1458 1454 1451
1458 1451 1455
1458 1457 1454
1456 1459 1452
1459 1455 1452
1460 1456 1410
1460 1459 1456
1459 1461 1455
1461 1458 1455
1460 1410 1462
1462 1410 1408
1463 1461 1459
1460 1463 1459
1462 1408 1464
1464 1408 1409
1461 1465 1458
1458 1466 1457
1465 1466 1458
1463 1467 1461
1465 1461 1467
1463 1460 1468
1469 1460 1462
1469 1468 1460
1470 1462 1464
1470 1469 1462
1464 1409 1471
1470 1464 1471
1467 1463 1472
1463 1468 1472
1473 1468 1469
1470 1473 1469
1472 1468 1474
1473 1474 1468
1465 1467 1475
1467 1472 1476
1475 1467 1476
1472 1474 1477
1477 1476 1472
1478 1465 1475
1465 1478 1466
1470 1471 1479
1470 1480 1473
1479 1480 1470
1481 1474 1473
1473 1480 1481
1477 1474 1482
1481 1482 1474
1479 1471 1483
1409 1483 1471
1409 1484 1483
1398 1484 1409
1398 1485 1484
1394 1485 1398
1486 1485 1394
1394 803 1486
1487 1484 1485
1486 1487 1485
803 1488 1486
803 798 1488
802 1488 798
1486 1488 1489
1489 1488 802
1486 1489 1487
1489 802 813
1489 813 1490
1490 813 817
1491 1487 1489
1489 1490 1491
1487 1492 1484
1491 1492 1487
1493 1484 1492
1493 1483 1484
1492 1491 1494
1492 1494 1493
1491 1495 1494
1491 1490 1495
1490 817 1496
862 1496 817
1497 1493 1494
1495 1497 1494
1483 1493 1498
1497 1498 1493
1499 1495 1490
1499 1490 1496
1500 1496 862
1500 1499 1496
862 864 1500
1500 864 1501
1501 864 1244
1483 1498 1502
1479 1483 1502
1503 1479 1502
1479 1503 1480
1498 1504 1502
1503 1502 1504
1480 1503 1505
1503 1504 1505
1480 1505 1481
1498 1506 1504
1497 1506 1498
1504 1506 1507
1504 1507 1505
1497 1508 1506
1506 1508 1507
1501 1244 1509
1245 1509 1244
1510 1508 1497
1495 1510 1497
1499 1510 1495
1481 1505 1511
1512 1505 1507
1512 1511 1505
1508 1513 1507
1512 1507 1513
1510 1514 1508
1508 1514 1513
1499 1515 1510
1515 1514 1510
1481 1511 1516
1482 1481 1516
1511 1512 1517
1516 1511 1517
1518 1515 1499
1518 1499 1500
1500 1501 1518
1515 1519 1514
1519 1515 1518
1519 1513 1514
1482 1516 1520
1516 1517 1520
1512 1513 1521
1512 1521 1517
1501 1522 1518
1519 1518 1522
1519 1523 1513
1521 1513 1523
1523 1519 1522
1524 1482 1520
1524 1477 1482
1525 1520 1517
1524 1520 1525
1517 1521 1526
1521 1523 1526
1517 1527 1525
1517 1526 1528
1526 1523 1529
1523 1522 1529
1526 1529 1528
1530 1525 1527
1530 1524 1525
1524 1531 1477
1477 1531 1476
1532 1531 1524
1532 1524 1530
1533 1476 1531
1533 1531 1532
1475 1476 1533
1530 1527 1534
1534 1527 1517
1535 1475 1533
1478 1475 1535
1530 1534 1536
1532 1530 1536
1537 1533 1532
1535 1533 1537
1534 1517 1538
1538 1536 1534
1536 1539 1532
1537 1532 1539
1538 1540 1536
1540 1539 1536
1541 1538 1517
1541 1540 1538
1535 1542 1478
1537 1543 1535
1535 1543 1542
1539 1544 1537
1537 1544 1543
1539 1545 1544
1540 1545 1539
1546 1543 1544
1545 1546 1544
1540 1547 1545
1545 1547 1546
1541 1548 1540
1548 1547 1540
1549 1541 1517
1549 1548 1541
1548 1550 1547
1546 1547 1550
1546 1551 1543
1551 1542 1543
1549 1552 1548
1552 1550 1548
1549 1517 1553
1553 1552 1549
1546 1550 1554
1551 1546 1554
1517 1555 1553
1528 1555 1517
1555 1528 1529
1552 1556 1550
1554 1550 1556
1553 1557 1552
1557 1553 1555
1557 1556 1552
1555 1529 1558
1557 1555 1558
1558 1529 1559
1559 1529 1522
1501 1559 1522
1559 1501 1509
1558 1559 1560
1558 1560 1557
1559 1509 1560
1557 1561 1556
1560 1561 1557
1560 1509 1562
1560 1562 1561
1245 1562 1509
1563 1556 1561
1563 1561 1562
1554 1556 1563
1564 1562 1245
1564 1563 1562
1564 1245 1246
1565 1554 1563
1565 1563 1564
1551 1554 1565
1566 1564 1246
1566 1565 1564
1251 1566 1246
1567 1551 1565
1567 1565 1566
1551 1567 1542
1568 1566 1251
1568 1567 1566
1255 1568 1251
1569 1542 1567
1569 1567 1568
1568 1255 1570
1568 1570 1569
1570 1255 1257
1571 1542 1569
1571 1478 1542
1571 1466 1478
1257 1572 1570
1257 1259 1572
1569 1570 1573
1569 1573 1571
1570 1572 1573
1571 1574 1466
1574 1571 1573
1574 1457 1466
1572 1259 1575
1575 1259 1261
1572 1576 1573
1572 1575 1576
1574 1573 1577
1573 1576 1577
1574 1578 1457
1577 1578 1574
1578 1453 1457
1578 1579 1453
1449 1453 1579
1577 1580 1578
1580 1579 1578
1576 1581 1577
1577 1581 1580
1582 1449 1579
1444 1449 1582
1580 1583 1579
1582 1579 1583
1581 1583 1580
1444 1582 1584
1584 1582 1583
1277 1444 1584
1576 1585 1581
1575 1585 1576
1581 1586 1583
1584 1583 1586
1586 1581 1585
1277 1584 1587
1586 1587 1584
1267 1277 1587
1586 1585 1588
1586 1588 1587
1589 1267 1587
1589 1268 1267
1588 1590 1587
1588 1585 1590
1590 1589 1587
1591 1585 1575
1590 1585 1591
1592 1268 1589
1231 1268 1592
1590 1593 1589
1590 1591 1593
1592 1589 1593
1592 1593 1591
1591 1575 1594
1592 1591 1594
1231 1592 1594
1575 1261 1594
1231 1594 1261
1595 1596 1597
1598 1597 1596
1598 1599 1597
1600 1599 1598
1601 1599 1600
1599 1601 1602
1599 1602 1597
1603 1597 1602
1595 1597 1604
1603 1604 1597
1595 1604 1605
1605 1604 1603
1605 1603 1606
1595 1605 1607
1605 1606 1608
1607 1605 1609
1605 1608 1609
1607 1609 1610
1611 1609 1608
1610 1609 1612
1611 1612 1609
1610 1612 1613
1614 1612 1611
1613 1612 1614
1615 1616 1617
1618 1617 1616
1618 1616 1619
1620 1618 1619
1621 1620 1619
1619 1622 1621
1619 1616 1622
1623 1622 1616
1615 1624 1616
1623 1616 1624
1625 1624 1615
1625 1623 1624
1625 1626 1623
1625 1615 1627
1625 1628 1626
1627 1629 1625
1625 1629 1628
1627 1630 1629
1631 1628 1629
1630 1632 1629
1631 1629 1632
1630 1633 1632
1634 1631 1632
1633 1634 1632
