byte offset: 0
first index: 0
index count: 7830
topology: trianglelist
format: DXGI_FORMAT_R16_UINT

0 1 2
0 3 1
4 1 3
5 3 0
5 6 3
4 3 7
7 3 6
7 8 4
9 6 5
6 9 10
9 5 11
12 9 11
12 13 9
10 9 13
13 12 14
7 15 8
15 16 8
13 14 17
18 17 14
15 19 16
19 20 16
18 21 17
22 21 18
7 23 15
15 24 19
15 23 24
7 25 23
7 6 25
26 19 24
26 27 19
19 27 20
28 27 26
20 27 28
20 28 29
30 29 28
25 31 23
24 23 31
32 25 6
25 32 31
30 28 33
34 30 33
32 6 35
6 10 35
10 32 35
28 26 36
36 33 28
34 33 37
38 34 37
36 39 33
37 33 39
38 37 40
41 38 40
31 32 42
10 42 32
26 43 36
39 36 43
44 40 37
37 39 44
41 40 45
45 46 41
44 47 40
47 45 40
48 44 39
48 47 44
39 43 49
48 39 49
45 50 46
51 46 50
51 50 52
52 50 53
45 53 50
52 53 54
45 55 53
47 55 45
56 54 53
55 56 53
56 57 54
47 58 55
55 58 56
59 57 56
59 60 57
47 61 58
48 61 47
62 56 58
62 59 56
63 60 59
63 64 60
65 58 61
65 62 58
66 61 48
66 65 61
67 59 62
67 63 59
68 62 65
68 65 66
68 67 62
64 63 69
64 69 70
48 71 66
48 49 71
43 71 49
68 66 72
71 72 66
63 67 73
63 73 69
70 69 74
73 74 69
70 74 75
76 67 68
72 76 68
76 73 67
77 75 74
77 78 75
79 78 77
79 80 78
74 81 77
79 77 81
73 82 74
74 82 81
83 73 76
83 82 73
72 84 76
83 76 84
80 79 85
80 85 86
85 79 87
79 81 87
85 87 88
89 81 82
87 81 89
89 82 83
90 88 87
87 89 90
90 91 88
83 92 89
90 89 92
91 90 93
90 92 93
91 93 94
95 94 93
95 96 94
95 97 96
98 92 83
83 84 98
93 92 99
93 99 95
92 98 100
92 100 99
98 84 101
98 101 100
102 101 84
102 84 72
71 102 72
103 102 71
43 103 71
104 101 102
103 104 102
100 101 105
104 105 101
106 99 100
100 105 106
95 99 107
106 107 99
108 103 43
26 108 43
95 107 109
110 109 107
95 109 97
97 109 110
97 110 111
112 111 110
112 110 113
114 112 113
110 115 113
110 116 115
110 107 116
114 113 117
117 113 115
117 118 114
117 119 118
117 120 119
117 121 120
117 115 121
121 22 120
121 122 22
122 121 115
22 122 21
123 116 107
106 123 107
122 115 124
21 122 124
106 125 123
105 125 106
105 126 125
126 105 104
123 125 127
126 127 125
123 128 116
123 127 128
116 128 129
116 129 115
127 129 128
130 115 129
127 130 129
130 124 115
130 127 131
126 131 127
126 104 132
132 104 103
124 130 133
130 131 133
126 134 131
126 132 134
124 133 135
21 124 135
136 133 131
136 135 133
136 131 134
137 21 135
136 137 135
137 17 21
132 103 138
108 138 103
138 108 139
26 139 108
132 138 140
138 139 140
141 134 132
132 140 141
134 142 136
142 137 136
143 17 137
13 17 143
141 144 134
134 144 142
144 145 142
142 146 137
143 137 146
145 146 142
141 147 144
141 140 147
144 147 145
140 148 147
140 139 148
148 145 147
13 143 149
10 13 149
150 143 146
150 149 143
10 149 150
145 150 146
10 150 42
145 42 150
145 151 42
148 151 145
31 42 151
152 31 151
152 151 148
24 31 152
26 24 152
153 148 139
26 153 139
153 152 148
26 152 153
154 155 156
154 156 157
158 154 157
159 157 156
158 157 160
161 158 160
159 162 157
162 159 163
164 160 157
164 157 162
162 163 165
163 166 165
162 165 167
162 167 164
168 164 167
167 169 168
160 164 170
168 170 164
161 160 171
160 170 171
165 166 172
167 165 172
166 173 172
166 174 173
173 174 175
167 172 176
167 176 169
173 176 172
177 161 171
177 178 161
171 170 179
171 179 177
179 170 168
178 177 180
178 180 181
173 175 182
183 182 175
173 184 176
169 176 184
183 185 182
185 183 186
187 173 182
187 184 173
185 187 182
185 186 188
188 186 189
177 190 180
177 179 190
169 184 191
191 184 187
185 192 187
192 185 188
188 189 193
194 193 189
191 187 195
192 195 187
192 188 196
196 188 193
192 197 195
197 192 196
195 198 191
195 199 198
197 199 195
197 200 199
201 191 198
201 198 202
191 201 169
203 200 197
197 196 203
203 204 200
203 205 204
203 206 205
196 206 203
206 207 205
196 208 206
196 193 208
206 209 207
208 209 206
210 207 209
211 208 193
208 211 209
212 209 211
210 209 213
212 213 209
213 214 210
213 215 214
212 215 213
212 216 215
217 216 212
211 193 218
218 212 211
194 218 193
217 212 219
218 219 212
219 218 194
220 217 219
219 194 221
220 219 221
222 223 224
222 224 225
225 226 222
225 224 227
225 228 226
228 229 226
225 227 230
228 225 230
228 230 231
230 227 181
230 181 180
180 231 230
228 232 229
231 232 228
232 233 229
232 234 233
234 235 233
180 236 231
180 190 236
231 237 232
234 232 237
234 238 235
239 235 238
234 237 240
240 238 234
239 238 241
242 239 241
240 243 238
241 238 243
242 241 244
245 242 244
245 244 246
247 244 241
241 243 247
248 246 244
247 248 244
248 249 246
249 248 250
249 250 251
248 247 252
248 252 250
253 251 250
252 253 250
253 254 251
252 255 253
252 256 255
247 257 252
252 257 256
247 243 257
258 256 257
259 257 243
258 257 259
259 243 240
260 258 259
259 240 261
260 259 261
237 261 240
261 262 260
262 263 260
237 264 261
261 264 262
231 264 237
231 262 264
231 236 262
262 236 265
262 265 263
265 236 190
266 263 265
267 263 266
265 190 268
268 190 179
267 266 269
269 270 267
265 271 266
265 268 271
271 269 266
271 268 272
268 179 273
272 268 273
179 168 273
273 168 274
269 275 270
275 276 270
271 277 269
272 277 271
275 278 276
278 279 276
280 275 269
280 269 277
278 275 280
278 281 279
282 279 281
272 273 283
273 274 283
274 168 284
169 284 168
285 284 169
285 274 284
285 169 201
278 280 286
286 281 278
287 286 280
282 281 288
288 289 282
286 290 281
287 290 286
288 281 290
288 291 289
292 289 291
287 280 293
277 293 280
288 290 294
294 291 288
292 291 295
296 292 295
296 295 297
294 298 291
295 291 298
299 297 295
295 298 299
299 300 297
299 301 300
302 294 290
298 294 302
299 298 303
298 302 303
299 304 301
299 303 304
304 305 301
304 306 305
306 304 303
306 303 307
302 307 303
302 308 307
302 290 309
309 308 302
309 310 308
287 309 290
287 310 309
287 311 310
287 312 311
287 293 312
293 313 312
293 314 313
277 314 293
314 315 313
272 314 277
314 316 315
272 316 314
317 315 316
317 318 315
272 319 316
272 283 319
274 319 283
320 317 316
320 316 319
318 317 321
321 317 320
318 321 322
274 323 319
320 319 323
324 322 321
325 324 321
324 326 322
327 326 324
327 324 328
328 324 325
328 329 327
321 320 330
325 321 330
331 330 320
320 323 331
332 323 274
285 332 274
325 330 333
331 333 330
331 323 334
331 334 335
335 333 331
323 336 334
323 332 336
335 337 333
338 336 332
338 332 285
338 339 336
337 340 333
325 333 340
337 341 340
342 340 341
338 285 343
201 343 285
344 339 338
344 338 343
344 345 339
325 340 346
342 346 340
201 347 343
202 347 201
202 348 347
347 349 343
344 343 349
350 344 349
345 344 351
350 351 344
345 351 352
353 352 351
354 347 348
347 354 349
354 350 349
354 348 355
354 355 356
354 356 357
354 357 350
357 356 358
357 358 359
350 357 359
359 358 360
353 351 361
350 361 351
350 359 362
350 362 361
359 360 363
363 362 359
363 360 364
353 361 365
362 365 361
353 365 366
363 367 362
362 367 365
368 367 363
368 365 367
363 364 369
368 363 369
370 369 364
370 371 369
371 368 369
371 372 368
373 368 372
366 365 374
368 374 365
373 374 368
366 374 375
376 374 373
376 375 374
377 378 379
377 379 380
381 380 379
382 377 380
381 383 380
384 383 381
382 380 385
383 385 380
384 386 383
383 386 385
387 386 384
387 385 386
387 384 388
389 382 385
387 389 385
389 387 388
389 390 382
389 388 391
390 389 391
390 391 392
393 394 395
393 396 394
396 393 397
398 394 396
398 399 394
396 397 400
400 398 396
397 401 400
400 401 398
397 402 401
403 401 402
403 398 401
403 402 404
399 398 405
403 405 398
404 405 403
399 405 406
404 407 405
407 406 405
407 408 406
409 410 411
409 411 412
413 409 412
414 412 411
414 411 415
416 414 415
413 412 417
414 417 412
416 418 414
414 418 417
416 419 418
419 417 418
416 420 419
413 417 421
419 421 417
421 419 420
413 421 422
421 420 423
422 421 423
422 423 424
425 426 427
425 428 426
428 429 426
430 428 425
428 431 429
431 432 429
430 433 428
431 428 433
431 434 432
431 433 434
432 434 435
435 434 433
432 435 436
435 437 436
430 438 433
435 433 438
435 438 437
430 439 438
437 438 439
437 439 440
441 442 443
441 444 442
445 444 441
445 441 446
447 445 446
448 442 444
445 448 444
448 449 442
447 450 445
445 450 448
447 451 450
451 448 450
447 452 451
449 448 453
451 453 448
453 451 452
449 453 454
453 452 455
454 453 455
454 455 456
457 458 459
457 460 458
461 458 460
461 462 458
462 461 463
462 463 464
465 464 463
465 466 464
466 465 467
466 467 468
467 469 468
467 470 469
469 470 471
471 470 472
473 471 472
473 474 471
474 473 475
474 475 476
475 477 476
475 478 477
479 480 481
479 482 480
483 482 479
482 484 480
482 485 484
483 486 482
485 482 486
486 483 487
484 485 488
485 489 488
484 488 490
491 490 488
491 488 492
489 492 488
493 491 492
486 487 494
494 487 495
493 492 496
497 493 496
494 495 498
498 495 499
497 496 500
501 497 500
486 494 502
494 498 503
494 503 502
486 502 504
485 486 504
505 503 498
505 498 506
498 499 506
507 505 506
499 507 506
499 508 507
509 507 508
504 502 510
503 510 502
511 485 504
504 510 511
509 512 507
513 512 509
511 514 485
485 514 489
489 514 511
507 515 505
515 507 512
513 516 512
516 513 517
515 512 518
516 518 512
516 517 519
520 519 517
510 521 511
489 511 521
522 505 515
518 522 515
523 516 519
516 523 518
520 524 519
525 524 520
523 519 526
526 519 524
518 523 527
527 523 526
518 528 522
518 527 528
525 529 524
530 529 525
530 531 529
531 532 529
524 529 532
531 533 532
524 532 534
526 524 534
535 532 533
534 532 535
535 533 536
526 534 537
534 535 537
538 535 536
538 536 539
527 526 540
526 537 540
535 541 537
535 538 541
542 538 539
542 539 543
544 540 537
544 537 541
545 527 540
545 540 544
546 541 538
546 538 542
547 544 541
547 545 544
547 541 546
543 548 542
543 549 548
527 545 550
527 550 528
522 528 550
547 551 545
550 545 551
542 552 546
542 548 552
549 553 548
552 548 553
549 554 553
555 547 546
555 551 547
555 546 552
556 553 554
556 554 557
557 558 556
557 559 558
560 553 556
558 560 556
552 553 561
560 561 553
562 555 552
562 552 561
555 563 551
562 563 555
564 558 559
564 559 565
564 566 558
558 566 560
564 567 566
561 560 568
566 568 560
561 568 562
569 566 567
566 569 568
569 567 570
562 568 571
569 571 568
570 572 569
569 572 571
570 573 572
574 572 573
574 573 575
574 575 576
577 562 571
562 577 563
572 578 571
572 574 578
571 579 577
571 578 579
577 580 563
577 579 580
581 563 580
581 551 563
550 551 581
581 582 550
522 550 582
583 581 580
581 583 582
579 584 580
583 580 584
578 585 579
579 585 584
574 586 578
578 586 585
582 587 522
522 587 505
574 588 586
589 586 588
574 576 588
576 589 588
576 590 589
591 589 590
591 592 589
593 592 591
589 592 594
589 594 595
589 595 586
593 596 592
594 592 596
596 593 597
596 597 598
596 598 599
596 599 600
594 596 600
600 599 501
600 501 601
594 600 601
501 500 601
602 586 595
585 586 602
594 601 603
500 603 601
585 602 604
584 585 604
584 604 605
583 584 605
602 606 604
605 604 606
602 595 607
602 607 606
595 608 607
595 594 608
606 607 608
609 608 594
606 608 609
609 594 603
609 610 606
605 606 610
583 605 611
611 582 583
603 612 609
609 612 610
605 610 613
605 613 611
603 614 612
500 614 603
610 612 615
615 612 614
610 615 613
616 614 500
615 614 616
616 500 496
611 617 582
582 617 587
617 618 587
505 587 618
611 619 617
617 619 618
613 620 611
611 620 619
613 615 621
621 615 616
622 616 496
492 622 496
613 623 620
613 621 623
623 621 624
621 616 625
622 625 616
624 621 625
620 623 626
620 626 619
623 624 626
619 626 627
619 627 618
627 626 624
492 628 622
489 628 492
622 629 625
622 628 629
489 629 628
624 625 629
489 521 629
624 629 521
624 521 630
627 624 630
510 630 521
630 510 631
630 631 627
503 631 510
505 631 503
632 618 627
505 618 632
632 627 631
505 632 631
633 634 635
633 636 634
636 633 637
638 634 636
636 637 639
639 637 640
638 636 641
641 642 638
643 636 639
643 641 636
641 644 642
642 644 645
641 646 644
641 643 646
647 646 643
646 647 648
639 649 643
647 643 649
639 640 650
639 650 649
644 651 645
646 651 644
645 651 652
645 652 653
652 654 653
646 655 651
646 648 655
652 651 655
656 650 640
656 640 657
650 658 649
650 656 658
658 647 649
657 659 656
657 660 659
652 661 654
662 654 661
652 655 663
648 663 655
662 661 664
664 665 662
666 661 652
666 652 663
664 661 666
664 667 665
667 668 665
656 659 669
656 669 658
648 670 663
670 666 663
664 666 671
671 667 664
667 672 668
673 668 672
670 674 666
671 666 674
671 675 667
675 672 667
671 674 676
676 675 671
674 670 677
674 677 678
676 674 678
676 678 679
680 677 670
680 681 677
670 648 680
682 676 679
676 682 675
682 679 683
682 683 684
682 684 685
675 682 685
685 684 686
675 685 687
675 687 672
685 686 688
687 685 688
689 688 686
690 672 687
687 688 690
691 690 688
689 692 688
691 688 692
692 689 693
692 693 694
691 692 694
691 694 695
696 691 695
690 697 672
697 690 691
673 672 697
696 698 691
697 691 698
698 673 697
699 698 696
698 700 673
699 700 698
701 702 703
701 704 702
704 701 705
704 706 702
704 705 707
707 705 708
704 709 706
707 709 704
707 710 709
660 706 709
660 709 659
659 709 710
707 708 711
710 707 711
711 708 712
711 712 713
713 712 714
659 710 715
659 715 669
710 711 716
713 716 711
713 714 717
718 717 714
713 719 716
719 713 717
718 720 717
721 720 718
719 717 722
720 722 717
721 723 720
724 723 721
724 725 723
726 720 723
720 726 722
727 723 725
726 723 727
727 725 728
728 729 727
728 730 729
727 731 726
727 729 731
732 729 730
731 729 732
732 730 733
731 732 734
731 734 735
726 731 736
731 735 736
726 736 722
737 736 735
738 722 736
737 738 736
738 719 722
739 738 737
738 740 719
739 740 738
716 719 740
740 739 741
741 739 742
716 740 743
740 741 743
710 716 743
710 743 741
710 741 715
741 744 715
741 742 744
744 669 715
745 744 742
746 745 742
744 747 669
747 658 669
746 748 745
748 746 749
744 745 750
744 750 747
750 745 748
750 751 747
747 752 658
751 752 747
658 752 647
752 753 647
748 749 754
754 749 755
750 748 756
751 750 756
754 755 757
757 755 758
759 748 754
759 756 748
757 759 754
757 758 760
761 760 758
751 762 752
752 762 753
753 763 647
648 647 763
764 648 763
764 763 753
764 680 648
757 765 759
765 757 760
766 759 765
761 767 760
767 761 768
765 760 769
766 765 769
767 769 760
767 768 770
771 770 768
766 772 759
756 759 772
767 773 769
773 767 770
771 774 770
775 774 771
775 776 774
773 770 777
774 777 770
778 774 776
774 778 777
778 776 779
778 779 780
781 769 773
777 781 773
778 782 777
777 782 781
778 780 783
778 783 782
783 780 784
783 784 785
785 782 783
785 786 782
781 782 786
781 786 787
781 788 769
788 781 787
788 787 789
766 769 788
766 788 789
766 789 790
766 790 791
766 791 772
772 791 792
772 792 793
756 772 793
793 792 794
751 756 793
793 794 795
751 793 795
796 795 794
796 794 797
751 795 798
751 798 762
753 762 798
799 795 796
799 798 795
797 800 796
800 799 796
797 801 800
753 798 802
799 802 798
803 800 801
804 800 803
803 801 805
806 803 805
806 807 803
807 804 803
807 806 808
800 809 799
804 809 800
810 799 809
799 810 802
811 753 802
764 753 811
804 812 809
810 809 812
810 813 802
810 814 813
814 810 812
802 813 815
802 815 811
814 812 816
817 811 815
817 764 811
817 815 818
816 812 819
804 819 812
816 819 820
821 820 819
817 822 764
680 764 822
823 817 818
823 822 817
823 818 824
804 825 819
821 819 825
680 822 826
681 680 826
681 826 827
826 822 828
823 828 822
829 828 823
824 830 823
829 823 830
824 831 830
832 830 831
833 827 826
826 828 833
833 828 829
833 834 827
833 835 834
833 836 835
833 829 836
836 837 835
836 838 837
829 838 836
838 839 837
832 840 830
829 830 840
829 841 838
829 840 841
838 842 839
842 838 841
842 843 839
832 844 840
841 840 844
832 845 844
842 841 846
841 844 846
847 842 846
847 846 844
842 848 843
847 848 842
849 843 848
849 848 850
850 848 847
850 847 851
852 851 847
845 853 844
847 844 853
852 847 853
845 854 853
855 852 853
855 853 854
856 857 858
856 859 857
860 857 859
861 859 856
860 859 862
863 860 862
861 864 859
862 859 864
863 862 865
862 864 865
866 863 865
866 865 864
866 867 863
868 864 861
866 864 868
868 867 866
868 861 869
868 870 867
869 870 868
869 871 870
872 873 874
872 874 875
875 876 872
877 875 874
877 874 878
875 879 876
879 875 877
876 879 880
879 877 880
876 880 881
882 881 880
882 880 877
882 883 881
878 884 877
882 877 884
883 882 884
878 885 884
883 884 886
886 884 885
886 885 887
888 889 890
888 891 889
892 891 888
893 889 891
893 894 889
895 894 893
892 896 891
893 891 896
895 893 897
893 896 897
895 897 898
898 897 896
895 898 899
892 900 896
898 896 900
900 899 898
892 901 900
900 902 899
901 902 900
901 903 902
904 905 906
904 906 907
907 906 908
909 904 907
907 908 910
910 908 911
909 907 912
910 912 907
910 911 913
910 913 912
911 914 913
914 912 913
911 915 914
914 915 916
909 912 917
914 917 912
914 916 917
909 917 918
916 918 917
916 919 918
920 921 922
920 922 923
924 920 923
924 925 920
926 925 924
927 923 922
924 923 927
927 922 928
926 924 929
924 927 929
926 929 930
930 929 927
926 930 931
928 932 927
930 927 932
932 931 930
928 933 932
932 934 931
933 934 932
933 935 934
936 937 938
936 939 937
940 939 936
940 936 941
941 942 940
941 943 942
944 942 943
944 943 945
945 946 944
945 947 946
946 947 948
946 948 949
948 950 949
950 951 949
952 951 950
952 950 953
953 954 952
953 955 954
954 955 956
954 956 957
958 959 960
958 960 961
958 961 962
963 958 962
962 964 963
962 961 965
965 961 966
962 967 964
965 967 962
965 966 968
968 967 965
969 964 967
968 969 967
969 970 964
969 971 970
969 972 971
966 973 968
974 973 966
975 969 968
969 975 972
973 975 968
974 976 973
976 974 977
973 978 975
978 972 975
978 973 976
976 977 979
979 977 980
978 976 981
981 976 979
972 982 971
982 983 971
984 983 982
984 982 985
982 972 985
978 986 972
986 978 981
972 987 985
972 986 987
988 985 987
989 987 986
988 987 989
979 980 990
990 980 991
990 991 992
992 993 990
993 979 990
992 994 993
981 979 995
993 995 979
986 981 996
989 986 996
981 995 997
993 997 995
981 997 996
994 998 993
993 998 997
994 999 998
998 999 1000
997 1001 996
989 996 1001
1002 997 998
997 1002 1001
998 1000 1003
1002 998 1003
1003 1000 1004
1003 1004 1005
1002 1003 1005
1002 1005 1006
1007 1002 1006
1007 1001 1002
1008 1001 1007
989 1001 1008
1008 1007 1009
1010 1008 1009
1011 989 1008
988 989 1011
1011 1012 988
1013 1012 1011
1011 1008 1014
1010 1014 1008
1013 1011 1014
1010 1015 1014
1013 1014 1015
1015 1016 1013
1015 1017 1016
1010 1018 1015
1019 1017 1015
1020 1015 1018
1019 1015 1020
1020 1018 1021
1022 1019 1020
1021 1022 1020
1022 1023 1019
1021 1024 1022
1025 1023 1022
1024 1025 1022
1025 1026 1023
1024 1027 1025
1028 1029 1030
1028 1031 1029
1028 1032 1031
1033 1032 1028
1032 1033 1034
1032 1035 1031
1035 1036 1031
1032 1034 1037
1035 1032 1037
1035 1038 1036
1038 1035 1037
1039 1037 1034
1038 1037 1039
1039 1034 1040
1041 1039 1040
1041 1042 1039
1036 1038 1043
1043 1044 1036
1045 1038 1039
1039 1042 1045
1043 1038 1045
1043 1046 1044
1046 1047 1044
1043 1045 1048
1048 1045 1042
1048 1046 1043
1046 1049 1047
1049 1050 1047
1048 1051 1046
1051 1049 1046
1042 1041 1052
1052 1041 1053
1052 1053 1054
1052 1054 1055
1052 1055 1042
1048 1042 1056
1056 1051 1048
1042 1055 1057
1042 1057 1056
1058 1057 1055
1059 1056 1057
1058 1059 1057
1049 1060 1050
1060 1061 1050
1060 1062 1061
1062 1060 1063
1063 1060 1049
1062 1063 1064
1051 1065 1049
1063 1049 1065
1056 1066 1051
1059 1066 1056
1067 1065 1051
1067 1063 1065
1067 1051 1066
1064 1063 1068
1067 1068 1063
1064 1068 1069
1068 1070 1069
1071 1067 1066
1059 1071 1066
1072 1068 1067
1071 1072 1067
1068 1073 1070
1072 1073 1068
1073 1074 1070
1073 1075 1074
1072 1075 1073
1072 1076 1075
1077 1076 1072
1077 1072 1071
1078 1077 1071
1059 1078 1071
1078 1079 1077
1080 1079 1078
1081 1078 1059
1058 1081 1059
1081 1058 1082
1083 1081 1082
1081 1084 1078
1080 1078 1084
1084 1081 1083
1080 1084 1085
1084 1083 1085
1085 1083 1086
1087 1085 1086
1080 1085 1088
1089 1085 1087
1090 1088 1085
1089 1090 1085
1090 1091 1088
1092 1090 1089
1091 1090 1092
1092 1089 1093
1091 1092 1094
1095 1092 1093
1094 1092 1095
1095 1093 1096
1094 1095 1097
1098 1099 1100
1098 1100 1101
1102 1101 1100
1103 1098 1101
1103 1104 1098
1103 1105 1104
1102 1106 1101
1106 1103 1101
1107 1106 1102
1103 1108 1105
1109 1105 1108
1109 1108 1110
1106 1111 1103
1111 1108 1103
1110 1108 1112
1111 1112 1108
1110 1112 1113
1107 1114 1106
1111 1106 1114
1115 1113 1112
1115 1116 1113
1112 1111 1117
1112 1117 1115
1111 1114 1117
1116 1115 1118
1117 1118 1115
1116 1118 1119
1120 1114 1107
1120 1107 1121
1122 1117 1114
1117 1122 1118
1122 1114 1120
1123 1122 1120
1120 1121 1124
1123 1120 1124
1125 1124 1121
1125 1126 1124
1123 1124 1126
1125 1127 1126
1126 1127 1128
1119 1118 1129
1119 1129 1130
1129 1131 1130
1118 1122 1132
1118 1132 1129
1123 1132 1122
1126 1128 1133
1133 1123 1126
1129 1134 1131
1132 1134 1129
1123 1135 1132
1132 1135 1134
1136 1131 1134
1136 1137 1131
1138 1137 1136
1139 1136 1134
1139 1134 1135
1140 1139 1135
1123 1141 1135
1133 1141 1123
1140 1135 1141
1133 1140 1141
1142 1133 1128
1133 1142 1140
1142 1128 1143
1144 1142 1143
1138 1136 1145
1145 1136 1139
1146 1138 1145
1144 1147 1142
1147 1140 1142
1148 1147 1144
1149 1147 1148
1147 1149 1140
1149 1148 1150
1140 1151 1139
1140 1149 1151
1145 1139 1151
1149 1150 1152
1151 1149 1152
1153 1152 1150
1146 1145 1154
1154 1155 1146
1156 1145 1151
1156 1154 1145
1151 1152 1156
1154 1157 1155
1157 1154 1156
1158 1155 1157
1153 1159 1152
1160 1159 1153
1161 1156 1152
1157 1156 1161
1161 1152 1159
1158 1157 1162
1161 1162 1157
1163 1158 1162
1163 1162 1164
1161 1165 1162
1165 1164 1162
1159 1165 1161
1165 1166 1164
1165 1167 1166
1167 1160 1168
1159 1169 1165
1165 1169 1167
1160 1169 1159
1167 1169 1160
1170 1171 1172
1170 1173 1171
1174 1171 1173
1173 1170 1175
1174 1173 1176
1177 1174 1176
1173 1175 1178
1176 1173 1178
1179 1178 1175
1179 1175 1180
1179 1180 1181
1177 1176 1182
1176 1183 1182
1182 1184 1177
1182 1185 1184
1183 1185 1182
1183 1186 1185
1187 1186 1183
1176 1178 1188
1179 1188 1178
1176 1188 1183
1183 1188 1189
1179 1189 1188
1187 1183 1190
1183 1189 1190
1191 1187 1190
1191 1190 1189
1191 1192 1187
1191 1193 1192
1179 1194 1189
1191 1189 1194
1191 1195 1193
1195 1196 1193
1195 1197 1196
1198 1195 1191
1197 1195 1198
1198 1191 1194
1197 1198 1199
1179 1200 1194
1198 1194 1200
1179 1181 1200
1199 1198 1201
1198 1200 1201
1201 1200 1181
1199 1201 1202
1201 1181 1203
1204 1202 1201
1204 1201 1203
1205 1206 1207
1207 1206 1208
1209 1207 1208
1209 1210 1207
1210 1209 1211
1205 1207 1212
1210 1212 1207
1205 1212 1213
1214 1213 1212
1215 1205 1213
1215 1213 1216
1216 1217 1215
1218 1216 1213
1217 1216 1218
1218 1213 1214
1217 1218 1219
1218 1220 1219
1218 1221 1220
1214 1221 1218
1210 1222 1212
1214 1212 1222
1223 1222 1210
1214 1222 1223
1214 1223 1224
1225 1223 1210
1210 1211 1225
1226 1223 1225
1223 1226 1224
1227 1225 1211
1225 1227 1226
1227 1211 1228
1229 1227 1228
1229 1228 1230
1231 1229 1230
1227 1232 1226
1229 1232 1227
1231 1233 1229
1234 1233 1231
1224 1235 1214
1214 1235 1221
1224 1236 1235
1235 1236 1237
1235 1237 1221
1236 1238 1237
1236 1239 1238
1240 1239 1236
1238 1239 1241
1241 1239 1240
1229 1242 1232
1242 1229 1233
1234 1243 1233
1234 1244 1243
1245 1221 1237
1245 1220 1221
1245 1246 1220
1247 1246 1245
1247 1248 1246
1245 1237 1249
1245 1249 1247
1248 1247 1250
1249 1250 1247
1248 1250 1251
1252 1251 1250
1252 1253 1251
1254 1253 1252
1237 1255 1249
1237 1238 1255
1249 1256 1250
1256 1252 1250
1255 1256 1249
1252 1257 1254
1254 1257 1258
1258 1257 1259
1258 1259 1260
1260 1259 1261
1262 1261 1259
1263 1261 1262
1264 1263 1262
1264 1265 1263
1264 1266 1265
1255 1267 1256
1256 1268 1252
1268 1256 1267
1252 1269 1257
1252 1268 1269
1257 1270 1259
1257 1269 1270
1259 1271 1262
1259 1270 1271
1262 1272 1264
1262 1271 1272
1264 1273 1266
1273 1264 1272
1274 1266 1273
1273 1272 1274
1274 1275 1266
1276 1269 1268
1268 1267 1276
1270 1269 1277
1276 1277 1269
1278 1274 1272
1271 1278 1272
1275 1274 1279
1278 1279 1274
1275 1279 1280
1281 1280 1279
1281 1279 1278
1278 1282 1281
1278 1283 1282
1271 1283 1278
1283 1284 1282
1285 1271 1270
1285 1283 1271
1285 1284 1283
1270 1277 1285
1285 1286 1284
1287 1286 1285
1287 1285 1277
1287 1277 1288
1288 1277 1276
1276 1289 1288
1290 1289 1276
1290 1276 1267
1291 1290 1267
1291 1267 1255
1238 1291 1255
1238 1292 1291
1238 1293 1292
1238 1294 1293
1294 1295 1293
1238 1241 1294
1294 1296 1295
1241 1296 1294
1295 1296 1297
1296 1298 1297
1297 1298 1299
1299 1298 1300
1299 1300 1301
1302 1301 1300
1303 1302 1300
1304 1302 1303
1304 1303 1305
1304 1305 1306
1307 1306 1305
1307 1308 1306
1309 1305 1303
1307 1305 1309
1310 1308 1307
1307 1309 1310
1310 1311 1308
1312 1311 1310
1313 1303 1300
1309 1303 1313
1314 1300 1298
1313 1300 1314
1312 1310 1315
1315 1316 1312
1310 1309 1317
1310 1317 1315
1315 1317 1316
1313 1317 1309
1318 1316 1317
1313 1319 1317
1318 1317 1319
1319 1313 1314
1319 1320 1318
1321 1320 1319
1319 1314 1321
1321 1322 1320
1314 1298 1323
1323 1321 1314
1323 1298 1296
1322 1321 1324
1323 1324 1321
1322 1324 1325
1325 1324 1326
1323 1296 1327
1324 1323 1327
1241 1327 1296
1326 1324 1328
1324 1327 1328
1328 1327 1241
1326 1328 1329
1328 1241 1330
1329 1328 1330
1329 1330 1331
1241 1240 1330
1331 1330 1240
1331 1240 1332
1333 1332 1240
1333 1240 1334
1240 1236 1334
1335 1333 1334
1336 1335 1334
1335 1337 1333
1338 1337 1335
1338 1335 1339
1339 1335 1336
1338 1339 1340
1341 1340 1339
1342 1340 1341
1343 1334 1236
1336 1334 1343
1236 1344 1343
1344 1336 1343
1339 1336 1345
1341 1339 1345
1342 1341 1346
1342 1346 1347
1348 1347 1346
1349 1344 1236
1224 1349 1236
1348 1346 1350
1348 1350 1351
1352 1351 1350
1352 1353 1351
1352 1354 1353
1341 1345 1355
1356 1346 1341
1356 1341 1355
1346 1357 1350
1346 1356 1357
1358 1352 1350
1358 1350 1357
1352 1359 1354
1358 1359 1352
1354 1359 1360
1358 1360 1359
1354 1360 1361
1362 1361 1360
1355 1345 1363
1363 1345 1336
1356 1355 1364
1355 1363 1364
1357 1356 1365
1356 1364 1365
1366 1358 1357
1357 1365 1366
1362 1360 1367
1368 1362 1367
1369 1360 1358
1369 1367 1360
1368 1367 1369
1366 1369 1358
1370 1368 1369
1370 1369 1366
1366 1371 1370
1365 1371 1366
1371 1365 1372
1372 1365 1364
1372 1364 1373
1373 1364 1374
1374 1364 1363
1374 1363 1375
1376 1375 1363
1363 1336 1376
1376 1377 1375
1376 1378 1377
1344 1376 1336
1376 1344 1378
1379 1378 1344
1379 1344 1380
1380 1344 1349
1381 1379 1380
1381 1382 1379
1383 1382 1381
1383 1381 1384
1384 1385 1383
1384 1386 1385
1385 1386 1387
1388 1387 1386
1388 1386 1389
1388 1389 1390
1389 1391 1390
1390 1391 1392
1393 1392 1391
1393 1394 1392
1393 1395 1394
1393 1396 1395
1396 1397 1395
1398 1393 1391
1398 1396 1393
1396 1399 1397
1398 1399 1396
1399 1400 1397
1389 1401 1391
1398 1391 1401
1386 1402 1389
1389 1402 1401
1403 1399 1398
1403 1398 1401
1399 1404 1400
1403 1404 1399
1404 1405 1400
1404 1403 1405
1406 1405 1403
1403 1401 1407
1406 1403 1407
1407 1401 1402
1406 1407 1408
1408 1407 1409
1407 1402 1409
1409 1410 1408
1411 1410 1409
1386 1412 1402
1409 1402 1412
1412 1386 1384
1411 1409 1413
1409 1412 1413
1413 1414 1411
1415 1414 1413
1412 1415 1413
1416 1414 1415
1412 1384 1417
1412 1417 1415
1417 1384 1381
1416 1415 1418
1417 1418 1415
1416 1418 1419
1418 1420 1419
1417 1381 1421
1417 1421 1418
1380 1421 1381
1418 1422 1420
1421 1422 1418
1423 1420 1422
1380 1424 1421
1421 1424 1422
1349 1424 1380
1423 1422 1425
1424 1425 1422
1424 1349 1425
1425 1426 1423
1349 1224 1425
1425 1427 1426
1427 1425 1224
1427 1224 1226
1428 1426 1427
1232 1427 1226
1428 1427 1429
1232 1429 1427
1430 1428 1429
1242 1429 1232
1430 1429 1431
1242 1431 1429
1432 1430 1431
1242 1432 1431
1432 1433 1430
1433 1432 1434
1242 1435 1432
1242 1233 1435
1436 1434 1432
1436 1432 1435
1437 1434 1436
1438 1435 1233
1436 1435 1438
1438 1233 1243
1437 1436 1439
1437 1439 1440
1436 1438 1441
1441 1438 1243
1436 1441 1439
1440 1439 1442
1442 1439 1441
1440 1442 1443
1442 1444 1443
1442 1445 1444
1442 1441 1445
1445 1446 1444
1441 1243 1447
1445 1441 1447
1447 1243 1244
1447 1244 1448
1448 1446 1449
1445 1449 1446
1448 1449 1447
1445 1447 1449
1450 346 342
1450 342 1451
1451 1452 1450
1453 1450 1452
1451 1454 1452
1455 1452 1454
1455 1456 1452
1453 1452 1456
1453 1456 1457
1453 1457 1458
346 1450 1459
1453 1459 1450
1453 1458 1460
1461 1460 1458
1461 1462 1460
329 1460 1462
1453 1460 1463
329 1463 1460
1453 1463 1459
328 1463 329
346 1459 1464
1463 1464 1459
1463 328 1464
325 346 1464
328 325 1464
1465 1466 1467
1466 1468 1467
1469 1468 1466
1469 1466 1470
1470 1471 1469
1465 1472 1466
1472 1470 1466
1465 1473 1472
1474 1472 1473
1475 1473 1465
1475 1476 1473
1476 1475 1477
1473 1476 1478
1477 1478 1476
1473 1478 1474
1477 1479 1478
1480 1478 1479
1480 1481 1478
1474 1478 1481
1472 1482 1470
1474 1482 1472
1483 1470 1482
1474 1483 1482
1474 1484 1483
1485 1470 1483
1470 1485 1471
1486 1485 1483
1483 1484 1486
1487 1471 1485
1485 1486 1487
1487 1488 1471
1489 1488 1487
1489 1490 1488
1491 1490 1489
1487 1486 1492
1489 1487 1492
1491 1489 1493
1494 1491 1493
1484 1474 1495
1474 1481 1495
1484 1495 1496
1495 1497 1496
1495 1481 1497
1496 1497 1498
1496 1498 1499
1500 1496 1499
1498 1501 1499
1501 1500 1499
1489 1492 1502
1502 1493 1489
1494 1493 1503
1494 1503 1504
1481 1505 1497
1481 1480 1505
1505 1480 1506
1507 1505 1506
1507 1506 1508
1505 1509 1497
1505 1507 1509
1508 1510 1507
1509 1507 1510
1508 1511 1510
1512 1510 1511
1512 1511 1513
1514 1512 1513
1497 1509 1515
1497 1515 1498
1509 1510 1516
1516 1510 1512
1515 1509 1516
1512 1514 1517
1514 1518 1517
1518 1519 1517
1518 1520 1519
1520 1521 1519
1522 1519 1521
1523 1522 1521
1524 1522 1523
1524 1523 1525
1524 1525 1526
1515 1516 1527
1516 1512 1528
1528 1527 1516
1512 1517 1529
1512 1529 1528
1517 1519 1530
1517 1530 1529
1519 1522 1531
1519 1531 1530
1522 1524 1532
1522 1532 1531
1524 1526 1533
1533 1532 1524
1534 1533 1526
1533 1534 1532
1534 1526 1535
1536 1528 1529
1528 1536 1527
1530 1537 1529
1536 1529 1537
1538 1532 1534
1531 1532 1538
1535 1539 1534
1538 1534 1539
1535 1540 1539
1541 1539 1540
1541 1538 1539
1538 1541 1542
1538 1542 1543
1531 1538 1543
1543 1542 1544
1545 1530 1531
1545 1531 1543
1545 1543 1544
1530 1545 1537
1545 1544 1546
1547 1545 1546
1547 1537 1545
1547 1548 1537
1548 1536 1537
1536 1548 1549
1550 1536 1549
1550 1527 1536
1551 1527 1550
1551 1515 1527
1498 1515 1551
1498 1551 1552
1553 1498 1552
1553 1554 1498
1554 1553 1555
1498 1554 1501
1554 1555 1556
1501 1554 1556
1555 1557 1556
1556 1557 1558
1557 1559 1558
1559 1560 1558
1559 1561 1560
1562 1560 1561
1563 1560 1562
1564 1563 1562
1564 1565 1563
1564 1566 1565
1567 1565 1566
1567 1566 1568
1569 1563 1565
1567 1569 1565
1570 1567 1568
1567 1570 1569
1570 1568 1571
1572 1570 1571
1573 1560 1563
1569 1573 1563
1574 1558 1560
1573 1574 1560
1572 1575 1570
1575 1572 1576
1570 1577 1569
1570 1575 1577
1575 1576 1577
1573 1569 1577
1578 1577 1576
1573 1577 1579
1578 1579 1577
1579 1574 1573
1579 1578 1580
1581 1579 1580
1579 1581 1574
1581 1580 1582
1574 1583 1558
1583 1574 1581
1583 1556 1558
1582 1584 1581
1583 1581 1584
1582 1585 1584
1585 1586 1584
1583 1587 1556
1584 1587 1583
1501 1556 1587
1586 1588 1584
1584 1588 1587
1588 1501 1587
1586 1589 1588
1588 1590 1501
1589 1590 1588
1589 1591 1590
1501 1590 1500
1500 1590 1591
1500 1591 1592
1593 1500 1592
1593 1594 1500
1500 1594 1496
1595 1594 1593
1596 1594 1595
1595 1593 1597
1598 1595 1597
1598 1599 1595
1599 1596 1595
1598 1600 1599
1601 1599 1600
1602 1601 1600
1603 1496 1594
1596 1603 1594
1496 1603 1604
1604 1603 1596
1599 1605 1596
1601 1605 1599
1602 1606 1601
1602 1607 1606
1608 1606 1607
1609 1496 1604
1484 1496 1609
1608 1610 1606
1608 1611 1610
1612 1610 1611
1612 1611 1613
1612 1613 1614
1601 1615 1605
1616 1601 1606
1616 1615 1601
1606 1610 1617
1606 1617 1616
1618 1610 1612
1618 1617 1610
1612 1614 1619
1618 1612 1619
1614 1620 1619
1618 1619 1620
1614 1621 1620
1622 1620 1621
1615 1623 1605
1623 1596 1605
1616 1624 1615
1615 1624 1623
1617 1625 1616
1616 1625 1624
1626 1617 1618
1617 1626 1625
1622 1627 1620
1628 1627 1622
1629 1618 1620
1629 1620 1627
1628 1629 1627
1626 1618 1629
1630 1629 1628
1630 1626 1629
1626 1630 1631
1625 1626 1631
1631 1632 1625
1632 1624 1625
1632 1633 1624
1633 1634 1624
1634 1623 1624
1634 1635 1623
1636 1623 1635
1623 1636 1596
1636 1635 1637
1636 1637 1638
1604 1596 1636
1636 1638 1604
1639 1604 1638
1639 1640 1604
1640 1609 1604
1641 1640 1639
1641 1639 1642
1643 1641 1642
1643 1644 1641
1644 1643 1645
1644 1645 1646
1645 1647 1646
1648 1646 1647
1648 1649 1646
1648 1650 1649
1649 1650 1651
1650 1652 1651
1653 1651 1652
1653 1652 1654
1653 1654 1655
1653 1655 1656
1656 1655 1657
1658 1651 1653
1658 1653 1656
1656 1657 1659
1658 1656 1659
1659 1657 1660
1649 1651 1661
1658 1661 1651
1646 1649 1662
1649 1661 1662
1663 1658 1659
1663 1661 1658
1659 1660 1664
1663 1659 1664
1664 1660 1665
1664 1665 1663
1666 1663 1665
1663 1667 1661
1666 1667 1663
1667 1662 1661
1666 1668 1667
1668 1669 1667
1667 1669 1662
1669 1668 1670
1671 1669 1670
1646 1662 1672
1669 1672 1662
1672 1644 1646
1671 1673 1669
1669 1673 1672
1673 1671 1674
1675 1673 1674
1672 1673 1675
1676 1675 1674
1672 1677 1644
1672 1675 1677
1677 1641 1644
1676 1678 1675
1677 1675 1678
1676 1679 1678
1678 1679 1680
1677 1681 1641
1677 1678 1681
1640 1641 1681
1678 1680 1682
1681 1678 1682
1683 1682 1680
1640 1681 1684
1681 1682 1684
1609 1640 1684
1683 1685 1682
1684 1682 1685
1684 1685 1609
1685 1683 1686
1609 1685 1484
1685 1686 1687
1687 1484 1685
1687 1486 1484
1688 1687 1686
1492 1486 1687
1688 1689 1687
1492 1687 1689
1690 1689 1688
1502 1492 1689
1690 1691 1689
1502 1689 1691
1692 1691 1690
1692 1502 1691
1692 1690 1693
1693 1694 1692
1692 1695 1502
1502 1695 1493
1696 1692 1694
1696 1695 1692
1697 1696 1694
1698 1493 1695
1696 1698 1695
1698 1503 1493
1697 1699 1696
1697 1700 1699
1696 1701 1698
1701 1503 1698
1696 1699 1701
1700 1702 1699
1702 1701 1699
1700 1703 1702
1702 1703 1704
1702 1704 1705
1702 1705 1701
1705 1704 1706
1701 1707 1503
1705 1707 1701
1707 1504 1503
1707 1708 1504
1708 1709 1706
1705 1706 1709
1708 1707 1709
1705 1709 1707
1710 1711 821
1710 821 825
1711 1710 1712
1713 1712 1710
1711 1712 1714
1715 1714 1712
1715 1712 1716
1713 1716 1712
1713 1717 1716
1713 1718 1717
825 1719 1710
1713 1710 1719
1713 1720 1718
1721 1718 1720
1721 1720 1722
808 1722 1720
1713 1723 1720
808 1720 1723
1713 1719 1723
807 808 1723
825 1724 1719
1723 1719 1724
1723 1724 807
804 1724 825
807 1724 804
