byte offset: 0
first index: 0
index count: 7698
topology: trianglelist
format: DXGI_FORMAT_R16_UINT

0 1 2
3 1 4
5 6 1
7 6 8
9 10 6
4 11 12
13 11 14
11 15 16
11 17 15
18 19 10
18 20 19
21 19 22
23 21 24
25 26 21
27 26 28
29 27 30
31 32 27
33 32 34
33 35 32
36 35 37
38 36 39
40 36 41
42 40 43
44 40 45
46 47 44
47 48 49
50 47 51
50 52 47
53 52 54
53 55 52
56 57 55
56 58 57
59 60 61
62 63 64
65 64 66
65 66 67
68 65 67
68 67 69
68 69 70
68 70 71
72 71 70
72 70 73
74 72 73
74 73 75
76 77 78
79 80 81
82 83 84
85 86 84
85 84 87
88 87 84
89 88 84
89 84 90
89 91 88
92 91 89
93 92 89
93 94 92
95 88 91
95 91 96
92 97 91
98 91 97
98 97 99
100 97 92
100 92 101
100 101 102
100 103 97
104 97 103
104 103 105
106 105 103
107 103 100
107 108 103
106 103 108
109 106 108
109 108 110
111 110 108
111 112 110
109 113 106
106 113 114
113 115 114
116 114 115
106 114 117
117 114 116
117 116 118
109 119 113
120 109 110
120 119 109
113 121 115
121 113 119
120 110 122
123 122 110
123 110 124
120 122 125
126 125 122
126 122 127
120 128 119
129 119 128
128 120 130
120 125 130
129 128 130
121 119 131
129 131 119
121 131 132
132 131 129
121 132 133
133 115 121
130 125 134
135 134 125
135 125 136
129 130 137
130 134 137
138 129 137
137 134 139
137 139 138
140 139 134
140 134 141
138 142 129
132 129 142
142 138 143
132 142 143
143 138 139
132 143 144
133 132 144
143 139 145
146 145 139
146 139 147
143 145 148
143 148 144
149 148 145
149 145 150
133 144 151
144 148 152
144 152 151
153 152 148
153 148 154
155 151 152
155 152 156
157 156 152
157 158 156
151 159 133
151 160 159
133 159 115
115 159 161
159 162 161
159 163 162
115 161 164
116 115 164
161 165 164
161 166 165
167 116 164
167 164 168
158 169 156
170 156 169
170 171 156
158 172 169
173 172 158
173 174 172
175 169 172
172 176 175
172 177 176
175 178 169
179 169 178
179 178 180
181 178 175
175 182 181
181 183 178
184 178 183
184 183 185
186 183 181
187 186 181
187 181 188
186 189 183
190 183 189
190 191 183
192 189 186
193 192 186
193 186 194
192 195 189
196 189 195
196 197 189
198 195 192
199 198 192
199 192 200
198 201 195
202 195 201
202 203 195
204 201 198
205 204 198
205 198 206
204 207 201
208 201 207
208 209 201
210 181 211
212 213 214
215 216 217
116 218 219
116 220 221
116 222 223
224 225 161
226 227 161
228 229 161
230 231 232
233 230 234
235 236 237
236 238 239
236 240 241
236 242 243
236 243 244
236 245 246
245 236 247
245 247 248
249 250 251
252 253 250
254 253 255
256 257 258
257 259 260
257 260 261
262 263 257
262 264 263
265 257 263
265 263 266
263 267 268
263 268 269
270 263 269
271 272 268
271 273 272
274 272 273
274 273 275
276 277 273
274 278 279
274 279 280
281 280 282
281 283 280
284 285 273
284 273 286
286 273 287
286 287 288
289 286 290
291 292 286
291 286 293
294 283 295
294 296 283
297 296 294
297 294 298
299 300 301
302 303 304
305 303 306
305 306 307
307 306 308
307 308 309
308 310 309
308 311 310
312 310 311
312 313 310
314 313 312
314 315 313
316 317 318
319 320 321
322 323 324
323 325 326
323 326 327
328 323 327
329 323 328
329 330 323
329 328 331
332 329 331
333 329 332
333 332 334
335 331 328
335 336 331
332 331 337
338 337 331
338 339 337
340 332 337
340 341 332
340 342 341
340 337 343
344 343 337
344 345 343
346 343 345
347 340 343
347 343 348
346 348 343
348 346 349
348 349 350
350 351 348
350 352 351
353 349 346
354 353 346
355 353 354
356 355 354
354 346 357
356 354 357
356 357 358
353 359 349
350 349 360
359 360 349
355 361 353
361 359 353
350 360 362
363 350 362
363 364 350
360 365 362
366 362 365
366 367 362
359 368 360
369 368 359
368 370 360
360 370 365
369 370 368
361 371 359
369 359 371
372 371 361
372 369 371
372 361 373
373 361 355
370 374 365
375 365 374
375 376 365
369 377 370
370 377 374
369 378 377
377 379 374
377 378 379
380 374 379
380 381 374
369 382 378
372 382 369
382 383 378
372 383 382
379 378 383
372 384 383
373 384 372
379 383 385
386 379 385
386 387 379
383 388 385
383 384 388
389 385 388
389 390 385
373 391 384
384 392 388
384 391 392
393 388 392
393 394 388
392 391 395
392 395 396
396 397 392
396 398 397
399 391 373
399 400 391
373 355 399
355 401 399
399 401 402
399 402 403
355 404 401
356 404 355
401 404 405
401 405 406
407 404 356
407 408 404
409 401 410
411 401 412
413 401 414
356 415 416
356 417 418
356 419 420
421 422 423
424 425 423
424 423 426
427 426 423
423 428 427
423 429 428
429 423 430
431 427 428
431 432 427
429 433 428
434 428 433
434 435 428
429 436 433
436 429 437
436 437 438
398 433 436
439 398 436
439 436 440
398 396 433
396 441 433
396 442 441
443 398 444
443 444 445
446 447 448
449 450 451
452 453 454
455 456 452
452 457 458
452 459 460
452 460 461
452 462 463
463 464 452
463 465 464
466 467 468
469 470 466
471 472 473
474 475 473
476 477 474
478 479 480
481 482 483
484 485 483
484 483 486
487 488 483
487 489 488
490 487 483
490 491 487
487 492 493
487 494 492
495 494 487
496 492 497
496 497 498
498 497 499
498 499 500
501 498 502
499 503 504
499 505 503
505 506 507
505 508 506
498 509 510
498 510 511
511 512 498
511 513 512
514 515 511
511 516 517
511 517 518
508 519 520
508 521 519
522 519 521
522 523 519
524 525 526
527 528 529
527 529 530
531 527 530
532 527 531
533 527 532
533 532 534
531 530 535
535 530 536
536 530 537
536 537 538
532 531 539
540 532 539
541 532 540
541 540 542
543 531 535
544 539 531
544 531 543
545 540 539
546 545 539
546 539 544
545 547 540
547 548 540
540 548 549
540 549 550
551 546 544
551 544 552
543 552 544
553 551 552
543 535 554
555 543 554
555 556 543
552 543 556
554 535 557
535 536 557
554 557 558
555 554 558
557 536 559
536 560 559
536 561 560
555 558 562
555 562 563
552 556 564
564 556 555
555 563 565
565 563 566
552 564 567
553 552 567
555 568 564
567 564 568
555 565 568
553 567 569
567 568 569
570 553 569
568 570 569
570 571 553
572 571 570
565 573 568
568 573 570
565 566 574
565 574 573
572 570 575
576 572 575
570 573 577
577 573 574
570 577 575
578 574 566
577 574 578
578 566 579
575 577 580
580 577 578
581 578 579
580 578 581
581 579 582
583 581 582
580 581 583
583 582 584
576 575 585
575 580 585
586 576 585
586 587 576
588 587 586
585 580 589
580 583 589
585 589 586
584 590 583
584 591 590
589 583 592
583 590 592
591 593 590
590 593 592
591 594 593
593 594 595
586 589 596
589 592 596
588 586 597
586 596 597
598 588 597
598 599 588
598 600 599
601 600 598
602 601 598
603 597 596
603 598 597
602 598 604
598 603 604
605 602 604
606 596 592
603 596 606
607 604 603
607 603 606
605 604 608
607 608 604
606 592 609
593 609 592
610 605 608
610 611 605
606 612 607
606 609 612
613 612 609
593 614 609
613 609 614
593 595 614
595 613 614
595 615 613
613 615 616
607 612 617
613 617 612
613 616 618
613 618 617
618 616 619
618 619 620
617 618 620
607 617 621
607 621 608
621 617 622
617 620 622
608 621 623
621 622 623
608 623 610
624 620 619
624 619 625
626 622 620
626 623 622
626 620 624
610 623 627
626 627 623
628 624 625
628 625 629
630 626 624
630 627 626
630 624 628
610 627 631
631 611 610
631 632 611
629 633 628
629 634 633
635 631 627
630 635 627
636 632 631
635 636 631
636 637 632
638 637 636
628 633 639
630 628 639
640 633 634
639 633 640
640 634 641
635 630 642
642 630 639
636 635 643
635 642 643
638 636 644
636 643 644
638 644 645
638 645 646
645 647 646
648 644 643
648 645 644
645 649 647
649 645 648
649 650 647
643 642 651
643 651 648
648 651 652
651 642 653
639 653 642
652 651 653
649 654 650
655 650 654
649 648 656
648 652 656
655 654 657
658 655 657
659 654 649
659 649 656
659 657 654
639 660 653
639 640 660
653 660 661
660 640 661
652 662 656
662 659 656
652 663 662
663 664 662
659 662 664
652 653 665
653 661 665
666 652 665
652 666 663
665 661 666
667 661 640
641 667 640
641 668 667
666 661 669
667 669 661
670 667 668
670 668 671
672 670 671
666 669 673
666 673 663
674 669 667
673 669 674
674 667 670
672 675 670
675 672 676
673 677 663
673 674 677
670 678 674
675 678 670
675 676 679
679 676 680
677 674 681
681 674 678
675 682 678
682 675 679
679 680 683
683 680 684
681 678 685
685 678 682
686 677 681
685 686 681
682 679 687
683 687 679
685 682 688
687 688 682
686 689 677
663 677 689
688 690 685
685 690 686
683 684 691
683 692 687
692 683 691
693 691 684
693 684 694
695 693 694
695 694 696
697 695 696
698 691 693
695 698 693
692 691 699
698 699 691
700 688 687
701 690 688
700 701 688
702 687 692
702 700 687
703 692 699
703 702 692
704 699 698
704 703 699
701 705 690
705 686 690
705 706 686
707 706 705
689 686 706
689 706 708
708 706 707
708 709 689
663 689 709
663 709 710
663 710 664
711 710 709
711 664 710
712 703 704
712 713 703
713 702 703
714 712 704
714 704 698
713 715 702
700 702 715
714 698 716
695 716 698
700 715 717
701 700 717
701 717 718
705 701 718
705 718 719
707 705 719
720 719 718
720 718 717
720 721 719
721 707 719
720 717 722
723 722 717
723 717 715
724 723 715
724 715 713
721 725 707
713 726 724
707 725 727
713 712 726
707 727 728
729 728 727
708 707 728
726 712 730
726 730 731
731 730 732
731 732 733
733 732 734
732 735 734
714 730 712
732 736 735
729 737 728
708 728 737
738 737 729
714 739 730
732 730 739
732 740 736
739 740 732
714 741 739
741 714 716
736 740 742
736 742 743
742 744 743
745 740 739
745 739 741
742 740 745
741 716 746
695 746 716
747 745 741
747 741 746
742 745 748
748 745 747
742 749 744
749 742 748
695 750 746
697 750 695
751 746 750
697 751 750
751 747 746
697 752 751
753 751 752
753 754 751
754 747 751
755 754 753
756 747 754
755 756 754
748 747 756
756 755 757
744 749 758
744 758 759
759 758 760
759 760 761
760 762 761
749 748 763
763 748 756
758 749 763
756 757 764
763 756 764
764 757 765
764 765 766
766 763 764
766 765 767
758 763 768
766 768 763
760 758 768
766 767 769
769 768 766
767 770 769
767 771 770
771 772 770
771 773 772
772 773 774
769 775 768
770 775 769
760 768 775
770 776 775
776 760 775
772 776 770
772 774 777
777 774 778
776 779 760
760 779 762
780 779 776
762 779 780
780 776 781
772 781 776
762 780 782
782 780 781
762 782 783
781 772 784
782 781 784
785 784 772
785 772 777
782 784 785
783 782 786
785 786 782
783 786 787
777 778 788
785 777 788
789 786 785
785 788 789
787 786 790
789 790 786
787 790 791
791 790 792
791 792 793
793 792 794
792 795 794
792 796 795
788 778 797
778 798 797
797 798 799
797 799 800
792 790 801
801 790 789
802 792 801
802 803 792
788 797 804
789 788 804
805 804 797
805 797 806
789 804 807
801 789 807
807 804 808
807 808 809
801 807 810
801 810 811
812 813 814
812 814 815
815 814 816
816 817 815
815 817 818
815 818 819
816 814 820
820 814 821
822 821 814
822 823 821
824 817 816
825 817 824
826 817 825
826 825 827
828 820 821
828 821 829
829 821 830
829 830 831
820 828 832
828 833 832
833 834 832
835 820 832
835 832 834
816 820 835
836 835 834
836 837 835
838 837 836
838 836 839
835 837 840
816 835 840
840 837 838
841 840 838
842 838 839
838 842 841
816 840 843
841 843 840
843 844 816
841 844 843
844 824 816
839 845 842
839 846 845
847 841 842
847 842 845
848 845 846
848 846 849
850 845 848
850 847 845
851 848 849
850 848 851
851 849 852
853 851 852
853 854 851
854 853 855
854 855 856
855 857 856
856 857 858
850 851 859
859 851 854
847 850 860
859 860 850
861 854 856
859 854 861
856 858 862
858 863 862
858 864 863
864 865 863
863 865 866
863 866 867
863 868 862
863 867 868
862 868 869
869 868 867
869 867 870
871 867 866
870 867 871
871 866 872
873 856 862
873 862 869
861 856 874
873 874 856
875 871 872
875 872 876
877 875 876
877 876 878
878 879 877
878 880 879
881 879 880
881 880 882
883 881 882
883 882 884
885 879 881
885 881 883
877 879 886
885 886 879
887 875 877
887 877 886
888 871 875
887 888 875
884 889 883
884 890 889
888 891 871
888 892 891
870 871 891
870 891 892
893 889 890
893 890 894
893 894 895
896 895 894
889 893 897
897 893 895
896 898 895
898 896 899
897 895 900
900 895 898
898 899 901
901 899 902
901 902 903
904 898 901
900 898 904
903 905 901
904 901 905
903 906 905
906 907 905
907 906 908
909 904 905
909 905 907
904 910 900
904 909 910
911 900 910
911 897 900
909 912 910
912 911 910
907 913 909
909 913 912
907 908 914
907 914 913
908 915 914
908 916 915
915 916 917
918 913 914
915 918 914
919 913 918
919 912 913
915 920 918
920 919 918
915 917 921
915 922 920
915 921 922
923 921 917
923 917 924
921 925 922
923 925 921
926 923 924
927 926 924
923 928 925
928 923 926
922 925 929
928 929 925
920 922 930
922 929 930
920 931 919
920 930 931
927 932 926
932 927 933
932 933 934
928 926 935
935 926 932
934 936 932
935 932 936
934 937 936
938 928 935
928 938 929
929 939 930
939 931 930
931 940 919
940 912 919
937 941 936
937 942 941
943 935 936
943 936 941
938 935 943
944 941 942
943 941 944
944 942 945
938 946 929
929 946 939
947 938 943
938 947 946
943 944 948
947 943 948
945 949 944
948 944 949
949 945 950
947 951 946
939 946 951
952 947 948
947 952 951
952 953 951
939 951 954
954 951 953
952 948 955
948 949 955
949 950 956
956 950 957
958 952 955
952 958 953
955 949 959
959 958 955
959 949 956
956 957 960
957 961 960
959 962 958
953 958 962
959 956 963
963 956 960
963 962 959
961 964 960
963 960 965
965 960 964
963 966 962
966 963 965
953 962 967
967 962 966
961 968 964
961 969 968
968 969 970
968 970 971
971 970 972
973 964 968
971 973 968
974 965 964
973 974 964
966 965 975
974 975 965
967 966 976
975 976 966
967 977 953
976 977 967
971 972 978
979 978 972
980 975 974
975 980 976
971 981 973
978 981 971
973 982 974
980 974 982
980 983 976
976 983 977
984 953 977
954 953 984
981 985 973
982 973 985
986 980 982
980 986 983
983 987 977
987 984 977
982 985 988
988 986 982
986 989 983
983 989 987
990 986 988
990 989 986
984 991 954
987 992 984
984 992 991
993 987 989
987 993 992
994 954 991
994 939 954
939 994 931
931 994 940
994 991 995
994 995 940
991 992 996
991 996 995
992 993 997
992 997 996
995 998 940
940 998 912
912 998 911
995 999 998
911 998 999
995 996 1000
995 1000 999
911 999 1001
897 911 1001
999 1002 1001
999 1000 1002
897 1001 1003
1003 1001 1002
889 897 1003
1004 889 1003
1002 1004 1003
1004 883 889
1002 1005 1004
1000 1005 1002
1004 1006 883
1005 1006 1004
885 883 1006
1007 1000 996
997 1007 996
1005 1008 1006
1008 885 1006
1000 1009 1005
1000 1007 1009
1008 1005 1009
1008 1010 885
1010 886 885
1008 1009 1011
1011 1009 1007
1010 1008 1011
997 1012 1007
1011 1007 1012
1010 1013 886
887 886 1013
1010 1011 1014
1013 1010 1014
1014 1011 1012
997 1015 1012
993 1015 997
887 1013 1016
1013 1014 1016
1014 1012 1017
1017 1012 1015
1014 1017 1016
993 1018 1015
993 989 1018
1019 887 1016
888 887 1019
1017 1020 1016
1019 1016 1020
1021 1017 1015
1021 1015 1018
1017 1021 1020
1022 1018 989
1021 1018 1022
1022 989 990
888 1019 1023
888 1023 892
1020 1024 1019
1019 1024 1023
1025 1024 1020
1025 1023 1024
1025 1020 1026
1026 1020 1021
1025 1027 1023
1027 892 1023
1026 1021 1028
1028 1021 1022
1028 1022 1029
1030 1029 1022
1030 1022 990
990 1031 1030
1027 1032 892
990 988 1031
892 1032 1033
1034 1031 988
892 1033 1035
870 892 1035
1035 1033 1036
1034 988 1037
985 1037 988
1034 1037 1038
985 1038 1037
1034 1038 1039
1039 1038 1040
985 981 1038
981 1040 1038
1039 1040 1041
1042 1041 1040
870 1035 1043
1035 1036 1043
981 1044 1040
1045 1040 1044
978 1044 981
1045 1044 978
1042 1040 1046
1045 1046 1040
1046 1047 1042
1046 1048 1047
1045 1048 1046
870 1043 1049
1049 869 870
1050 1043 1036
1050 1036 1051
1052 1050 1051
1049 1043 1053
1053 1043 1050
869 1049 1054
1049 1053 1054
873 869 1054
1053 873 1054
873 1053 874
874 1053 1050
1052 1055 1050
874 1050 1055
1056 1055 1052
1055 1056 874
1056 1052 1057
861 874 1056
1058 1056 1057
861 1056 1059
1058 1059 1056
859 861 1059
1059 1058 1060
859 1059 1061
1059 1060 1061
859 1061 860
1060 860 1061
1060 1062 860
1062 1063 860
1062 1064 1063
847 860 1063
1065 1063 1064
847 1063 1065
1065 1064 1066
847 1065 841
1067 1065 1066
1065 1067 841
1067 1066 1068
841 1067 844
1068 1069 1067
1067 1069 844
1068 1070 1069
844 1069 1071
1070 1071 1069
844 1071 824
1070 1072 1071
1072 824 1071
1072 825 824
1072 1073 825
1073 1074 825
1073 1075 1074
1076 1077 1078
1076 1078 1079
1079 1078 1080
1080 1078 1081
1082 1081 1078
1082 1083 1081
1080 1081 1084
1085 1084 1081
1085 1086 1084
1080 1084 1087
1079 1080 1088
1089 1087 1084
1089 1090 1087
1091 1079 1088
1091 1092 1079
1080 1087 1093
1094 1093 1087
1094 1095 1093
1080 1093 1096
1097 1096 1093
1097 1098 1096
1099 1080 1096
1100 1099 1096
1100 1101 1099
1102 1080 1099
1103 1102 1099
1103 1104 1102
1105 1080 1102
1106 1105 1102
1106 1107 1105
1108 1080 1105
1109 1108 1105
1109 1110 1108
1088 1080 1108
1111 1088 1108
1111 1112 1088
1113 1114 1115
1113 1115 1116
1117 1113 1116
1116 1115 1118
1116 1118 1119
1120 1119 1118
1117 1116 1121
1121 1116 1119
1122 1117 1121
1122 1121 1123
1124 1122 1123
1121 1119 1125
1123 1121 1125
1124 1123 1126
1126 1127 1124
1123 1125 1128
1126 1123 1128
1126 1129 1127
1130 1127 1129
1131 1129 1126
1130 1129 1132
1132 1129 1131
1126 1128 1133
1131 1126 1133
1134 1130 1132
1134 1135 1130
1136 1135 1134
1128 1125 1137
1133 1128 1138
1128 1137 1138
1139 1137 1125
1139 1125 1119
1140 1131 1133
1133 1138 1141
1140 1133 1141
1132 1131 1142
1143 1134 1132
1143 1132 1142
1144 1142 1131
1144 1131 1140
1145 1143 1142
1145 1142 1144
1138 1137 1146
1147 1137 1139
1147 1146 1137
1148 1146 1147
1138 1146 1149
1149 1141 1138
1148 1149 1146
1150 1134 1143
1143 1145 1151
1143 1151 1150
1150 1152 1134
1136 1134 1152
1153 1136 1152
1153 1154 1136
1155 1152 1150
1155 1153 1152
1154 1153 1156
1154 1156 1157
1150 1151 1158
1150 1158 1155
1159 1153 1155
1159 1156 1153
1157 1156 1160
1157 1160 1161
1162 1161 1160
1162 1163 1161
1164 1162 1160
1165 1160 1156
1164 1160 1165
1165 1156 1159
1166 1159 1155
1166 1155 1158
1164 1165 1167
1164 1167 1168
1169 1165 1159
1169 1159 1166
1170 1167 1165
1170 1165 1169
1168 1167 1171
1168 1171 1172
1171 1173 1172
1174 1167 1170
1174 1171 1167
1171 1175 1173
1176 1173 1175
1177 1175 1171
1177 1171 1174
1176 1175 1178
1177 1178 1175
1179 1176 1178
1177 1180 1178
1180 1177 1181
1181 1177 1174
1180 1181 1182
1183 1182 1181
1184 1174 1170
1181 1174 1184
1183 1181 1185
1184 1185 1181
1184 1170 1186
1184 1186 1187
1186 1170 1169
1186 1169 1188
1188 1187 1186
1188 1169 1166
1188 1166 1189
1158 1189 1166
1183 1185 1190
1183 1190 1191
1192 1191 1190
1184 1193 1185
1184 1187 1193
1194 1185 1193
1194 1190 1185
1187 1194 1193
1192 1190 1195
1196 1192 1195
1188 1197 1187
1189 1197 1188
1158 1198 1189
1151 1198 1158
1190 1194 1199
1190 1199 1195
1189 1200 1197
1198 1200 1189
1196 1195 1201
1202 1196 1201
1203 1196 1202
1202 1201 1204
1195 1205 1201
1205 1204 1201
1195 1199 1205
1205 1206 1204
1207 1206 1205
1207 1205 1208
1199 1208 1205
1208 1209 1207
1199 1210 1208
1210 1199 1194
1208 1211 1209
1210 1211 1208
1210 1194 1212
1187 1212 1194
1213 1210 1212
1210 1213 1211
1214 1212 1187
1213 1212 1214
1214 1187 1197
1215 1214 1197
1215 1197 1200
1214 1216 1213
1214 1215 1216
1217 1209 1211
1217 1218 1209
1213 1219 1211
1213 1216 1219
1220 1218 1217
1220 1221 1218
1217 1222 1220
1223 1217 1211
1217 1223 1222
1223 1211 1219
1223 1224 1222
1223 1225 1224
1225 1223 1219
1226 1224 1225
1216 1227 1219
1225 1219 1227
1215 1228 1216
1216 1228 1227
1226 1225 1229
1229 1225 1227
1226 1229 1230
1226 1230 1231
1232 1231 1230
1229 1227 1233
1228 1233 1227
1230 1229 1233
1215 1234 1228
1234 1215 1200
1228 1235 1233
1234 1235 1228
1230 1233 1236
1236 1233 1235
1232 1230 1237
1237 1230 1236
1234 1200 1238
1234 1238 1239
1198 1238 1200
1239 1238 1198
1234 1240 1235
1234 1239 1240
1232 1237 1241
1232 1241 1242
1241 1243 1242
1239 1198 1244
1151 1244 1198
1151 1245 1244
1245 1151 1145
1237 1246 1241
1241 1247 1243
1246 1247 1241
1237 1248 1246
1237 1236 1248
1248 1236 1249
1236 1235 1249
1243 1247 1250
1243 1250 1251
1252 1246 1248
1248 1249 1252
1249 1235 1253
1235 1240 1253
1251 1250 1254
1251 1254 1255
1255 1254 1256
1254 1257 1256
1255 1256 1258
1258 1256 1259
1258 1259 1260
1256 1261 1259
1256 1257 1261
1257 1262 1261
1250 1263 1254
1254 1263 1257
1250 1264 1263
1247 1264 1250
1247 1265 1264
1246 1265 1247
1265 1246 1266
1252 1266 1246
1264 1267 1263
1265 1268 1264
1264 1268 1267
1263 1269 1257
1263 1267 1269
1265 1266 1270
1265 1270 1268
1257 1271 1262
1257 1269 1272
1257 1272 1271
1273 1262 1271
1273 1274 1262
1271 1275 1273
1271 1272 1275
1276 1274 1273
1276 1273 1275
1276 1277 1274
1277 1276 1278
1279 1277 1278
1280 1279 1278
1280 1278 1281
1282 1281 1278
1283 1278 1276
1282 1278 1283
1276 1275 1284
1283 1276 1284
1285 1275 1272
1284 1275 1285
1282 1283 1286
1282 1286 1287
1283 1284 1288
1284 1285 1288
1283 1288 1286
1287 1286 1289
1287 1289 1290
1291 1290 1289
1286 1288 1292
1286 1292 1289
1291 1289 1293
1294 1291 1293
1288 1295 1292
1288 1285 1295
1289 1292 1296
1289 1296 1293
1295 1296 1292
1294 1293 1297
1297 1293 1296
1298 1294 1297
1298 1299 1294
1300 1299 1298
1300 1298 1301
1298 1302 1301
1298 1303 1302
1303 1298 1297
1304 1302 1303
1297 1296 1305
1303 1297 1305
1295 1306 1296
1305 1296 1306
1304 1303 1307
1307 1120 1304
1303 1305 1308
1303 1308 1307
1305 1306 1308
1307 1309 1120
1309 1307 1308
1120 1309 1119
1309 1308 1310
1310 1119 1309
1306 1310 1308
1310 1139 1119
1311 1139 1310
1306 1311 1310
1311 1147 1139
1312 1306 1295
1312 1311 1306
1285 1312 1295
1313 1147 1311
1313 1311 1312
1148 1147 1313
1285 1314 1312
1314 1313 1312
1285 1272 1314
1269 1314 1272
1314 1315 1313
1269 1315 1314
1315 1148 1313
1267 1315 1269
1267 1316 1315
1315 1316 1148
1268 1316 1267
1268 1317 1316
1317 1148 1316
1317 1268 1270
1317 1318 1148
1148 1318 1149
1317 1319 1318
1319 1149 1318
1317 1270 1320
1317 1320 1319
1319 1321 1149
1149 1321 1141
1322 1319 1320
1322 1321 1319
1270 1323 1320
1322 1320 1323
1323 1324 1322
1322 1325 1321
1141 1321 1325
1324 1325 1322
1270 1326 1323
1270 1266 1326
1141 1325 1327
1141 1327 1140
1326 1328 1323
1323 1328 1324
1266 1329 1326
1326 1329 1328
1329 1266 1252
1327 1325 1330
1324 1330 1325
1140 1327 1331
1327 1330 1331
1144 1140 1331
1329 1252 1332
1332 1252 1249
1144 1331 1333
1333 1145 1144
1334 1332 1249
1249 1253 1334
1335 1145 1333
1245 1145 1335
1331 1330 1336
1333 1331 1337
1331 1336 1337
1335 1333 1338
1338 1333 1337
1330 1339 1336
1339 1330 1324
1340 1332 1334
1253 1341 1334
1341 1340 1334
1342 1332 1340
1342 1329 1332
1253 1343 1341
1240 1343 1253
1341 1344 1340
1344 1342 1340
1345 1329 1342
1329 1345 1328
1346 1324 1328
1346 1328 1345
1347 1345 1342
1344 1347 1342
1346 1348 1324
1339 1324 1348
1349 1346 1345
1347 1349 1345
1347 1350 1349
1349 1351 1346
1351 1348 1346
1350 1351 1349
1344 1352 1347
1347 1352 1350
1341 1353 1344
1344 1353 1352
1354 1350 1352
1354 1355 1350
1353 1356 1352
1353 1357 1356
1341 1358 1353
1358 1359 1353
1358 1360 1359
1343 1358 1341
1343 1361 1358
1361 1362 1358
1361 1363 1362
1361 1343 1364
1240 1364 1343
1365 1361 1364
1365 1366 1361
1365 1367 1366
1364 1240 1368
1240 1239 1368
1364 1368 1369
1365 1364 1369
1368 1239 1370
1369 1368 1370
1371 1365 1369
1369 1370 1371
1370 1239 1372
1371 1370 1372
1239 1244 1372
1244 1373 1372
1371 1372 1373
1371 1374 1365
1374 1375 1365
1374 1376 1375
1377 1374 1371
1377 1371 1373
1377 1378 1374
1377 1379 1378
1244 1380 1373
1380 1377 1373
1245 1380 1244
1380 1381 1377
1381 1382 1377
1381 1383 1382
1245 1384 1380
1381 1380 1384
1335 1384 1245
1385 1381 1384
1385 1386 1381
1385 1387 1386
1335 1388 1384
1385 1384 1388
1388 1335 1338
1389 1385 1388
1389 1390 1385
1389 1391 1390
1388 1338 1392
1389 1388 1392
1392 1338 1337
1392 1337 1393
1336 1393 1337
1394 1389 1392
1394 1392 1393
1395 1389 1394
1395 1396 1389
1336 1397 1393
1339 1397 1336
1393 1398 1394
1393 1397 1398
1398 1399 1394
1398 1400 1399
1339 1401 1397
1398 1397 1401
1401 1339 1348
1398 1401 1402
1402 1403 1398
1402 1404 1403
1401 1348 1405
1402 1401 1405
1351 1405 1348
1402 1405 1406
1406 1407 1402
1406 1408 1407
1409 1405 1351
1409 1406 1405
1409 1410 1406
1409 1411 1410
1350 1409 1351
1350 1412 1409
1350 1413 1412
1414 1415 1416
1414 1416 1417
1418 1414 1417
1419 1418 1417
1419 1420 1418
1421 1420 1419
1416 1422 1417
1419 1417 1422
1416 1423 1422
1423 1424 1422
1422 1424 1425
1425 1424 1426
1425 1426 1427
1422 1425 1428
1419 1422 1428
1428 1425 1429
1429 1425 1430
1429 1430 1431
1419 1428 1432
1428 1429 1432
1421 1419 1433
1419 1432 1433
1421 1433 1434
1421 1434 1435
1436 1435 1434
1436 1437 1435
1438 1437 1436
1433 1439 1434
1433 1432 1439
1439 1436 1434
1432 1429 1440
1440 1429 1441
1440 1441 1442
1432 1440 1443
1432 1443 1439
1443 1440 1444
1443 1444 1445
1443 1446 1439
1439 1446 1436
1438 1436 1447
1448 1438 1447
1443 1449 1446
1450 1449 1443
1450 1451 1449
1436 1446 1452
1436 1452 1447
1446 1449 1453
1446 1453 1452
1449 1454 1453
1449 1455 1454
1448 1447 1456
1447 1452 1457
1447 1457 1456
1452 1453 1458
1452 1458 1457
1453 1459 1458
1453 1460 1459
1461 1448 1456
1461 1462 1448
1463 1456 1457
1458 1463 1457
1463 1461 1456
1464 1462 1461
1464 1465 1462
1466 1465 1464
1467 1464 1461
1467 1461 1463
1466 1464 1468
1468 1464 1467
1469 1466 1468
1469 1468 1470
1468 1471 1470
1468 1472 1471
1468 1467 1472
1472 1473 1471
1472 1474 1473
1467 1474 1472
1474 1475 1473
1474 1476 1475
1477 1467 1463
1467 1477 1474
1474 1477 1478
1474 1478 1479
1477 1463 1480
1481 1477 1480
1481 1480 1482
1458 1480 1463
1483 1480 1458
1483 1458 1484
1485 1486 1487
1485 1487 1488
1488 1489 1485
1489 1488 1490
1488 1491 1490
1488 1492 1491
1489 1493 1485
1493 1494 1485
1494 1495 1485
1494 1496 1495
1497 1489 1490
1498 1497 1490
1499 1498 1490
1499 1500 1498
1494 1493 1501
1494 1501 1502
1503 1494 1502
1503 1502 1504
1493 1505 1501
1501 1505 1506
1506 1505 1507
1508 1505 1493
1508 1507 1505
1489 1508 1493
1508 1509 1507
1508 1510 1509
1508 1511 1510
1489 1511 1508
1512 1509 1510
1511 1512 1510
1511 1513 1512
1512 1514 1509
1489 1515 1511
1511 1515 1513
1515 1489 1516
1513 1515 1516
1516 1489 1497
1517 1514 1512
1512 1513 1517
1514 1517 1518
1514 1518 1519
1517 1513 1520
1517 1520 1518
1521 1519 1518
1521 1522 1519
1518 1523 1521
1518 1520 1523
1524 1522 1521
1523 1524 1521
1524 1525 1522
1526 1525 1524
1526 1524 1527
1527 1528 1526
1527 1529 1528
1528 1529 1530
1531 1530 1529
1523 1532 1524
1532 1527 1524
1533 1523 1520
1532 1523 1533
1534 1529 1527
1532 1534 1527
1531 1529 1535
1531 1535 1536
1531 1536 1537
1537 1536 1538
1536 979 1538
1536 1539 979
979 1539 978
1045 978 1539
1536 1540 1539
1536 1535 1540
1541 1539 1540
1541 1045 1539
1535 1541 1540
1529 1542 1535
1542 1541 1535
1543 1045 1541
1045 1543 1048
1541 1544 1543
1542 1544 1541
1543 1544 1545
1543 1545 1048
1545 1544 1542
1529 1546 1542
1542 1546 1545
1534 1546 1529
1545 1547 1048
1547 1545 1546
1547 1047 1048
1547 1548 1047
1547 1549 1548
1547 1546 1550
1547 1550 1549
1550 1546 1551
1551 1549 1550
1551 1546 1534
1551 1552 1549
1553 1552 1551
1551 1534 1554
1553 1551 1554
1554 1534 1532
1554 1555 1553
1554 1532 1556
1554 1556 1555
1532 1533 1556
1555 1556 1533
1555 1533 1557
1557 1533 1558
1557 1558 1559
1533 1520 1558
1560 1559 1558
1520 1560 1558
1560 1561 1559
1520 1513 1560
1562 1561 1560
1560 1513 1562
1562 1563 1561
1513 1516 1562
1563 1562 1564
1562 1516 1564
1563 1564 1565
1516 1566 1564
1565 1564 1566
1516 1497 1566
1565 1566 1567
1567 1566 1497
1567 1497 1498
1567 1498 1568
1568 1498 1569
1568 1569 1570
1571 1572 1573
1571 1574 1572
1572 1574 1575
1572 1575 1576
1577 1572 1576
1577 1576 1578
1574 1579 1575
1575 1580 1576
1576 1580 1581
1576 1581 1582
1583 1579 1574
1583 1574 1584
1575 1585 1580
1586 1580 1585
1586 1585 1587
1575 1588 1585
1589 1585 1588
1589 1588 1590
1575 1591 1588
1592 1588 1591
1592 1591 1593
1575 1594 1591
1595 1591 1594
1595 1594 1596
1597 1594 1575
1598 1594 1597
1598 1597 1599
1600 1597 1575
1601 1597 1600
1601 1600 1602
1579 1600 1575
1603 1600 1579
1603 1579 1604
1605 1606 1607
1605 1608 1606
1608 1609 1606
1609 1610 1606
1611 1606 1610
1611 1610 1612
1609 1613 1610
1614 1610 1613
1614 1613 1615
1609 1616 1613
1608 1617 1609
1618 1613 1616
1618 1616 1619
1620 1617 1608
1620 1608 1621
1609 1622 1616
1623 1616 1622
1623 1622 1624
1609 1625 1622
1626 1622 1625
1626 1625 1627
1628 1625 1609
1629 1625 1628
1629 1628 1630
1631 1628 1609
1632 1628 1631
1632 1631 1633
1634 1631 1609
1635 1631 1634
1635 1634 1636
1637 1634 1609
1638 1634 1637
1638 1637 1639
1617 1637 1609
1640 1637 1617
1640 1617 1641
1642 1643 1644
1642 1645 1643
1646 17 1645
1646 1645 1647
1648 1649 1650
1648 1651 1649
1652 1651 1648
1649 1651 1653
1649 1653 1654
1652 1655 1651
1652 1656 1655
1655 1656 1657
1651 1658 1653
1651 1655 1658
1654 1653 1659
1654 1659 1660
1661 1660 1659
1661 1659 1662
1653 1663 1659
1653 1658 1663
1664 1659 1663
1664 1663 1665
1658 1666 1663
1667 1663 1666
1667 1666 1668
1655 1669 1658
1658 1669 1666
1655 1670 1669
1655 1657 1670
1669 1671 1666
1672 1666 1671
1672 1671 1673
1674 1670 1657
1674 1657 1675
1675 1676 1674
1675 1677 1676
1678 1676 1677
1670 1679 1669
1670 1674 1679
1669 1679 1671
1679 1674 1676
1671 1679 1680
1679 1676 1680
1678 1681 1676
1682 1681 1678
1671 1680 1683
1684 1671 1683
1684 1683 1685
1676 1686 1680
1676 1681 1686
1680 1687 1683
1680 1686 1687
1683 1687 1688
1683 1688 1689
1682 1690 1681
1681 1691 1686
1681 1690 1691
1686 1692 1687
1686 1691 1692
1687 1692 1693
1687 1693 1694
1695 1690 1682
1695 1682 1696
1697 1691 1690
1697 1692 1691
1697 1690 1695
1698 1695 1696
1698 1696 1699
1700 1698 1699
1701 1695 1698
1701 1697 1695
1700 1702 1698
1702 1701 1698
1703 1702 1700
1703 1704 1702
1702 1704 1705
1702 1705 1706
1702 1706 1701
1706 1705 1707
1706 1707 1708
1701 1706 1708
1708 1707 1709
1708 1709 1710
1711 1697 1701
1701 1708 1711
1712 1711 1708
1712 1708 1713
1711 1714 1697
1715 1714 1711
1715 1716 1714
1697 1714 1692
1717 1692 1714
1717 1718 1692
1719 1720 1721
1719 1721 1722
1721 1723 1722
1721 1724 1723
1725 1724 1721
1725 1726 1724
1722 1723 1727
1723 1724 1728
1724 1729 1728
1724 1730 1729
1731 1722 1727
1731 1732 1722
1723 1728 1733
1734 1733 1728
1734 1735 1733
1723 1733 1736
1737 1736 1733
1737 1738 1736
1723 1736 1739
1740 1739 1736
1740 1741 1739
1723 1739 1742
1743 1742 1739
1743 1744 1742
1745 1723 1742
1746 1745 1742
1746 1747 1745
1748 1723 1745
1749 1748 1745
1749 1750 1748
1727 1723 1748
1751 1727 1748
1751 1752 1727
1753 1754 1755
1753 1755 1756
1757 1758 1759
1757 1759 1760
1761 1762 1763
1761 1763 1764
1765 1766 1767
1765 1767 1768
1769 1770 1771
1769 1771 1772
1773 1774 1775
1773 1775 1776
1777 1778 1779
1777 1780 1778
1781 1778 1780
1781 1780 1782
1783 1781 1782
1783 1784 1781
1785 1778 1781
1786 1785 1781
1786 1787 1785
1785 1788 1778
1788 1789 1778
1788 1790 1789
87 1788 1785
1791 87 1785
1791 1792 87
87 1793 1788
88 1793 87
1794 1788 1793
1794 1795 1788
1796 1793 88
1796 88 1797
1798 1799 1800
1798 1800 1801
1802 1803 1804
1802 1804 1805
1806 1807 1808
1806 1808 1809
1810 1811 1812
1810 1812 1813
100 1814 1815
100 1815 1816
1817 1818 1819
1817 1819 1820
1821 1822 1823
1821 1823 1824
1825 1826 1827
1825 1827 1828
1829 1830 1831
1829 1831 1832
1833 1834 1835
1833 1836 1834
1833 1837 1836
1833 1838 1837
1839 1840 1841
1839 1841 1842
1843 1844 1845
1843 1845 1846
1847 1848 1849
1847 1849 1850
1851 1852 1853
1851 1853 1854
1855 1856 1857
1855 1857 158
1858 1859 1860
1858 1860 1861
1862 1863 1864
1862 1864 1865
1866 1867 1868
1866 1868 1869
1870 1871 1872
1870 1872 1873
1874 1875 1876
1874 1876 1877
1878 1879 1880
1878 1880 1881
1882 1883 1884
1882 1884 1885
1886 1887 1888
1886 1888 1889
1890 1891 1892
1890 1892 1893
1894 1895 1896
1894 1896 1897
1898 1899 1900
1898 1900 1901
1902 1903 1904
1902 1904 1905
1906 1907 1908
1906 1908 1909
1910 1911 1912
1910 1912 1913
1914 1915 1916
1914 1916 1917
1918 1919 1920
1918 1920 1921
1922 1923 1924
1922 1924 1925
1926 1927 1928
1926 1928 1929
1930 1931 1932
1930 1932 1933
1934 1935 1936
1934 1936 1937
1938 1939 1940
1938 1940 1941
1942 1943 1944
1942 1944 1945
1946 1947 1948
1946 1949 1947
1950 1951 1949
1950 1949 1952
1953 1954 1952
1953 1952 1955
1956 1946 1957
1956 1957 1958
1959 269 1956
1959 1956 1960
1961 1962 1963
1961 1963 1964
1965 1966 1967
1965 1967 1968
1969 1970 1971
1969 1971 1972
1973 1974 1975
1973 1975 1976
1977 1978 1979
1977 1979 1980
1981 1982 1983
1981 1983 1984
1985 1986 1987
1985 1987 1988
1989 1990 1991
1989 1991 1992
427 1993 1994
427 1994 1995
427 1995 426
1996 426 1995
1997 426 1996
1997 1998 426
1996 1995 1999
1995 2000 1999
1995 2001 2000
2002 1996 1999
2003 1996 2002
2003 2004 1996
2002 1999 2005
1999 2006 2005
1999 2007 2006
2008 2002 2005
2002 2008 2009
2002 2009 2010
2008 2005 2011
2012 2011 2005
2012 2005 2013
2014 2015 2016
2014 2016 2017
2018 2017 2016
2018 2019 2017
2018 2020 2019
2018 2021 2020
2022 2018 2016
2022 2023 2018
2022 2024 2023
2022 2016 2025
2026 2025 2016
2026 2027 2025
2025 327 2022
327 2028 2022
327 2029 2028
2025 2030 327
328 327 2030
2025 2031 2030
2025 2032 2031
2033 328 2030
2033 2034 328
2035 2036 2037
2035 2037 2038
2039 2040 2041
2039 2041 2042
2043 2044 2045
2043 2045 2046
2047 2048 2049
2047 2049 2050
340 2051 2052
340 2052 2053
2054 2055 2056
2054 2056 2057
2058 2059 2060
2058 2060 2061
2062 2063 2064
2062 2064 2065
2066 2067 2068
2066 2068 2069
2070 2071 2072
2070 2072 2073
2070 2073 2074
2070 2074 2075
2076 2077 2078
2076 2078 2079
2080 2081 2082
2080 2082 2083
2084 2085 2086
2084 2086 2087
2088 2089 2090
2088 2090 2091
2092 2093 2094
2092 2094 2095
2096 2097 2098
2096 2098 2099
2100 2101 2102
2100 2102 2103
2104 2105 2106
2104 2106 2107
2108 2109 2110
2108 2110 2111
2112 2113 2114
2112 2114 2115
2116 2117 2118
2116 2118 2119
2120 2121 2122
2120 2122 2123
2124 2125 2126
2124 2126 2127
2128 2129 2130
2128 2130 2131
2132 2133 2134
2132 2134 2135
2136 2137 2138
2136 2138 2139
2140 2141 2142
2140 2142 2143
2144 2145 2146
2144 2146 2147
2148 2149 2150
2148 2150 2151
2152 2153 2154
2152 2154 2155
2156 2157 2158
2156 2158 2159
2160 2161 2162
2160 2162 2163
2164 2165 2166
2164 2166 2167
2168 2169 2170
2168 2170 2171
2172 2173 2174
2172 2174 2175
2176 2177 2178
2176 2178 2179
2180 2181 2182
2180 2182 2183
2184 2183 2185
2184 2186 2183
2187 2188 2186
2187 2186 2189
2190 2191 2180
2190 2192 2191
2190 494 2193
2190 2193 2194
2195 2196 2197
2195 2197 2198
2199 2200 2201
2199 2201 2202
708 2203 709
708 737 2203
2203 2204 709
711 709 2204
2205 2203 737
2203 2205 2204
2205 737 2206
738 2206 737
2206 738 2207
2206 2207 2208
2209 2208 2207
2209 2210 2208
2211 2206 2208
2211 2205 2206
2210 2211 2208
2212 2204 2205
2212 2205 2211
2210 2213 2211
2210 2214 2213
2213 2214 2215
2211 2213 2216
2213 2215 2216
2211 2216 2212
2217 2216 2215
2217 2212 2216
2217 2215 2218
2217 2218 2219
2204 2212 2220
2217 2220 2212
2204 2220 711
2221 2220 2217
711 2220 2221
2217 2219 2222
2221 2217 2222
2219 2223 2222
2219 2224 2223
2225 2223 2224
2226 2222 2223
2225 2226 2223
2226 2221 2222
711 2221 2227
711 2227 664
2221 2228 2227
2221 2226 2228
2229 664 2227
2229 2227 2228
659 664 2229
659 2229 657
2228 657 2229
2228 2230 657
2226 2230 2228
658 657 2230
2230 2231 658
2225 2232 2226
2226 2232 2230
2230 2232 2231
2233 2232 2225
2233 2231 2232
