byte offset: 0
first index: 0
index count: 9162
topology: trianglelist
format: DXGI_FORMAT_R16_UINT

0 1 2
3 4 5
6 7 8
6 9 7
10 9 6
10 11 9
12 11 10
12 10 13
12 13 14
12 14 15
14 16 15
14 17 16
17 18 16
17 19 18
19 20 18
19 21 20
21 22 20
21 23 22
24 22 23
24 23 25
24 25 26
24 26 27
27 26 28
27 28 29
29 28 30
29 30 31
32 31 30
32 33 31
34 33 32
34 35 33
34 36 35
34 37 36
38 36 37
38 39 36
40 41 42
40 43 41
44 43 40
45 41 43
45 46 41
45 47 46
44 48 43
49 48 44
45 50 47
50 51 47
52 45 43
52 43 48
52 50 45
49 53 48
53 52 48
53 49 54
50 55 51
55 56 51
52 57 50
50 57 55
53 58 52
58 57 52
53 54 59
53 59 58
60 59 54
55 61 56
61 62 56
58 63 57
58 59 63
55 57 64
55 64 61
57 63 64
60 65 59
65 60 66
61 67 62
64 67 61
63 59 68
65 68 59
69 62 67
69 70 62
71 70 69
64 72 67
67 72 69
64 63 73
63 68 73
64 73 72
65 66 74
66 75 74
66 76 75
65 77 68
74 77 65
73 68 78
78 68 77
72 73 79
73 78 79
69 72 80
72 79 80
81 77 74
78 77 81
82 81 74
78 81 82
82 74 75
83 79 78
78 82 83
83 84 79
84 80 79
83 82 85
85 82 75
85 84 83
80 86 69
71 69 86
85 87 84
75 87 85
84 88 80
86 80 88
87 88 84
89 71 86
86 88 89
89 90 71
89 91 90
87 92 88
92 89 88
93 91 89
92 93 89
93 94 91
94 93 95
93 92 95
94 95 96
97 92 87
75 97 87
96 95 98
96 98 99
98 100 99
95 92 101
97 101 92
95 101 98
97 75 102
102 101 97
98 103 100
103 104 100
98 101 105
102 105 101
98 105 103
102 75 106
76 106 75
76 107 106
102 106 108
108 106 107
108 105 102
108 107 109
108 110 105
109 110 108
110 103 105
109 111 110
103 112 104
110 112 103
112 110 111
112 113 104
112 111 114
112 114 113
115 116 117
115 117 118
119 115 118
119 118 120
121 119 120
121 122 119
121 123 122
121 124 123
123 124 125
123 125 126
126 125 127
126 127 128
128 127 129
128 129 130
130 129 131
130 131 132
133 132 131
133 134 132
133 135 134
133 136 135
136 137 135
136 138 137
138 139 137
138 140 139
141 139 140
141 140 142
143 141 142
143 142 144
143 144 145
143 145 146
147 146 145
147 145 148
149 150 151
149 151 152
153 149 152
154 152 151
154 151 155
154 155 156
153 152 157
158 153 157
154 156 159
159 156 160
161 152 154
161 157 152
161 154 159
158 157 162
162 157 161
162 163 158
159 160 164
164 160 165
161 159 166
159 164 166
162 161 167
167 161 166
162 168 163
162 167 168
169 163 168
164 165 170
170 165 171
167 166 172
167 172 168
164 173 166
164 170 173
166 173 172
169 168 174
174 175 169
170 171 176
173 170 176
172 177 168
174 168 177
178 176 171
178 171 179
180 178 179
173 176 181
176 178 181
173 182 172
172 182 177
173 181 182
174 183 175
175 183 184
175 184 185
174 177 186
183 174 186
182 187 177
187 186 177
181 188 182
182 188 187
178 189 181
181 189 188
190 183 186
187 190 186
191 183 190
187 191 190
191 184 183
192 187 188
187 192 191
192 188 193
193 188 189
192 194 191
194 184 191
194 192 193
189 178 195
180 195 178
194 193 196
184 194 196
193 189 197
195 197 189
196 193 197
198 195 180
195 198 197
198 180 199
198 199 200
196 197 201
201 197 198
202 198 200
201 198 202
202 200 203
203 204 202
202 204 201
203 205 204
206 196 201
184 196 206
205 207 204
205 208 207
207 208 209
204 210 201
206 201 210
204 207 210
206 211 184
211 206 210
207 209 212
212 209 213
207 214 210
211 210 214
207 212 214
211 215 184
185 184 215
185 215 216
211 217 215
217 216 215
217 211 214
217 218 216
217 214 219
218 217 219
219 214 212
218 219 220
212 213 221
219 212 221
221 220 219
221 213 222
221 223 220
221 222 223
224 225 226
225 227 226
225 228 227
227 229 226
227 228 230
229 227 231
232 229 231
227 233 231
227 234 233
230 234 227
230 235 234
236 237 238
236 239 237
239 240 237
239 241 240
240 241 242
240 242 243
242 244 243
242 245 244
245 246 244
245 247 246
248 249 250
248 251 249
252 251 248
249 251 253
252 254 251
254 253 251
254 255 253
254 256 255
253 255 257
253 257 258
257 255 259
256 259 255
259 256 260
259 260 261
260 256 262
261 260 263
260 262 263
262 264 263
265 263 264
262 266 264
265 264 267
266 267 264
267 266 268
268 266 269
267 268 270
271 267 270
268 269 272
270 268 272
272 269 273
272 273 274
272 274 275
272 275 276
270 272 276
276 275 277
276 277 278
271 270 279
276 279 270
280 271 279
278 281 276
276 281 279
280 279 281
282 281 278
280 281 282
283 284 285
283 285 286
286 287 283
286 288 287
288 289 287
288 290 289
291 286 285
291 285 292
291 292 293
291 293 294
293 295 294
294 295 296
296 297 294
296 295 298
296 298 299
300 299 298
296 301 297
301 302 297
301 303 302
304 305 306
307 305 304
307 308 305
308 309 305
308 310 309
311 312 313
311 313 314
315 311 314
313 316 314
313 317 316
318 316 317
315 314 319
316 319 314
318 320 316
320 318 321
315 319 322
315 322 323
322 324 323
316 325 319
320 325 316
320 321 326
327 326 321
322 328 324
328 329 324
330 322 319
330 319 325
330 328 322
320 331 325
331 330 325
326 331 320
328 332 329
332 333 329
330 334 328
334 330 331
334 332 328
326 335 331
334 331 335
327 336 326
336 335 326
332 337 333
337 338 333
334 339 332
335 339 334
339 337 332
340 336 327
340 327 341
342 340 341
342 341 343
342 343 344
336 345 335
335 345 339
345 336 340
345 346 339
339 346 337
345 340 347
345 347 346
347 340 342
346 347 348
346 348 337
347 342 348
348 349 337
349 348 342
337 349 338
342 344 350
349 342 350
338 349 350
350 344 351
338 350 352
350 351 352
353 354 355
353 356 354
357 356 353
357 353 358
358 359 357
354 356 360
354 360 361
356 357 362
356 362 360
357 359 363
357 363 362
364 361 360
364 365 361
364 366 365
364 367 366
360 368 364
360 362 369
368 360 369
362 363 369
369 370 368
370 369 371
363 371 369
359 372 363
372 359 373
374 363 372
375 363 374
374 376 375
376 377 375
376 378 377
374 372 379
372 373 379
379 380 374
381 379 373
382 381 373
380 379 383
379 381 383
383 384 380
384 385 380
384 386 385
383 381 387
382 387 381
387 388 383
389 387 382
390 389 382
391 388 387
387 389 392
391 387 392
390 393 389
392 389 393
391 394 388
391 395 394
394 396 388
394 397 396
392 398 391
399 398 392
392 393 399
400 398 399
400 399 393
401 393 390
402 401 390
402 403 401
393 401 404
404 401 403
404 400 393
404 403 405
406 404 405
406 407 404
404 407 400
407 408 400
407 409 408
408 410 400
408 411 410
412 413 414
412 415 413
413 415 416
413 416 417
417 416 418
417 418 419
418 420 419
418 421 420
422 423 424
424 423 425
424 425 426
426 425 427
425 428 427
425 423 429
425 430 428
429 431 425
431 430 425
432 431 429
431 433 430
434 435 436
434 436 437
438 434 437
436 439 437
438 437 440
440 437 439
440 439 441
440 441 442
439 443 441
439 444 443
443 445 441
442 441 445
445 446 442
445 447 446
446 448 442
447 449 446
446 449 448
448 449 450
451 450 449
448 450 452
451 453 450
452 450 453
453 454 452
454 455 452
453 456 454
457 456 453
454 458 455
456 458 454
458 459 455
457 460 456
461 460 457
462 456 460
456 462 458
461 463 460
462 460 463
461 464 463
464 465 463
465 462 463
462 465 466
462 466 467
458 462 467
467 466 468
467 468 469
470 467 469
458 471 459
458 467 471
470 471 467
472 459 471
472 471 470
473 474 475
473 476 474
473 477 476
473 478 477
478 479 477
478 480 479
481 474 476
481 482 474
481 483 482
481 484 483
483 484 485
484 486 485
486 487 485
486 488 487
489 487 488
484 490 486
484 491 490
491 492 490
491 493 492
494 495 496
497 494 496
496 498 497
496 499 498
496 500 499
501 502 503
501 504 502
505 504 501
502 504 506
502 506 507
508 507 506
505 509 504
506 504 509
508 506 510
510 511 508
505 512 509
505 513 512
512 513 514
506 509 515
510 506 515
510 516 511
517 511 516
512 514 518
518 514 519
520 509 512
520 515 509
520 512 518
510 515 521
521 515 520
516 510 521
518 519 522
522 519 523
520 518 524
524 521 520
524 518 522
516 521 525
524 525 521
517 516 526
526 516 525
522 523 527
527 523 528
524 522 529
525 524 529
529 522 527
530 517 526
530 531 517
532 531 530
532 533 531
532 534 533
526 525 535
525 529 535
535 530 526
535 529 536
529 527 536
535 537 530
535 536 537
537 532 530
536 538 537
536 527 538
537 538 532
538 527 539
539 532 538
527 528 539
532 540 534
539 540 532
528 540 539
540 541 534
528 542 540
540 542 541
543 544 545
543 545 546
547 543 546
545 548 546
545 549 548
549 550 548
549 551 550
547 546 552
546 548 553
546 553 552
554 547 552
554 555 547
555 554 556
552 557 554
552 553 557
554 558 556
554 557 558
559 548 550
559 553 548
550 560 559
550 561 560
562 561 550
562 563 561
553 559 564
553 565 557
564 565 553
557 565 558
565 564 566
566 567 565
558 565 567
556 558 568
568 569 556
570 568 558
571 570 558
571 572 570
571 573 572
571 574 573
570 575 568
568 575 569
575 570 576
577 569 575
578 569 577
575 579 577
576 579 575
576 580 579
576 581 580
576 582 581
579 583 577
578 577 583
583 579 584
585 578 583
586 578 585
583 587 585
586 585 588
587 588 585
589 583 584
589 587 583
584 590 589
584 591 590
584 592 591
584 593 592
587 589 594
595 587 594
587 595 588
596 595 594
596 588 595
597 586 588
598 586 597
598 597 599
588 600 597
600 599 597
600 588 596
600 601 599
602 601 600
602 600 603
600 596 603
596 604 603
596 605 604
596 606 605
596 607 606
608 609 610
608 610 611
612 608 611
612 613 608
614 613 612
614 615 613
616 615 614
616 617 615
618 617 616
618 619 617
619 618 620
619 620 621
621 620 622
621 622 623
622 624 623
622 625 624
626 627 628
626 628 629
628 630 629
631 629 630
632 626 629
631 632 629
632 633 626
631 634 632
635 633 632
634 635 632
634 636 635
635 637 633
638 635 636
639 637 635
638 639 635
639 640 637
641 639 638
642 640 639
641 642 639
642 643 640
642 641 644
645 643 642
642 644 646
645 642 646
647 646 644
648 645 646
647 648 646
648 649 645
648 647 650
649 648 650
651 652 653
651 653 654
651 654 655
651 655 656
657 656 655
658 659 660
658 660 661
662 658 661
663 664 665
663 665 666
663 666 667
663 667 668
669 668 667
670 671 672
672 671 673
673 671 674
674 671 675
675 671 676
676 671 677
678 679 680
678 681 679
682 681 678
682 678 683
684 682 683
684 683 685
686 684 685
686 685 687
688 686 687
688 687 689
689 690 688
689 691 690
691 692 690
691 693 692
692 693 694
692 694 695
696 697 698
696 699 697
697 699 700
701 700 699
702 699 696
701 699 702
702 696 703
701 702 704
705 702 703
704 702 705
704 705 706
705 703 707
708 706 705
709 705 707
708 705 709
709 707 710
711 708 709
712 709 710
711 709 712
712 710 713
712 714 711
715 712 713
712 716 714
715 716 712
717 714 716
718 716 715
717 716 718
718 715 719
718 720 717
719 720 718
721 722 723
721 724 722
721 725 724
721 726 725
727 725 726
728 729 730
728 731 729
732 731 728
733 734 735
733 736 734
733 737 736
733 738 737
739 737 738
740 741 742
741 743 742
743 744 742
744 745 742
745 746 742
746 747 742
748 749 750
749 751 750
749 752 751
753 754 755
753 756 754
753 757 756
758 759 760
758 761 759
761 762 759
761 763 762
764 765 766
764 766 767
767 768 764
767 766 769
767 770 768
767 769 771
767 771 770
772 773 774
772 774 775
775 776 772
775 774 777
775 778 776
775 777 779
775 779 778
780 781 782
781 783 782
780 782 784
785 780 784
783 786 782
783 787 786
785 784 788
789 785 788
789 788 790
790 788 791
792 790 791
788 784 793
788 794 791
788 793 794
792 791 795
794 795 791
796 793 784
796 784 782
794 793 797
796 797 793
792 795 798
799 792 798
800 799 798
795 794 801
794 797 801
798 802 800
802 803 800
804 798 795
795 801 804
802 798 805
804 805 798
802 806 803
806 802 805
806 807 803
807 808 803
809 808 807
806 809 807
809 810 808
811 810 809
811 812 810
813 812 811
813 814 812
815 814 813
815 816 814
817 816 815
817 818 816
819 818 817
820 819 817
819 821 818
822 821 819
822 819 820
822 823 821
815 824 817
820 817 824
813 825 815
815 825 824
826 813 811
813 826 825
823 822 827
823 827 828
829 828 827
829 830 828
831 827 822
822 820 831
826 811 832
832 811 809
833 829 827
833 827 831
830 829 834
830 834 835
835 834 836
835 836 837
836 838 837
832 809 839
806 839 809
806 840 839
805 840 806
841 832 839
839 840 841
840 805 842
841 840 842
842 805 804
841 843 832
826 832 843
844 836 834
844 834 829
842 804 845
845 846 842
801 845 804
841 842 847
847 843 841
847 842 846
826 843 848
848 825 826
847 849 843
849 847 846
848 843 849
848 850 825
824 825 850
824 850 851
851 820 824
852 850 848
852 851 850
848 849 853
848 853 852
854 853 849
849 846 854
854 855 853
855 852 853
856 854 846
856 855 854
851 857 820
852 858 851
858 857 851
855 859 852
858 852 859
856 860 855
859 855 860
857 861 820
820 861 831
862 857 858
863 858 859
858 863 862
859 860 864
863 859 864
865 861 857
865 857 862
866 831 861
867 861 865
867 866 861
868 831 866
868 833 831
866 867 869
866 869 868
870 867 865
871 865 862
870 865 871
872 869 867
872 867 870
862 863 873
863 864 874
874 873 863
871 862 875
873 875 862
871 875 876
877 870 871
877 871 876
878 875 873
876 875 878
870 879 872
870 877 879
874 880 873
878 873 880
881 869 872
872 879 882
872 882 881
881 883 869
868 869 883
868 883 884
884 833 868
884 885 833
885 829 833
829 885 886
829 886 844
885 884 887
885 887 886
884 883 888
884 888 887
883 881 889
883 889 888
890 881 882
890 889 881
886 887 891
888 891 887
892 844 886
886 891 892
893 888 889
888 893 891
894 890 882
879 894 882
892 895 844
895 836 844
892 891 896
893 896 891
893 889 897
889 890 897
898 895 892
892 896 898
899 836 895
898 899 895
899 900 836
900 838 836
898 901 899
901 900 899
838 900 902
901 902 900
838 902 903
898 904 901
896 904 898
893 905 896
905 893 897
903 902 906
903 906 907
908 902 901
908 901 904
908 906 902
896 909 904
905 909 896
907 906 910
907 910 911
908 904 912
912 904 909
913 906 908
910 906 913
913 908 912
911 910 914
915 914 910
911 914 916
917 916 914
917 914 918
915 918 914
919 917 918
920 910 913
915 910 920
919 918 921
922 919 921
922 921 923
924 922 923
913 912 925
926 920 913
925 926 913
925 912 927
912 909 927
928 915 920
926 928 920
926 925 929
925 927 929
930 927 909
905 930 909
930 931 927
931 929 927
926 929 932
928 926 932
933 930 905
931 930 933
931 934 929
934 932 929
933 905 935
905 897 935
931 933 936
934 931 936
937 935 897
935 938 933
935 937 938
933 939 936
933 938 939
937 897 940
897 890 940
941 940 890
941 890 894
934 936 942
943 936 939
943 942 936
942 944 934
934 944 932
944 945 932
942 946 944
945 944 946
942 947 946
942 943 947
943 948 947
939 949 943
943 949 948
950 946 947
945 946 950
945 951 932
928 932 951
939 952 949
952 939 938
953 947 948
950 947 953
954 928 951
928 954 915
952 938 955
937 955 938
937 956 955
956 937 940
956 940 957
941 957 940
958 957 941
958 941 894
956 957 959
958 959 957
960 952 955
956 961 955
960 955 961
956 959 962
956 962 961
959 963 962
963 961 962
958 964 959
959 964 963
961 963 965
961 965 960
952 960 966
952 966 949
964 967 963
967 965 963
960 965 968
960 968 966
967 968 965
958 969 964
969 967 964
967 970 968
970 966 968
967 969 971
972 970 967
949 966 973
970 973 966
949 973 948
974 969 958
974 971 969
958 894 974
970 975 973
970 972 975
975 948 973
976 974 894
879 976 894
877 976 879
976 977 974
974 977 971
877 978 976
978 977 976
978 877 876
979 971 977
978 979 977
978 876 980
980 979 978
981 971 979
967 971 981
980 982 979
981 979 982
983 980 876
983 982 980
981 982 984
983 984 982
985 981 984
985 984 983
983 876 986
986 876 878
986 987 983
985 983 987
985 988 981
981 988 967
878 989 986
986 989 987
987 990 985
990 988 985
987 991 990
989 991 987
878 992 989
992 878 880
992 993 989
989 993 991
991 994 990
994 988 990
995 992 880
992 995 993
991 996 994
993 996 991
988 994 997
997 994 996
993 998 996
995 998 993
995 880 999
999 880 874
1000 988 997
988 1000 967
997 996 1001
1001 996 998
1000 997 1002
1001 1002 997
995 999 1003
1004 999 874
999 1004 1003
995 1005 998
995 1003 1005
1006 1004 874
1007 1004 1006
1006 874 864
864 1008 1006
1006 1008 1007
864 860 1008
1004 1009 1003
1007 1009 1004
1005 1003 1010
1003 1009 1010
1011 998 1005
1005 1010 1011
1012 1008 860
1012 860 856
1011 1013 998
1001 998 1013
1013 1014 1001
1001 1014 1002
1015 1002 1014
1000 1002 1015
1000 1015 1016
1000 1016 967
1017 1013 1011
1011 1010 1018
1011 1018 1017
1013 1019 1014
1017 1019 1013
1020 1014 1019
1017 1020 1019
1015 1014 1021
1020 1021 1014
1021 1022 1015
1022 1016 1015
1021 1023 1022
1020 1023 1021
1017 1024 1020
1018 1024 1017
1025 1016 1022
1025 1022 1023
967 1016 1026
1025 1026 1016
967 1026 1027
1027 1026 1025
967 1027 972
1028 972 1027
1027 1025 1028
1028 975 972
1020 1029 1023
1024 1029 1020
1025 1023 1030
1028 1025 1030
1030 1023 1029
975 1028 1031
1028 1030 1031
1032 1030 1029
1031 1030 1032
975 1031 1033
975 1033 948
1034 1033 1031
1031 1032 1034
1033 1035 948
1034 1035 1033
1035 953 948
1032 1029 1036
1024 1036 1029
1032 1037 1034
1037 1032 1036
1035 1034 1038
1037 1038 1034
1035 1039 953
1039 1035 1038
1039 950 953
1039 1040 950
1040 945 950
945 1040 1041
1039 1042 1040
1041 1040 1042
1039 1038 1043
1042 1039 1043
1038 1037 1044
1043 1038 1044
1045 1037 1036
1045 1044 1037
945 1041 1046
945 1046 951
1047 951 1046
954 951 1047
1048 1045 1036
1024 1048 1036
1049 1046 1041
1047 1046 1049
1050 1048 1024
1018 1050 1024
1051 1050 1018
1010 1051 1018
1052 1048 1050
1051 1052 1050
1053 1045 1048
1052 1053 1048
1010 1054 1051
1009 1054 1010
1009 1055 1054
1055 1051 1054
1009 1007 1055
1056 1052 1051
1055 1056 1051
1056 1057 1052
1057 1053 1052
1056 1055 1058
1057 1056 1058
1007 1059 1055
1058 1055 1059
1045 1053 1060
1057 1061 1053
1060 1053 1061
1057 1058 1062
1062 1061 1057
1063 1045 1060
1044 1045 1063
1064 1044 1063
1063 1065 1064
1044 1064 1043
1064 1066 1043
1065 1066 1064
1066 1042 1043
1067 1063 1060
1063 1067 1065
1066 1068 1042
1069 1068 1066
1041 1042 1068
1041 1068 1069
1065 1070 1066
1069 1066 1070
1041 1069 1071
1072 1071 1069
1049 1041 1071
1049 1071 1072
1069 1070 1073
1065 1073 1070
1049 1072 1074
1075 1074 1072
1047 1049 1074
1047 1074 1076
1075 1076 1074
954 1047 1076
954 1076 1077
1077 915 954
1069 1073 1078
1072 1069 1078
1072 1078 1079
1073 1079 1078
1075 1080 1076
1077 1076 1080
1077 1081 915
915 1081 918
1082 1081 1077
1077 1080 1082
1081 1083 918
1082 1083 1081
918 1083 921
1075 1072 1084
1072 1079 1084
1083 1085 921
1085 923 921
1086 1083 1082
1082 1080 1087
1082 1087 1086
1083 1086 1088
1083 1088 1085
1086 1087 1089
1086 1089 1088
1090 1084 1079
1084 1091 1075
1090 1091 1084
1079 1092 1090
1073 1092 1079
1093 1092 1073
1065 1093 1073
1094 1093 1065
1094 1065 1067
1095 1092 1093
1093 1094 1095
1090 1092 1096
1092 1095 1096
1067 1097 1094
1095 1094 1098
1094 1097 1098
1096 1095 1099
1098 1099 1095
1067 1100 1097
1067 1060 1100
1100 1060 1101
1060 1061 1101
1101 1061 1102
1062 1102 1061
1090 1096 1103
1099 1104 1096
1103 1096 1104
1103 1105 1090
1103 1106 1105
1090 1105 1091
1091 1105 1107
1105 1106 1107
1104 1108 1103
1108 1106 1103
1091 1107 1109
1075 1091 1109
1075 1109 1110
1110 1080 1075
1111 1109 1107
1111 1110 1109
1112 1080 1110
1111 1112 1110
1112 1087 1080
1111 1107 1113
1113 1107 1106
1114 1087 1112
1114 1089 1087
1112 1111 1115
1113 1115 1111
1112 1115 1114
1116 1089 1114
1114 1115 1117
1114 1117 1116
1113 1118 1115
1117 1115 1118
1116 1119 1089
1088 1089 1119
1113 1106 1120
1118 1113 1120
1117 1121 1116
1121 1119 1116
1088 1119 1122
1085 1088 1122
1121 1123 1119
1123 1122 1119
1085 1122 1124
1085 1124 923
1123 1125 1122
1125 1124 1122
1124 1126 923
924 923 1126
1126 1127 924
1127 1128 924
1129 1128 1127
1124 1130 1126
1125 1130 1124
1130 1127 1126
1125 1131 1130
1130 1131 1127
1129 1127 1132
1133 1129 1132
1133 1132 1134
1134 1135 1133
1136 1132 1127
1131 1136 1127
1136 1134 1132
1125 1137 1131
1137 1136 1131
1137 1125 1123
1137 1138 1136
1134 1136 1138
1137 1123 1139
1138 1137 1139
1134 1140 1135
1141 1135 1140
1142 1139 1123
1142 1123 1121
1141 1140 1143
1143 1144 1141
1143 1145 1144
1143 1146 1145
1145 1147 1144
1145 1148 1147
1146 1148 1145
1148 1149 1147
1150 1143 1140
1143 1150 1146
1151 1140 1134
1151 1150 1140
1148 1152 1149
1152 1153 1149
1146 1154 1148
1152 1148 1154
1152 1155 1153
1155 1156 1153
1157 1151 1134
1134 1138 1157
1157 1138 1158
1138 1139 1158
1159 1151 1157
1157 1158 1159
1160 1158 1139
1159 1158 1160
1160 1139 1142
1159 1161 1151
1161 1150 1151
1159 1160 1162
1161 1159 1162
1142 1163 1160
1162 1160 1163
1155 1164 1156
1164 1165 1156
1142 1166 1163
1121 1166 1142
1164 1167 1165
1167 1168 1165
1121 1169 1166
1117 1169 1121
1169 1117 1170
1117 1118 1170
1167 1171 1168
1171 1172 1168
1173 1172 1171
1173 1171 1167
1174 1166 1169
1169 1170 1174
1175 1170 1118
1118 1120 1175
1176 1172 1173
1176 1177 1172
1178 1177 1176
1177 1178 1179
1179 1178 1180
1174 1170 1181
1175 1181 1170
1173 1182 1176
1176 1182 1178
1174 1183 1166
1174 1181 1184
1184 1183 1174
1166 1183 1185
1163 1166 1185
1185 1186 1163
1162 1163 1186
1186 1187 1162
1161 1162 1187
1188 1161 1187
1161 1188 1150
1188 1189 1150
1146 1150 1189
1188 1187 1190
1190 1189 1188
1186 1191 1187
1191 1190 1187
1185 1192 1186
1191 1186 1192
1193 1185 1183
1194 1192 1185
1193 1194 1185
1191 1192 1195
1195 1192 1194
1191 1196 1190
1196 1191 1195
1190 1197 1189
1196 1197 1190
1198 1146 1189
1197 1198 1189
1193 1183 1199
1184 1199 1183
1200 1193 1199
1200 1194 1193
1201 1146 1198
1201 1154 1146
1184 1202 1199
1200 1199 1202
1196 1195 1203
1196 1204 1197
1203 1204 1196
1203 1205 1204
1195 1194 1206
1203 1195 1206
1197 1207 1198
1204 1207 1197
1200 1208 1194
1206 1194 1208
1203 1206 1209
1209 1205 1203
1207 1210 1198
1210 1201 1198
1204 1205 1211
1204 1211 1207
1206 1208 1212
1209 1206 1212
1208 1200 1213
1208 1214 1212
1208 1213 1214
1209 1212 1215
1215 1212 1214
1200 1216 1213
1200 1202 1216
1217 1214 1213
1213 1216 1217
1202 1218 1216
1216 1218 1217
1217 1219 1214
1219 1215 1214
1220 1209 1215
1209 1220 1205
1220 1215 1221
1219 1221 1215
1222 1220 1221
1222 1205 1220
1202 1223 1218
1184 1223 1202
1184 1224 1223
1218 1223 1224
1184 1181 1224
1217 1218 1225
1224 1225 1218
1217 1225 1226
1219 1217 1227
1228 1224 1181
1224 1228 1225
1228 1226 1225
1228 1181 1175
1175 1229 1228
1228 1229 1226
1175 1120 1229
1230 1226 1229
1217 1226 1230
1120 1231 1229
1230 1229 1231
1120 1106 1231
1232 1231 1106
1230 1231 1232
1232 1106 1108
1233 1217 1230
1230 1232 1233
1232 1108 1234
1104 1234 1108
1235 1233 1232
1232 1234 1235
1234 1104 1236
1236 1104 1099
1217 1233 1237
1235 1237 1233
1235 1234 1238
1234 1236 1238
1099 1239 1236
1098 1239 1099
1237 1235 1240
1235 1238 1240
1236 1241 1238
1236 1239 1241
1217 1237 1242
1237 1240 1242
1217 1242 1243
1240 1243 1242
1240 1238 1244
1238 1241 1244
1245 1217 1243
1227 1217 1245
1240 1246 1243
1240 1244 1246
1246 1247 1243
1245 1243 1247
1248 1246 1244
1248 1247 1246
1249 1244 1241
1249 1248 1244
1250 1241 1239
1250 1249 1241
1247 1248 1251
1249 1251 1248
1245 1247 1252
1247 1251 1252
1245 1252 1253
1245 1253 1227
1250 1239 1254
1254 1239 1098
1255 1252 1251
1255 1253 1252
1256 1254 1098
1098 1097 1256
1249 1257 1251
1258 1257 1249
1258 1249 1250
1259 1251 1257
1259 1255 1251
1258 1259 1257
1253 1255 1260
1255 1259 1261
1255 1261 1260
1258 1262 1259
1262 1261 1259
1263 1258 1250
1262 1258 1263
1264 1250 1254
1263 1250 1264
1265 1264 1254
1265 1254 1256
1266 1263 1264
1266 1264 1265
1262 1263 1267
1267 1263 1266
1253 1260 1268
1227 1253 1268
1262 1269 1261
1269 1262 1267
1270 1265 1256
1271 1266 1265
1271 1265 1270
1270 1256 1272
1097 1272 1256
1097 1273 1272
1100 1273 1097
1100 1274 1273
1100 1101 1274
1275 1274 1101
1101 1102 1275
1276 1266 1271
1270 1277 1271
1271 1277 1276
1278 1270 1272
1270 1278 1277
1273 1279 1272
1278 1272 1279
1280 1273 1274
1273 1280 1279
1275 1281 1274
1280 1274 1281
1282 1275 1102
1281 1275 1282
1281 1283 1280
1283 1279 1280
1276 1284 1266
1267 1266 1284
1285 1267 1284
1285 1284 1276
1285 1276 1286
1287 1267 1285
1269 1267 1287
1281 1282 1288
1281 1288 1283
1286 1276 1289
1277 1289 1276
1286 1290 1285
1290 1287 1285
1291 1269 1287
1291 1261 1269
1292 1288 1282
1292 1283 1288
1293 1287 1290
1291 1287 1293
1291 1294 1261
1294 1260 1261
1294 1295 1260
1295 1268 1260
1295 1296 1268
1268 1296 1227
1296 1297 1227
1297 1219 1227
1298 1296 1295
1298 1297 1296
1299 1295 1294
1299 1298 1295
1300 1294 1291
1300 1299 1294
1291 1293 1301
1291 1301 1300
1297 1302 1219
1219 1302 1221
1222 1221 1302
1297 1222 1302
1297 1298 1222
1303 1222 1298
1303 1298 1299
1222 1303 1205
1304 1299 1300
1304 1303 1299
1303 1304 1205
1300 1301 1304
1205 1304 1211
1304 1305 1211
1304 1301 1305
1305 1207 1211
1306 1305 1301
1293 1306 1301
1290 1306 1293
1207 1305 1307
1306 1307 1305
1210 1207 1307
1308 1306 1290
1286 1308 1290
1307 1306 1309
1308 1309 1306
1307 1310 1210
1307 1309 1310
1309 1308 1311
1308 1286 1311
1210 1310 1312
1312 1201 1210
1310 1309 1313
1309 1311 1313
1314 1312 1310
1310 1313 1314
1312 1315 1201
1154 1201 1315
1154 1315 1316
1152 1154 1316
1155 1152 1316
1312 1317 1315
1317 1316 1315
1155 1316 1318
1317 1318 1316
1318 1164 1155
1318 1319 1164
1319 1167 1164
1314 1320 1312
1317 1312 1320
1318 1317 1321
1318 1321 1319
1319 1322 1167
1173 1167 1322
1317 1320 1323
1317 1323 1321
1324 1320 1314
1324 1323 1320
1323 1324 1325
1326 1324 1314
1326 1325 1324
1326 1314 1313
1327 1322 1319
1327 1319 1321
1173 1322 1328
1322 1327 1328
1182 1173 1328
1329 1321 1323
1329 1327 1321
1323 1325 1329
1327 1330 1328
1327 1329 1330
1328 1330 1182
1329 1325 1330
1330 1331 1182
1331 1178 1182
1332 1326 1313
1332 1313 1311
1333 1330 1325
1330 1333 1331
1331 1334 1178
1180 1178 1334
1335 1331 1333
1334 1331 1335
1180 1334 1336
1180 1336 1337
1338 1336 1334
1334 1335 1338
1337 1336 1339
1339 1336 1338
1340 1337 1339
1340 1339 1341
1341 1339 1342
1341 1342 1343
1343 1342 1344
1343 1344 1345
1345 1344 1346
1344 787 1346
1339 1338 1347
1339 1347 1342
1338 1348 1347
1338 1335 1348
1349 1342 1347
1349 1344 1342
1349 1347 1348
1350 1348 1335
1351 1349 1348
1351 1348 1350
1350 1335 1352
1335 1333 1352
1352 1333 1353
1333 1325 1353
1350 1352 1354
1352 1353 1354
1355 1353 1325
1326 1355 1325
1355 1356 1353
1354 1353 1356
1326 1357 1355
1357 1356 1355
1332 1357 1326
1350 1354 1358
1359 1351 1350
1359 1350 1358
1351 1359 1360
1358 1354 1361
1354 1356 1361
1359 1358 1362
1358 1361 1362
1356 1363 1361
1363 1362 1361
1359 1362 1364
1360 1359 1364
1357 1365 1356
1356 1365 1363
1365 1357 1366
1357 1332 1367
1357 1367 1366
1363 1368 1362
1368 1364 1362
1363 1365 1369
1365 1366 1369
1363 1369 1368
1370 1367 1332
1332 1311 1370
1367 1371 1366
1370 1371 1367
1372 1370 1311
1311 1286 1372
1373 1371 1370
1372 1373 1370
1286 1374 1372
1374 1286 1289
1375 1373 1372
1372 1374 1375
1368 1369 1376
1369 1366 1377
1376 1369 1377
1376 1377 1378
1379 1368 1376
1379 1376 1378
1368 1379 1364
1380 1371 1373
1366 1371 1381
1381 1371 1380
1381 1380 1382
1383 1380 1373
1375 1383 1373
1382 1380 1383
1384 1377 1366
1381 1384 1366
1378 1377 1385
1384 1385 1377
1381 1386 1384
1382 1386 1381
1387 1385 1384
1384 1386 1387
1378 1385 1388
1387 1388 1385
1387 1386 1389
1382 1389 1386
1390 1388 1387
1387 1389 1390
1391 1383 1375
1382 1383 1392
1391 1392 1383
1375 1393 1391
1374 1393 1375
1394 1393 1374
1289 1394 1374
1395 1394 1289
1289 1277 1395
1396 1393 1394
1396 1394 1395
1391 1393 1397
1396 1397 1393
1398 1392 1391
1391 1397 1398
1395 1277 1399
1278 1399 1277
1400 1399 1278
1279 1400 1278
1401 1400 1279
1283 1401 1279
1401 1283 1402
1292 1402 1283
1403 1402 1292
1403 1292 1404
1292 1282 1404
1405 1404 1282
1282 1102 1405
1405 1102 1406
1102 1062 1406
1406 1062 1407
1062 1058 1407
1408 1407 1058
1059 1408 1058
1405 1406 1409
1410 1406 1407
1410 1409 1406
1409 1411 1405
1405 1411 1404
1409 1412 1411
1409 1410 1412
1413 1410 1407
1408 1413 1407
1404 1411 1414
1412 1414 1411
1415 1412 1410
1415 1410 1413
1404 1414 1416
1403 1404 1416
1417 1414 1412
1417 1412 1415
1418 1416 1414
1418 1414 1417
1417 1415 1419
1419 1418 1417
1415 1420 1419
1415 1413 1420
1421 1403 1416
1418 1421 1416
1422 1418 1419
1419 1420 1422
1421 1418 1423
1423 1418 1422
1413 1424 1420
1425 1420 1424
1413 1426 1424
1424 1426 1425
1413 1408 1426
1420 1427 1422
1425 1427 1420
1423 1422 1428
1427 1428 1422
1429 1428 1427
1423 1428 1429
1425 1430 1427
1429 1427 1430
1430 1431 1429
1423 1429 1432
1431 1432 1429
1433 1421 1423
1433 1423 1432
1425 1434 1430
1431 1430 1434
1433 1435 1421
1421 1435 1403
1433 1436 1435
1436 1403 1435
1433 1432 1437
1433 1437 1436
1436 1438 1403
1403 1438 1402
1439 1438 1436
1436 1437 1439
1402 1438 1440
1439 1440 1438
1431 1441 1432
1437 1432 1441
1402 1440 1442
1401 1402 1442
1443 1401 1442
1401 1443 1400
1444 1442 1440
1443 1442 1444
1445 1400 1443
1443 1444 1445
1445 1399 1400
1446 1444 1440
1439 1446 1440
1447 1445 1444
1446 1447 1444
1448 1399 1445
1447 1448 1445
1395 1399 1448
1449 1446 1439
1446 1449 1447
1450 1449 1439
1437 1450 1439
1447 1449 1451
1447 1451 1448
1449 1450 1451
1448 1452 1395
1395 1452 1396
1437 1453 1450
1437 1441 1453
1454 1450 1453
1441 1454 1453
1451 1450 1454
1455 1451 1454
1448 1451 1456
1448 1456 1452
1455 1456 1451
1456 1455 1452
1441 1457 1454
1455 1454 1457
1457 1441 1431
1431 1458 1457
1455 1457 1458
1431 1459 1458
1431 1434 1459
1458 1459 1460
1434 1460 1459
1461 1455 1458
1458 1460 1461
1455 1462 1452
1461 1462 1455
1434 1463 1460
1463 1434 1425
1461 1460 1464
1463 1464 1460
1463 1425 1465
1425 1426 1465
1462 1466 1452
1452 1466 1396
1467 1462 1461
1461 1464 1467
1463 1468 1464
1468 1463 1465
1469 1466 1462
1467 1469 1462
1396 1466 1470
1396 1470 1397
1467 1464 1471
1468 1471 1464
1472 1466 1469
1472 1470 1466
1469 1467 1473
1467 1471 1473
1469 1473 1472
1397 1470 1474
1397 1474 1398
1475 1470 1472
1475 1474 1470
1472 1473 1476
1472 1476 1475
1473 1471 1477
1473 1477 1476
1468 1478 1471
1478 1477 1471
1479 1478 1468
1468 1465 1479
1479 1465 1480
1465 1426 1480
1479 1481 1478
1481 1479 1480
1478 1482 1477
1481 1482 1478
1476 1477 1483
1482 1483 1477
1484 1475 1476
1476 1483 1484
1426 1485 1480
1408 1485 1426
1481 1480 1486
1485 1486 1480
1481 1487 1482
1487 1481 1486
1482 1488 1483
1488 1482 1487
1484 1489 1475
1489 1474 1475
1490 1484 1483
1490 1483 1488
1485 1408 1491
1408 1059 1491
1059 1492 1491
1492 1059 1007
1485 1491 1493
1491 1492 1493
1007 1494 1492
1008 1494 1007
1489 1495 1474
1495 1398 1474
1485 1493 1496
1485 1496 1486
1492 1497 1493
1494 1497 1492
1494 1008 1498
1012 1498 1008
1495 1499 1398
1499 1392 1398
1496 1500 1486
1487 1486 1500
1501 1496 1493
1497 1501 1493
1497 1494 1502
1494 1498 1502
1499 1503 1392
1382 1392 1503
1504 1487 1500
1488 1487 1504
1496 1505 1500
1501 1505 1496
1501 1497 1506
1497 1502 1506
1503 1507 1382
1382 1507 1389
1504 1508 1488
1490 1488 1508
1504 1500 1509
1509 1500 1505
1505 1501 1510
1501 1506 1510
1511 1510 1506
1506 1502 1512
1511 1506 1512
1513 1505 1510
1509 1505 1513
1509 1514 1504
1504 1514 1508
1512 1502 1515
1502 1498 1515
1509 1516 1514
1513 1516 1509
1513 1510 1517
1511 1517 1510
1518 1508 1514
1516 1518 1514
1519 1511 1512
1519 1512 1515
1520 1519 1515
1498 1521 1515
1521 1520 1515
1498 1012 1521
1522 1521 1012
1522 1520 1521
1012 856 1522
856 1523 1522
856 846 1523
1523 846 1524
845 1524 846
1522 1523 1525
1523 1524 1525
1526 1524 845
801 1526 845
1526 1527 1524
1527 1525 1524
1528 1526 801
1528 1527 1526
1528 801 797
1529 1520 1522
1522 1525 1529
1530 1528 797
1530 797 796
1528 1531 1527
1527 1532 1525
1531 1532 1527
1525 1533 1529
1525 1532 1533
1534 1531 1528
1534 1528 1530
1530 1535 1534
1531 1536 1532
1534 1536 1531
1533 1532 1536
1530 796 1537
1530 1537 1535
796 1538 1537
1538 1535 1537
796 782 1538
1533 1539 1529
1529 1539 1520
1534 1540 1536
1535 1540 1534
1533 1536 1541
1533 1541 1539
1541 1536 1540
782 1542 1538
782 786 1542
1543 1538 1542
1543 1542 786
1538 1544 1535
1543 1544 1538
1543 1545 1544
1543 786 1546
787 1546 786
1535 1544 1547
1545 1547 1544
1535 1547 1548
1535 1548 1540
1548 1547 1549
1549 1547 1545
1550 1549 1545
1540 1548 1551
1551 1548 1549
1552 1540 1551
1541 1540 1552
1553 1551 1549
1553 1549 1550
1551 1553 1552
1545 1543 1554
1543 1546 1554
1545 1554 1555
1554 1546 1556
1555 1554 1556
1552 1557 1541
1552 1558 1557
1541 1557 1539
1557 1559 1539
1557 1558 1559
1539 1559 1520
1553 1560 1552
1552 1560 1558
1561 1520 1559
1519 1520 1561
1553 1562 1560
1550 1562 1553
1562 1563 1560
1560 1563 1558
1558 1564 1559
1561 1559 1564
1519 1561 1565
1511 1519 1565
1566 1561 1564
1561 1566 1565
1558 1567 1564
1566 1564 1567
1511 1565 1568
1566 1568 1565
1550 1569 1562
1562 1569 1563
1563 1570 1558
1558 1570 1567
1571 1566 1567
1566 1571 1568
1570 1572 1567
1571 1567 1572
1563 1573 1570
1570 1573 1572
1574 1571 1572
1568 1571 1574
1574 1572 1575
1575 1572 1573
1568 1574 1576
1575 1573 1577
1563 1578 1573
1577 1573 1578
1569 1578 1563
1577 1578 1579
1580 1568 1576
1511 1568 1580
1580 1576 1581
1517 1511 1580
1579 1578 1582
1569 1582 1578
1579 1582 1583
1584 1580 1581
1517 1580 1584
1584 1581 1585
1586 1582 1569
1550 1586 1569
1587 1583 1582
1586 1587 1582
1587 1588 1583
1584 1589 1517
1513 1517 1589
1513 1589 1516
1585 1590 1584
1584 1590 1589
1516 1589 1590
1585 1591 1590
1516 1590 1592
1592 1590 1591
1592 1591 1593
1516 1592 1518
1593 1518 1592
1593 1594 1518
1594 1595 1518
1596 1595 1594
1595 1508 1518
1595 1596 1597
1598 1508 1595
1595 1597 1598
1598 1490 1508
1599 1598 1597
1599 1597 1600
1600 1601 1599
1598 1602 1490
1598 1599 1602
1490 1602 1484
1489 1484 1602
1601 1603 1599
1599 1603 1602
1604 1603 1601
1489 1602 1605
1603 1605 1602
1495 1489 1605
1495 1605 1606
1606 1605 1603
1499 1495 1606
1604 1607 1603
1606 1603 1607
1607 1604 1608
1607 1608 1609
1606 1607 1609
1610 1609 1608
1499 1606 1611
1606 1609 1611
1499 1611 1503
1610 1612 1609
1612 1611 1609
1612 1503 1611
1612 1610 1613
1503 1612 1507
1612 1613 1507
1507 1613 1614
1507 1614 1389
1389 1614 1615
1389 1615 1390
1615 1616 1390
1615 1617 1616
1390 1616 1388
1617 1618 1616
1617 1619 1618
1620 1388 1616
1620 1616 1618
1378 1388 1620
1619 1621 1618
1619 1622 1621
1623 1620 1618
1623 1378 1620
1623 1618 1621
1622 1624 1621
1622 1625 1624
1626 1378 1623
1379 1378 1626
1627 1623 1621
1627 1621 1624
1628 1624 1625
1628 1625 1629
1630 1626 1623
1630 1623 1627
1631 1630 1627
1632 1627 1624
1632 1624 1628
1631 1627 1632
1633 1626 1630
1633 1379 1626
1631 1633 1630
1629 1634 1628
1629 1635 1634
1636 1634 1635
1628 1637 1632
1628 1634 1637
1638 1379 1633
1379 1638 1364
1636 1639 1634
1639 1637 1634
1633 1640 1638
1633 1631 1640
1631 1641 1640
1364 1638 1642
1638 1640 1642
1360 1364 1642
1642 1640 1643
1640 1641 1643
1360 1642 1643
1631 1632 1644
1644 1632 1637
1636 1645 1639
1636 1646 1645
1647 1645 1646
1641 1648 1643
1360 1643 1648
1631 1644 1649
1631 1649 1641
1644 1650 1649
1649 1650 1641
1651 1644 1637
1644 1651 1650
1639 1652 1637
1651 1637 1652
1653 1639 1645
1653 1652 1639
1647 1654 1645
1653 1645 1654
1655 1651 1652
1655 1652 1653
1656 1650 1651
1656 1651 1655
1655 1653 1657
1653 1654 1657
1647 1658 1654
1647 1659 1658
1588 1658 1659
1588 1587 1658
1654 1658 1660
1587 1660 1658
1654 1660 1657
1587 1586 1660
1655 1657 1661
1661 1657 1660
1656 1655 1661
1662 1660 1586
1661 1660 1662
1550 1662 1586
1656 1661 1555
1662 1555 1661
1550 1663 1662
1662 1663 1555
1550 1545 1663
1663 1545 1555
1656 1555 1664
1656 1664 1650
1555 1556 1664
1650 1664 1556
1650 1556 1665
1641 1650 1665
1641 1665 1666
1666 1648 1641
1665 1556 1667
1666 1665 1667
1666 1668 1648
1668 1360 1648
1667 1556 1669
1546 1669 1556
787 1669 1546
787 1667 1669
787 1670 1667
1666 1667 1670
1344 1670 787
1666 1670 1671
1344 1671 1670
1666 1671 1668
1344 1668 1671
1349 1668 1344
1668 1672 1360
1349 1672 1668
1351 1360 1672
1351 1672 1349
1673 1674 1675
1676 1674 1673
1675 1674 1677
1678 1674 1676
1677 1674 1679
1680 1674 1678
1679 1674 1681
1682 1674 1680
1681 1674 1683
1683 1674 1682
1684 1685 1686
1685 1684 1687
1686 1685 1688
1689 1685 1687
1685 1690 1688
1691 1685 1689
1690 1685 1692
1693 1685 1691
1692 1685 1694
1695 1685 1693
1685 1696 1694
1696 1685 1695
1697 1698 1699
1697 1700 1698
1697 1699 1701
1702 1701 1699
1702 1699 1703
1704 1702 1703
1704 1703 1705
1705 1706 1704
1705 1707 1706
1707 1708 1706
1707 1709 1708
1708 1709 1710
1710 1711 1708
1711 1712 1708
1712 1713 1708
1706 1714 1704
1702 1704 1714
1706 1715 1714
1708 1715 1706
1702 1714 1716
1717 1702 1716
1717 1701 1702
1718 1701 1717
1718 1697 1701
1697 1718 1719
1708 1720 1715
1708 1713 1721
1721 1720 1708
1713 1722 1721
1723 1721 1722
1697 1719 1724
1697 1724 1700
1724 1725 1700
1725 1726 1700
1727 1726 1725
1728 1727 1725
1729 1728 1725
1724 1719 1730
1731 1729 1725
1732 1721 1723
1720 1721 1732
1733 1732 1723
1720 1732 1734
1724 1730 1735
1724 1735 1725
1735 1731 1725
1730 1736 1735
1735 1737 1731
1735 1736 1737
1733 1738 1732
1734 1732 1738
1734 1738 1739
1733 1740 1738
1738 1741 1739
1740 1742 1738
1738 1742 1741
1740 1743 1742
1742 1743 1744
1741 1742 1745
1742 1744 1745
1741 1745 1746
1744 1747 1745
1746 1745 1747
1744 1748 1747
1746 1747 1749
1748 1750 1747
1747 1750 1749
1751 1752 1753
1752 1751 1754
1752 1754 1755
1752 1755 1756
1752 1756 1757
1752 1757 1758
1759 1752 1758
1759 1760 1752
1752 1760 1761
1752 1761 1753
1761 1762 1753
1761 1763 1762
1763 1764 1762
1763 1765 1764
1765 1766 1764
1765 1767 1766
1768 1766 1767
1768 1767 1769
1768 1769 1770
1768 1770 1771
1771 1770 1772
1771 1772 1773
1774 1773 1772
1773 1774 1775
1774 1776 1775
1774 1777 1776
1774 1778 1777
1774 1779 1778
1774 1780 1779
1770 1781 1772
1781 1774 1772
1770 1782 1781
1774 1783 1780
1781 1783 1774
1782 1783 1781
1780 1783 1784
1782 1785 1783
1786 1784 1783
1785 1786 1783
1786 1787 1784
1785 1788 1786
1789 1787 1786
1788 1789 1786
1789 1790 1787
1788 1791 1789
1790 1789 1792
1792 1789 1791
1790 1792 1793
1792 1791 1794
1793 1792 1795
1795 1792 1794
1793 1795 1796
1795 1794 1797
1795 1798 1796
1798 1795 1797
1799 1800 1801
1801 1802 1799
1800 1803 1801
1804 1802 1801
1801 1803 1805
1806 1804 1801
1805 1807 1801
1808 1806 1801
1807 1809 1801
1810 1808 1801
1801 1809 1811
1811 1810 1801
1812 1813 1814
1812 1814 1815
1812 1816 1813
1817 1813 1816
1817 1818 1813
1819 1818 1817
1819 1820 1818
1820 1819 1821
1820 1821 1822
1822 1821 1823
1822 1823 1824
1823 1825 1824
1825 1823 1826
1826 1823 1827
1827 1823 1828
1821 1819 1829
1817 1829 1819
1821 1829 1830
1823 1821 1830
1817 1831 1829
1832 1831 1817
1832 1817 1816
1833 1832 1816
1833 1816 1812
1812 1834 1833
1823 1830 1835
1823 1836 1828
1836 1823 1835
1828 1836 1837
1838 1837 1836
1812 1839 1834
1812 1815 1839
1839 1815 1840
1840 1815 1841
1842 1840 1841
1843 1840 1842
1844 1840 1843
1839 1845 1834
1846 1840 1844
1835 1847 1836
1847 1838 1836
1835 1848 1847
1849 1838 1847
1839 1850 1845
1839 1840 1850
1850 1840 1846
1845 1850 1851
1850 1846 1852
1850 1852 1851
1848 1853 1847
1849 1847 1853
1848 1854 1853
1849 1853 1855
1853 1854 1856
1855 1853 1857
1853 1856 1857
1855 1857 1858
1857 1859 1858
1856 1860 1857
1857 1860 1859
1856 1861 1860
1859 1860 1862
1861 1862 1860
1859 1862 1863
1861 1864 1862
1863 1862 1865
1862 1864 1865
1866 1867 1868
1868 1869 1866
1868 1870 1869
1868 1871 1870
1868 1872 1871
1868 1873 1872
1874 1873 1868
1874 1868 1875
1868 1876 1875
1868 1867 1876
1876 1867 1877
1876 1877 1878
1878 1877 1879
1878 1879 1880
1880 1879 1881
1880 1881 1882
1883 1882 1881
1883 1884 1882
1883 1885 1884
1883 1886 1885
1886 1887 1885
1886 1888 1887
1889 1887 1888
1888 1890 1889
1889 1890 1891
1889 1891 1892
1889 1892 1893
1889 1893 1894
1889 1894 1895
1885 1887 1896
1896 1887 1889
1885 1896 1897
1889 1895 1898
1896 1889 1898
1897 1896 1898
1895 1899 1898
1897 1898 1900
1901 1898 1899
1900 1898 1901
1901 1899 1902
1900 1901 1903
1904 1901 1902
1903 1901 1904
1904 1902 1905
1903 1904 1906
1905 1907 1904
1907 1906 1904
1905 1908 1907
1907 1909 1906
1908 1910 1907
1910 1909 1907
1908 1911 1910
1910 1912 1909
1910 1911 1913
1913 1912 1910
1914 1915 1916
1914 1917 1915
1915 1917 1918
1919 1917 1914
1916 1915 1920
1920 1915 1918
1916 1920 1921
1921 1920 1922
1922 1920 1918
1921 1922 1923
1919 1924 1917
1925 1924 1919
1923 1922 1926
1923 1926 1927
1917 1924 1928
1918 1917 1928
1925 1929 1924
1924 1929 1928
1930 1929 1925
1930 1931 1929
1929 1931 1928
1932 1931 1930
1926 1922 1933
1922 1918 1933
1927 1926 1934
1934 1926 1933
1927 1934 1935
1932 1936 1931
1937 1936 1932
1931 1938 1928
1931 1936 1938
1936 1939 1938
1937 1940 1936
1936 1940 1939
1941 1940 1937
1928 1938 1942
1918 1928 1942
1938 1939 1942
1941 1943 1940
1940 1943 1939
1944 1943 1941
1944 1945 1943
1943 1945 1939
1946 1945 1944
1946 1947 1945
1948 1947 1946
1945 1949 1939
1945 1947 1949
1948 1950 1947
1947 1950 1949
1951 1950 1948
1939 1949 1952
1939 1952 1942
1951 1953 1950
1954 1953 1951
1950 1955 1949
1949 1955 1952
1950 1953 1955
1954 1956 1953
1957 1956 1954
1953 1958 1955
1953 1956 1958
1957 1959 1956
1956 1959 1958
1935 1959 1957
1935 1934 1959
1959 1934 1958
1958 1934 1933
1955 1958 1960
1955 1960 1952
1958 1933 1960
1942 1952 1961
1952 1960 1961
1933 1962 1960
1960 1962 1961
1962 1942 1961
1933 1918 1962
1962 1918 1942
1963 1964 1965
1963 1965 1966
1965 1967 1966
1968 1963 1966
1964 1969 1965
1969 1967 1965
1964 1970 1969
1970 1971 1969
1971 1967 1969
1970 1972 1971
1968 1966 1973
1974 1968 1973
1972 1975 1971
1972 1976 1975
1966 1977 1973
1967 1977 1966
1974 1973 1978
1973 1977 1978
1979 1974 1978
1979 1978 1980
1978 1977 1980
1981 1979 1980
1975 1982 1971
1971 1982 1967
1976 1983 1975
1983 1982 1975
1976 1984 1983
1981 1980 1985
1986 1981 1985
1980 1977 1987
1980 1987 1985
1985 1987 1988
1986 1985 1989
1985 1988 1989
1990 1986 1989
1977 1991 1987
1967 1991 1977
1987 1991 1988
1990 1989 1992
1989 1988 1992
1993 1990 1992
1993 1992 1994
1992 1988 1994
1995 1993 1994
1995 1994 1996
1997 1995 1996
1994 1988 1998
1994 1998 1996
1997 1996 1999
1996 1998 1999
2000 1997 1999
1988 2001 1998
1988 1991 2001
2000 1999 2002
2003 2000 2002
1999 1998 2004
1998 2001 2004
1999 2004 2002
2003 2002 2005
2006 2003 2005
2002 2004 2007
2002 2007 2005
2006 2005 2008
2005 2007 2008
1984 2006 2008
1984 2008 1983
2008 2007 1983
2007 1982 1983
2004 2009 2007
2004 2001 2009
2007 2009 1982
1991 2010 2001
2001 2010 2009
1982 2009 2011
2009 2010 2011
2011 2010 1991
1982 2011 1967
2011 1991 1967
