byte offset: 0
first index: 0
index count: 18000
topology: trianglelist
format: DXGI_FORMAT_R16_UINT

0 1 2
3 4 5
6 7 8
9 10 11
9 12 10
13 12 9
12 13 14
15 10 12
15 16 10
16 15 17
16 17 18
19 18 17
19 20 18
20 19 21
19 22 21
21 22 23
24 12 14
25 15 12
25 12 24
15 26 17
15 25 26
27 19 17
27 17 26
24 14 28
28 14 29
19 27 30
19 30 22
31 27 26
27 31 30
25 32 26
31 26 32
33 25 24
28 33 24
28 29 34
34 29 35
25 36 32
33 36 25
28 37 33
34 37 28
33 38 36
33 37 38
22 30 39
31 40 30
30 40 39
22 39 41
22 41 23
42 23 41
42 43 23
44 41 39
44 42 41
40 45 39
39 45 44
42 46 43
43 46 47
48 47 46
48 49 47
46 42 50
48 46 50
51 42 44
50 42 51
44 45 52
51 44 52
53 51 52
50 51 54
54 48 50
53 54 51
53 48 54
45 55 52
52 55 53
40 56 45
45 56 55
57 48 53
48 57 58
59 58 57
53 59 57
59 60 58
53 55 61
53 61 59
56 61 55
62 60 59
61 62 59
61 56 62
62 63 60
64 63 62
56 64 62
64 65 63
66 65 64
66 67 65
67 66 68
56 69 64
69 66 64
40 69 56
31 69 40
31 70 69
69 70 66
70 31 32
70 32 71
71 66 70
36 71 32
66 72 68
71 72 66
72 73 68
36 74 71
38 74 36
71 75 72
73 72 75
71 74 75
73 75 76
76 77 73
75 74 78
76 75 78
38 79 74
74 79 78
80 79 38
37 80 38
78 79 81
79 80 81
81 80 82
83 80 37
83 82 80
34 83 37
78 81 84
84 81 82
76 78 85
85 78 84
86 77 76
86 76 85
87 83 34
82 83 87
88 77 86
88 89 77
88 90 89
87 34 91
34 35 91
35 92 91
92 87 91
35 93 92
94 92 93
95 94 93
94 95 96
92 97 87
92 94 97
94 96 98
96 99 98
100 98 99
97 101 87
82 87 101
94 102 97
94 98 102
97 102 101
100 103 98
103 102 98
103 101 102
82 101 103
104 103 100
105 82 103
104 105 103
82 105 84
106 105 104
107 84 105
106 107 105
85 84 107
108 107 106
109 85 107
109 107 108
110 108 106
110 106 111
112 108 110
112 109 108
112 110 113
113 114 112
115 112 114
115 109 112
115 114 116
115 116 117
118 85 109
115 118 109
118 86 85
115 117 119
119 118 115
119 117 120
121 86 118
119 121 118
121 88 86
119 120 122
122 121 119
122 120 123
88 121 124
122 124 121
90 88 124
122 123 125
125 124 122
125 123 126
127 90 124
125 127 124
127 128 90
129 128 127
125 126 130
127 125 130
130 126 131
132 129 127
127 130 132
132 130 131
129 132 133
132 131 134
132 134 133
133 134 135
136 137 138
136 138 139
140 139 138
141 136 139
141 142 136
143 139 140
143 141 139
144 142 141
144 145 142
140 138 146
138 147 146
146 147 148
146 148 149
149 140 146
148 150 149
150 140 149
140 150 151
152 151 150
153 151 152
154 140 151
153 154 151
155 154 153
154 143 140
155 156 154
156 143 154
157 156 155
156 158 143
158 141 143
158 144 141
157 159 156
159 158 156
159 157 160
161 144 158
159 161 158
159 160 162
162 161 159
162 160 163
161 164 144
164 145 144
164 165 145
162 166 161
166 164 161
167 165 164
166 167 164
167 168 165
162 163 169
169 166 162
168 167 170
168 170 171
167 166 172
169 172 166
167 172 170
173 169 163
173 163 174
175 171 170
171 175 176
177 176 175
178 170 172
175 170 178
179 172 169
179 169 173
178 172 179
174 180 173
179 173 180
174 181 180
175 182 177
175 178 182
178 179 183
178 183 182
179 180 183
177 182 184
183 184 182
177 184 185
185 184 186
183 187 184
180 187 183
186 184 187
181 188 180
180 188 187
186 187 188
181 189 188
186 188 189
190 191 192
193 192 191
193 194 192
195 194 193
195 196 194
197 196 195
197 198 196
199 198 197
199 200 198
201 200 199
201 202 200
203 202 201
203 204 202
205 204 203
205 206 204
206 205 207
206 207 208
207 209 208
209 207 210
211 208 209
209 210 212
211 209 213
213 214 211
213 215 214
209 212 216
209 216 213
216 212 217
216 217 218
213 216 218
218 217 219
215 213 220
213 218 220
220 221 215
218 219 222
220 218 222
223 221 220
223 224 221
225 223 220
220 222 225
225 226 223
219 227 222
227 219 228
227 229 222
225 222 229
230 229 227
229 230 231
232 226 225
225 229 232
233 226 232
229 231 234
232 229 234
233 232 234
235 234 231
236 233 234
235 236 234
236 237 233
236 235 238
237 236 238
239 240 241
240 242 241
241 242 243
240 244 242
240 245 244
242 244 246
242 247 243
242 246 247
243 247 248
247 246 248
249 250 251
249 252 250
253 252 249
250 252 254
253 255 252
254 252 255
256 255 253
254 255 257
254 257 258
258 257 259
257 260 259
261 257 255
261 260 257
256 261 255
261 262 260
262 261 256
263 262 256
264 265 266
264 266 267
267 268 264
267 266 269
267 270 268
271 268 270
270 272 271
270 273 272
270 267 273
267 269 273
269 274 273
275 276 277
275 278 276
279 278 275
280 276 278
280 281 276
282 281 280
279 283 278
278 284 280
278 283 284
285 283 279
286 285 279
287 285 286
287 288 285
288 287 289
288 289 290
290 289 291
290 291 292
292 291 293
294 288 290
294 290 292
292 293 295
295 293 296
295 296 297
298 297 296
299 292 295
299 295 297
298 300 297
298 301 300
302 297 300
299 297 302
303 300 301
302 300 303
294 292 304
299 304 292
303 301 305
306 305 301
306 307 305
308 305 307
308 303 305
309 303 308
309 302 303
310 302 309
310 299 302
311 299 310
311 304 299
312 304 311
312 294 304
313 294 312
313 314 294
315 314 313
294 314 288
315 316 314
288 314 316
316 315 317
288 316 285
316 317 318
285 316 318
318 317 319
285 318 283
318 319 320
283 318 321
318 320 321
321 320 322
322 323 321
283 321 284
323 324 321
284 321 324
324 323 325
284 324 326
280 284 326
324 325 327
326 324 327
327 325 328
280 326 329
282 280 329
326 327 330
329 326 330
327 328 331
330 327 331
331 328 332
282 329 333
329 330 333
333 330 331
282 333 334
335 334 333
333 331 335
334 335 336
331 332 337
335 331 337
337 336 335
332 338 337
337 339 336
338 340 337
340 339 337
341 342 343
341 344 342
344 345 342
344 341 346
347 346 341
348 346 347
344 349 345
344 346 349
349 350 345
349 351 350
348 352 346
352 349 346
353 352 348
354 351 349
352 354 349
354 355 351
353 356 352
356 354 352
357 356 353
358 355 354
356 358 354
358 359 355
357 360 356
358 356 360
361 360 357
362 359 358
358 360 362
362 363 359
362 364 363
361 365 360
362 360 365
362 366 364
362 365 366
366 367 364
366 368 367
365 368 366
368 369 367
361 370 365
365 370 368
370 369 368
361 371 370
369 370 371
372 373 374
372 374 375
375 374 376
375 376 377
375 377 378
372 375 379
375 378 379
372 379 380
381 379 378
382 380 379
381 383 379
382 379 383
384 383 381
385 382 383
384 385 383
385 386 382
385 387 386
388 385 384
385 388 387
388 384 389
387 388 390
390 388 389
390 389 391
387 390 392
390 391 393
394 392 390
390 393 394
394 395 392
394 396 395
397 394 393
394 397 396
397 393 398
399 397 398
400 396 397
399 400 397
400 401 396
402 401 400
403 400 399
402 400 403
403 399 404
405 403 404
406 402 403
405 407 403
406 403 407
408 407 405
409 406 407
408 409 407
409 410 406
411 409 408
412 410 409
411 413 409
413 412 409
414 415 416
414 417 415
418 415 417
419 417 414
419 420 417
421 420 419
421 422 420
423 422 421
423 424 422
425 424 423
425 423 426
427 425 426
427 426 428
427 428 429
427 429 430
431 430 429
431 429 432
433 431 432
433 434 431
435 434 433
435 433 436
437 435 436
437 438 435
439 438 437
439 440 438
441 440 439
441 442 440
443 440 442
444 445 446
444 446 447
447 446 448
447 448 449
447 449 450
447 450 451
444 447 452
447 451 452
444 452 453
454 453 452
455 452 451
454 452 455
455 451 456
457 454 455
457 455 456
457 456 458
457 459 454
460 457 458
461 459 457
460 461 457
461 462 459
461 463 462
460 464 461
461 464 463
460 465 464
464 465 466
467 463 464
464 466 467
467 468 463
467 469 468
466 470 467
467 470 469
471 469 470
466 472 470
471 470 472
471 473 469
471 472 474
471 474 475
476 473 471
471 475 477
476 471 477
478 477 475
479 476 477
478 479 477
479 480 476
481 480 479
481 479 482
482 479 478
482 478 483
484 485 486
484 486 487
484 487 488
484 488 489
490 489 488
490 488 491
492 490 491
492 493 490
494 493 492
494 495 493
494 496 495
494 497 496
498 496 497
498 499 496
498 500 499
498 501 500
502 500 501
502 501 503
504 502 503
504 503 505
506 504 505
506 505 507
508 506 507
508 507 509
510 511 512
510 512 513
513 512 514
515 510 513
513 514 516
515 513 517
517 513 516
518 515 517
517 516 519
518 517 520
520 517 519
520 521 518
520 519 522
522 521 520
523 524 525
523 525 526
526 525 527
528 523 526
526 527 529
528 526 530
530 526 529
531 528 530
530 529 532
531 530 533
533 530 532
533 534 531
533 532 535
535 534 533
536 537 538
539 537 536
540 541 542
542 541 543
544 545 546
544 546 547
547 546 548
549 544 547
547 548 550
549 547 551
551 547 550
551 552 549
551 550 553
553 552 551
554 555 556
554 556 557
557 556 558
559 554 557
557 558 560
559 557 561
561 557 560
561 562 559
561 560 563
563 562 561
564 565 566
567 565 564
568 569 570
570 569 571
572 573 574
572 574 575
575 574 576
575 576 577
577 576 578
577 578 579
580 581 582
580 583 581
584 583 580
584 585 583
586 585 584
586 587 585
588 587 586
588 589 587
590 589 588
590 591 589
590 592 591
590 593 592
594 592 593
594 595 592
595 594 596
595 596 597
598 599 600
598 600 601
600 602 601
600 603 602
602 603 604
602 604 605
605 604 606
605 606 607
607 606 608
607 608 609
609 608 610
609 610 611
611 610 612
611 612 613
613 612 614
613 614 615
615 614 616
615 616 617
617 616 618
617 618 619
619 618 620
619 620 621
621 620 622
621 622 623
624 625 626
626 625 627
626 627 628
627 625 629
630 627 629
627 631 628
630 629 632
633 631 627
633 627 630
631 633 634
634 633 635
630 632 636
636 632 637
637 638 636
636 638 630
630 639 633
639 635 633
630 640 639
638 640 630
635 639 641
640 641 639
641 642 635
642 643 635
640 644 641
638 644 640
644 642 641
637 645 638
645 637 646
642 647 643
648 643 647
638 649 644
645 649 638
650 645 646
650 646 651
644 652 642
652 647 642
645 653 649
650 653 645
649 654 644
654 652 644
653 654 649
655 650 651
655 651 656
647 652 657
654 657 652
650 658 653
655 658 650
659 655 656
659 656 660
661 659 660
653 662 654
658 662 653
655 663 658
659 663 655
661 664 659
664 661 665
657 666 647
648 647 666
662 667 654
657 654 667
658 668 662
663 668 658
659 669 663
664 669 659
662 670 667
668 670 662
663 671 668
669 671 663
668 672 670
671 672 668
673 648 666
657 674 666
673 666 674
675 648 673
676 648 675
675 677 676
678 677 675
678 675 673
678 673 674
674 679 678
657 680 674
674 680 679
657 667 680
667 679 680
667 681 679
670 681 667
670 682 681
672 682 670
672 683 682
684 683 672
671 684 672
684 685 683
686 684 671
669 686 671
687 685 684
686 687 684
687 688 685
686 669 689
664 689 669
690 687 686
686 689 690
691 688 687
690 691 687
691 692 688
689 664 693
664 665 693
694 690 689
689 693 694
695 693 665
694 693 695
695 665 696
695 696 697
698 691 690
694 698 690
692 691 699
698 699 691
692 699 700
694 695 701
701 698 694
695 697 702
701 695 702
702 697 703
699 698 704
701 704 698
700 699 705
699 704 705
700 705 706
701 702 707
704 701 707
702 703 708
707 702 708
708 703 709
705 704 710
704 707 710
706 705 711
705 710 711
706 711 712
712 711 713
707 708 714
714 708 709
710 707 714
711 710 715
715 713 711
710 714 715
714 709 716
715 714 716
716 709 717
713 715 718
715 716 718
713 718 719
716 717 720
718 716 720
720 717 721
719 718 722
718 720 722
719 722 723
722 724 723
725 720 721
720 725 722
722 725 724
725 721 726
724 725 726
727 728 729
729 728 730
731 729 730
732 730 728
733 731 730
730 732 734
735 734 732
735 736 734
733 730 737
737 730 734
736 738 734
738 736 739
733 737 740
741 733 740
740 742 741
737 742 740
743 737 734
737 743 742
743 734 738
743 744 742
743 745 744
745 743 738
744 745 746
747 738 739
745 738 747
747 739 748
749 747 748
745 750 746
750 745 747
750 751 746
752 751 750
752 753 751
752 754 753
747 749 755
750 747 755
752 750 755
756 755 749
757 755 756
752 755 757
757 756 758
757 758 759
757 759 760
752 757 760
760 759 761
752 762 754
752 760 762
760 761 763
762 760 763
764 763 761
754 762 765
762 763 765
765 763 764
754 765 766
764 766 765
767 768 769
767 769 770
767 770 771
772 767 771
773 771 770
773 770 774
775 773 774
775 774 776
777 775 776
777 778 775
773 775 779
771 773 779
771 779 780
772 771 781
781 771 780
782 772 781
781 780 783
782 781 784
784 781 783
782 784 785
784 783 786
786 785 784
787 788 789
787 789 790
791 787 790
791 790 792
793 791 792
790 789 794
792 790 795
790 794 795
793 792 796
792 795 796
797 794 789
797 789 798
797 798 799
796 795 800
795 794 801
795 801 800
793 796 802
796 800 802
803 794 797
803 801 794
797 799 804
805 803 797
805 797 804
806 804 799
806 799 807
808 806 807
809 804 806
809 805 804
808 810 806
810 809 806
810 808 811
812 811 808
812 813 811
814 811 813
814 810 811
815 814 813
815 813 816
817 815 816
817 818 815
819 818 817
820 815 818
818 819 820
821 814 815
820 821 815
822 810 814
821 822 814
819 823 820
823 819 824
823 825 820
821 820 825
826 825 823
822 827 810
810 827 809
828 822 821
821 825 828
825 826 829
826 830 829
829 830 831
832 825 829
832 828 825
832 833 828
834 828 833
828 835 822
828 834 835
835 827 822
836 835 834
835 837 827
835 836 837
809 827 837
837 836 838
809 837 839
837 838 839
805 809 839
840 839 838
805 839 841
841 839 840
841 803 805
841 840 842
841 843 803
841 842 843
843 801 803
842 844 843
843 844 801
800 801 844
842 845 844
800 844 846
845 846 844
802 800 846
802 846 847
793 802 847
846 848 847
848 793 847
845 849 846
846 849 848
848 850 793
849 850 848
851 793 850
852 851 850
853 849 845
849 853 850
852 850 853
853 845 854
855 852 853
855 853 854
856 857 858
856 859 857
856 860 859
861 857 859
861 862 857
860 863 859
860 864 863
865 862 861
862 865 866
866 865 867
868 866 867
869 868 867
869 870 868
871 865 861
872 861 859
871 861 872
872 859 863
873 871 872
873 872 874
874 872 863
873 874 875
864 876 863
874 863 876
876 875 874
864 877 876
877 875 876
878 879 880
880 881 878
881 882 878
881 880 883
883 880 884
885 883 884
885 881 883
886 885 884
881 887 882
885 888 881
888 887 881
889 882 887
882 889 890
888 891 887
892 888 885
892 891 888
889 887 893
893 887 891
894 890 889
890 894 895
890 895 896
895 894 897
898 897 894
894 889 899
899 889 893
898 894 900
899 900 894
899 893 901
901 900 899
902 898 900
902 903 898
900 904 902
900 901 904
905 903 902
905 902 904
905 906 903
901 893 907
893 891 907
906 905 908
906 908 909
910 909 908
901 907 911
904 901 911
907 891 912
911 907 912
905 904 913
913 908 905
910 908 914
914 908 913
914 915 910
904 911 916
913 904 916
914 917 915
917 918 915
914 913 919
917 914 919
917 920 918
921 918 920
920 917 922
919 922 917
923 921 920
923 920 922
921 923 924
923 925 924
919 913 926
913 916 926
916 911 927
911 912 927
923 928 925
928 929 925
928 923 930
923 922 930
922 919 931
919 926 931
926 916 932
916 927 932
929 928 933
928 930 933
930 922 934
922 931 934
931 926 935
926 932 935
933 930 936
930 934 936
929 933 937
933 936 937
931 938 934
931 935 938
929 937 939
929 939 940
939 941 940
937 942 939
937 936 942
939 942 941
936 934 943
938 943 934
936 943 942
941 942 944
944 942 943
945 941 944
943 946 944
943 938 947
947 946 943
935 947 938
947 948 946
947 935 948
935 949 948
935 932 949
932 950 949
932 927 950
927 951 950
927 912 951
912 952 951
953 952 912
891 953 912
892 953 891
953 954 952
952 954 955
952 955 956
957 956 955
957 955 958
959 957 958
954 960 955
958 955 960
954 953 961
954 961 960
959 958 962
963 959 962
953 964 961
953 892 964
960 961 965
964 965 961
958 960 966
962 958 966
963 962 967
967 968 963
960 965 969
966 960 969
962 966 970
967 962 970
967 971 968
972 968 971
971 967 973
967 970 973
971 974 972
971 973 974
972 974 975
974 973 975
973 976 975
973 977 976
970 977 973
977 978 976
970 966 979
970 979 977
977 979 978
966 969 979
979 980 978
979 981 980
969 981 979
981 969 982
965 982 969
983 981 982
983 984 981
965 985 982
965 986 985
986 965 964
985 987 982
988 982 987
986 989 985
987 985 989
988 987 990
991 988 990
991 990 992
993 991 992
993 992 994
992 995 994
992 990 995
990 987 995
987 996 995
987 989 996
997 995 996
998 997 996
999 998 996
999 996 989
989 1000 999
1000 989 1001
1002 1000 1001
986 1001 989
1003 1002 1001
1001 986 1004
1004 986 964
1003 1001 1005
1001 1004 1005
1005 1006 1003
1006 1005 1007
1007 1005 1004
1004 964 1008
892 1008 964
1004 1008 1009
1007 1004 1009
892 1010 1008
1009 1008 1010
892 885 1010
1006 1007 1011
1006 1011 1012
1013 1012 1011
1014 1010 885
1009 1010 1014
1007 1009 1015
1007 1015 1011
1013 1011 1016
1016 1011 1015
1017 1013 1016
1009 1018 1015
1009 1014 1018
1014 885 1019
886 1019 885
1016 1015 1020
1020 1015 1018
1017 1016 1021
1021 1016 1020
1022 1018 1014
1022 1014 1019
1023 1017 1021
1024 1017 1023
1024 1023 1025
1020 1018 1026
1026 1018 1022
1020 1027 1021
1027 1023 1021
1020 1026 1027
1028 1025 1023
1028 1029 1025
1030 1023 1027
1026 1030 1027
1030 1028 1023
1026 1022 1031
1031 1030 1026
1019 1032 1022
1031 1022 1032
1033 1029 1028
1033 1034 1029
1028 1035 1033
1028 1030 1035
1036 1033 1035
1037 1036 1035
1030 1031 1038
1030 1038 1035
1031 1032 1038
1039 1037 1035
1038 1039 1035
1040 1037 1039
1038 1041 1039
1038 1032 1041
1040 1039 1041
1019 1042 1032
1041 1032 1042
1019 886 1042
1040 1041 1043
1041 1042 1043
1042 886 1043
1043 886 1044
1040 1043 1045
1045 1043 1044
1044 886 1046
1044 1046 1047
1048 1045 1044
1045 1048 1049
1048 1050 1049
1048 1051 1050
1051 1048 1044
1051 1052 1050
1047 1053 1044
1051 1044 1053
1047 1054 1053
1051 1055 1052
1055 1051 1053
1055 1056 1052
1054 1057 1053
1055 1053 1057
1054 1058 1057
1055 1059 1056
1059 1055 1057
1059 1060 1056
1058 1061 1057
1059 1057 1061
1061 1060 1059
1058 1062 1061
1062 1060 1061
1063 1064 1065
1065 1066 1063
1065 1067 1066
1068 1067 1065
1067 1069 1066
1068 1070 1067
1067 1071 1069
1070 1071 1067
1071 1072 1069
1070 1073 1071
1071 1074 1072
1073 1074 1071
1075 1072 1074
1073 1076 1074
1076 1075 1074
1077 1078 1079
1080 1079 1078
1080 1078 1081
1080 1081 1082
1083 1080 1082
1082 1081 1084
1083 1082 1085
1086 1083 1085
1082 1084 1087
1085 1082 1087
1086 1085 1088
1085 1087 1088
1086 1088 1089
1088 1090 1089
1088 1087 1090
1087 1091 1090
1087 1084 1091
1091 1084 1092
1091 1092 1093
1094 1095 1096
1097 1096 1095
1095 1098 1097
1098 1095 1099
1099 1100 1098
1099 1101 1100
1102 1100 1101
1102 1101 1103
1104 1102 1103
1104 1103 1105
1106 1104 1105
1106 1105 1107
1106 1107 1108
1109 1106 1108
1104 1106 1109
1109 1108 1110
1104 1109 1111
1110 1111 1109
1102 1104 1111
1110 1112 1111
1112 1113 1111
1102 1111 1113
1112 1114 1113
1102 1115 1100
1115 1102 1113
1114 1116 1113
1115 1113 1116
1114 1117 1116
1118 1100 1115
1118 1115 1116
1098 1100 1118
1119 1116 1117
1118 1116 1119
1119 1117 1120
1121 1098 1118
1119 1121 1118
1097 1098 1121
1120 1122 1119
1121 1119 1122
1122 1120 1123
1124 1097 1121
1122 1124 1121
1125 1122 1123
1122 1125 1124
1125 1123 1126
1127 1125 1126
1125 1127 1124
1127 1126 1128
1097 1124 1129
1097 1129 1096
1127 1130 1124
1124 1130 1129
1128 1131 1127
1128 1132 1131
1127 1133 1130
1127 1131 1133
1132 1134 1131
1132 1135 1134
1131 1136 1133
1131 1134 1136
1135 1137 1134
1135 1138 1137
1138 1139 1137
1138 1140 1139
1140 1141 1139
1134 1137 1142
1134 1142 1136
1142 1137 1139
1143 1129 1130
1130 1133 1144
1130 1144 1143
1133 1136 1145
1133 1145 1144
1136 1142 1146
1136 1146 1145
1142 1139 1147
1147 1146 1142
1143 1148 1129
1148 1096 1129
1148 1149 1096
1150 1096 1149
1150 1149 1151
1152 1150 1151
1152 1151 1153
1154 1152 1153
1154 1153 1155
1156 1154 1155
1157 1156 1155
1158 1157 1155
1158 1155 1153
1159 1158 1153
1159 1153 1151
1158 1159 1160
1151 1161 1159
1151 1149 1161
1159 1161 1160
1149 1148 1162
1149 1162 1161
1163 1160 1161
1162 1163 1161
1148 1164 1162
1148 1143 1164
1165 1160 1163
1166 1160 1165
1166 1165 1167
1165 1168 1167
1165 1169 1168
1169 1170 1168
1165 1171 1169
1165 1163 1171
1172 1170 1169
1172 1169 1171
1173 1170 1172
1172 1174 1173
1175 1164 1143
1175 1143 1144
1172 1171 1176
1174 1172 1176
1177 1175 1144
1177 1144 1145
1178 1177 1145
1178 1145 1146
1179 1178 1146
1179 1146 1147
1164 1175 1180
1175 1177 1181
1175 1181 1180
1177 1178 1182
1177 1182 1181
1164 1180 1183
1162 1164 1183
1184 1178 1179
1178 1184 1182
1185 1180 1181
1183 1180 1185
1185 1181 1186
1181 1187 1186
1181 1182 1187
1182 1188 1187
1188 1182 1184
1183 1185 1189
1184 1190 1188
1191 1183 1189
1162 1183 1192
1191 1192 1183
1163 1162 1192
1184 1193 1190
1194 1190 1193
1179 1193 1184
1193 1195 1194
1196 1192 1191
1163 1192 1196
1196 1191 1197
1171 1163 1196
1179 1198 1193
1193 1198 1195
1198 1179 1147
1195 1198 1199
1198 1147 1199
1195 1199 1200
1139 1199 1147
1201 1200 1199
1139 1201 1199
1201 1202 1200
1139 1141 1201
1202 1201 1141
1202 1141 1203
1204 1196 1197
1204 1197 1205
1196 1204 1206
1171 1196 1206
1176 1171 1206
1176 1206 1207
1207 1206 1204
1174 1176 1207
1208 1204 1205
1208 1207 1204
1208 1205 1209
1208 1209 1210
1174 1207 1211
1207 1208 1211
1211 1208 1210
1174 1211 1212
1211 1210 1212
1213 1214 1215
1213 1216 1214
1214 1216 1217
1217 1216 1218
1216 1219 1218
1219 1220 1218
1219 1221 1220
1213 1222 1216
1223 1221 1219
1221 1223 1224
1223 1219 1225
1226 1225 1219
1227 1225 1226
1226 1228 1227
1226 1229 1228
1226 1219 1230
1216 1230 1219
1231 1229 1226
1231 1226 1230
1229 1231 1232
1229 1232 1233
1233 1232 1234
1231 1230 1235
1232 1231 1235
1216 1236 1230
1236 1235 1230
1232 1237 1234
1238 1234 1237
1216 1239 1236
1222 1239 1216
1232 1235 1240
1237 1232 1240
1236 1241 1235
1239 1241 1236
1241 1240 1235
1239 1222 1242
1222 1243 1242
1244 1239 1242
1239 1244 1241
1244 1242 1245
1241 1246 1240
1244 1246 1241
1247 1244 1245
1244 1247 1246
1247 1245 1248
1237 1240 1249
1249 1240 1246
1250 1246 1247
1249 1246 1250
1251 1247 1248
1250 1247 1251
1251 1248 1252
1237 1249 1253
1253 1249 1250
1237 1253 1238
1238 1253 1254
1255 1238 1254
1256 1255 1254
1257 1250 1251
1253 1250 1257
1258 1251 1252
1257 1251 1258
1258 1252 1259
1257 1260 1253
1254 1253 1260
1261 1257 1258
1257 1261 1260
1262 1258 1259
1261 1258 1262
1262 1259 1263
1264 1262 1263
1264 1263 1265
1266 1264 1265
1267 1261 1262
1267 1262 1264
1268 1260 1261
1267 1268 1261
1269 1254 1260
1268 1269 1260
1266 1270 1264
1271 1267 1264
1271 1264 1270
1267 1272 1268
1267 1271 1272
1273 1268 1272
1268 1273 1269
1274 1272 1271
1273 1275 1269
1254 1269 1275
1273 1276 1275
1274 1271 1277
1277 1271 1270
1278 1274 1277
1279 1270 1266
1277 1270 1279
1279 1266 1280
1278 1277 1281
1281 1277 1279
1282 1278 1281
1283 1279 1280
1281 1279 1283
1282 1281 1283
1283 1280 1284
1282 1283 1284
1285 1275 1276
1285 1276 1286
1287 1285 1286
1285 1287 1288
1288 1275 1285
1287 1289 1288
1256 1288 1289
1288 1290 1275
1256 1290 1288
1254 1275 1290
1256 1254 1290
1291 1292 1293
1291 1294 1292
1292 1294 1295
1294 1291 1296
1296 1297 1294
1291 1298 1296
1291 1299 1298
1299 1300 1298
1300 1301 1298
1301 1296 1298
1300 1302 1301
1303 1297 1296
1301 1303 1296
1302 1303 1301
1303 1304 1297
1302 1305 1303
1304 1303 1306
1305 1306 1303
1307 1308 1309
1308 1310 1309
1310 1308 1311
1310 1311 1312
1313 1312 1311
1310 1312 1314
1310 1314 1315
1316 1315 1314
1312 1313 1317
1317 1313 1318
1319 1317 1318
1320 1314 1312
1320 1312 1317
1321 1314 1320
1321 1320 1322
1322 1320 1323
1323 1320 1317
1324 1322 1323
1317 1319 1325
1323 1317 1325
1324 1323 1326
1326 1323 1325
1327 1324 1326
1327 1326 1328
1329 1327 1328
1330 1329 1328
1319 1331 1325
1319 1332 1331
1331 1332 1333
1325 1331 1333
1332 1334 1333
1335 1333 1334
1333 1335 1336
1326 1325 1337
1328 1326 1337
1325 1333 1337
1330 1328 1338
1339 1330 1338
1328 1337 1340
1340 1337 1333
1338 1328 1340
1333 1336 1341
1340 1333 1341
1338 1340 1342
1342 1340 1341
1343 1341 1336
1342 1341 1343
1343 1336 1344
1339 1338 1345
1345 1338 1342
1346 1342 1343
1345 1342 1346
1347 1343 1344
1346 1343 1347
1347 1344 1348
1347 1348 1349
1339 1345 1350
1346 1350 1345
1339 1350 1351
1352 1351 1350
1347 1353 1346
1346 1353 1350
1347 1349 1354
1347 1354 1353
1349 1355 1354
1352 1350 1356
1353 1356 1350
1357 1352 1356
1355 1358 1354
1353 1354 1358
1357 1356 1359
1360 1357 1359
1360 1359 1361
1362 1361 1359
1353 1363 1356
1359 1356 1363
1353 1358 1363
1359 1363 1364
1362 1359 1364
1364 1363 1358
1365 1358 1355
1364 1358 1365
1365 1355 1366
1366 1367 1365
1362 1364 1368
1368 1364 1365
1368 1365 1367
1369 1362 1368
1370 1368 1367
1369 1368 1370
1370 1367 1371
1372 1369 1370
1373 1370 1371
1372 1370 1373
1373 1371 1374
1373 1375 1372
1373 1374 1375
1376 1377 1378
1379 1377 1376
1379 1376 1380
1381 1379 1380
1379 1381 1382
1382 1381 1383
1384 1382 1383
1382 1384 1385
1384 1383 1386
1385 1384 1387
1388 1384 1386
1389 1388 1386
1389 1390 1388
1387 1384 1391
1391 1384 1388
1387 1391 1392
1393 1388 1390
1391 1388 1393
1393 1390 1394
1395 1392 1391
1395 1391 1393
1396 1393 1394
1395 1393 1396
1396 1394 1397
1398 1396 1397
1392 1395 1399
1392 1399 1400
1401 1399 1395
1402 1400 1399
1402 1403 1400
1402 1404 1403
1401 1395 1405
1405 1395 1396
1405 1396 1406
1396 1398 1406
1407 1405 1406
1406 1398 1408
1408 1398 1409
1407 1406 1410
1410 1406 1408
1410 1411 1407
1412 1408 1409
1410 1408 1412
1412 1409 1413
1412 1413 1414
1414 1415 1412
1410 1416 1411
1416 1417 1411
1418 1410 1412
1415 1418 1412
1418 1416 1410
1415 1419 1418
1415 1420 1419
1421 1419 1420
1422 1416 1418
1416 1422 1417
1422 1418 1419
1422 1423 1417
1419 1423 1422
1417 1423 1424
1423 1425 1424
1424 1425 1426
1421 1427 1419
1427 1421 1428
1419 1429 1423
1429 1425 1423
1429 1419 1427
1430 1426 1425
1430 1431 1426
1431 1430 1432
1431 1432 1433
1432 1434 1433
1435 1434 1432
1434 1435 1436
1435 1437 1436
1437 1435 1438
1439 1437 1438
1440 1439 1438
1441 1440 1438
1440 1441 1442
1441 1443 1442
1444 1443 1441
1443 1444 1445
1445 1444 1446
1447 1446 1444
1432 1448 1449
1432 1430 1448
1448 1450 1449
1430 1451 1448
1448 1452 1450
1451 1452 1448
1451 1430 1453
1451 1453 1454
1430 1425 1453
1453 1425 1455
1454 1453 1455
1456 1450 1452
1456 1457 1450
1456 1458 1457
1459 1456 1452
1451 1460 1452
1460 1451 1454
1459 1452 1461
1460 1461 1452
1462 1459 1461
1425 1463 1455
1429 1463 1425
1463 1429 1464
1464 1429 1427
1464 1427 1465
1427 1428 1465
1466 1463 1464
1465 1466 1464
1467 1466 1465
1468 1465 1428
1467 1465 1468
1468 1428 1469
1470 1468 1469
1470 1467 1468
1466 1471 1463
1455 1463 1471
1470 1472 1467
1472 1470 1473
1474 1472 1473
1475 1471 1466
1475 1466 1467
1455 1471 1476
1475 1477 1471
1477 1476 1471
1478 1455 1476
1454 1455 1478
1477 1479 1476
1478 1476 1479
1475 1480 1477
1479 1477 1480
1475 1481 1480
1481 1475 1482
1482 1475 1467
1483 1481 1482
1467 1484 1482
1482 1484 1483
1467 1472 1484
1484 1485 1483
1472 1486 1484
1484 1486 1485
1472 1474 1486
1486 1487 1485
1474 1488 1486
1486 1488 1487
1474 1489 1488
1488 1490 1487
1489 1491 1488
1488 1491 1490
1489 1492 1491
1493 1491 1492
1490 1491 1494
1490 1494 1495
1494 1491 1496
1493 1496 1491
1493 1497 1496
1497 1493 1498
1497 1498 1499
1499 1498 1500
1501 1502 1503
1501 1503 1504
1505 1501 1504
1503 1506 1504
1503 1507 1506
1507 1508 1506
1507 1509 1508
1509 1510 1508
1508 1510 1511
1512 1511 1510
1512 1513 1511
1512 1514 1513
1515 1513 1514
1508 1511 1516
1513 1516 1511
1515 1517 1513
1517 1515 1518
1517 1518 1519
1518 1520 1519
1521 1513 1517
1519 1521 1517
1520 1522 1519
1522 1521 1519
1522 1520 1523
1524 1522 1523
1521 1525 1513
1516 1513 1525
1522 1526 1521
1524 1526 1522
1526 1525 1521
1527 1526 1524
1526 1527 1525
1527 1516 1525
1527 1524 1528
1528 1529 1527
1527 1530 1516
1530 1527 1529
1531 1516 1530
1508 1516 1531
1532 1530 1529
1531 1530 1532
1532 1529 1533
1534 1508 1531
1532 1534 1531
1534 1506 1508
1533 1535 1532
1532 1535 1534
1533 1536 1535
1506 1534 1537
1537 1534 1535
1504 1506 1537
1536 1538 1535
1537 1535 1538
1536 1539 1538
1504 1537 1540
1538 1540 1537
1505 1504 1540
1541 1538 1539
1538 1541 1540
1541 1505 1540
1541 1542 1505
1539 1543 1541
1541 1544 1542
1543 1544 1541
1543 1545 1544
1546 1547 1548
1549 1547 1546
1549 1546 1550
1551 1549 1550
1551 1550 1552
1551 1552 1553
1551 1553 1554
1554 1553 1555
1556 1555 1553
1555 1556 1557
1557 1556 1558
1557 1558 1559
1560 1559 1558
1560 1561 1559
1561 1560 1562
1561 1562 1563
1564 1563 1562
1564 1562 1565
1565 1562 1566
1567 1565 1566
1567 1568 1565
1564 1565 1569
1570 1564 1569
1571 1570 1569
1565 1572 1569
1572 1565 1568
1571 1569 1573
1573 1569 1572
1574 1568 1567
1575 1574 1567
1576 1571 1573
1577 1571 1576
1577 1576 1578
1579 1577 1578
1579 1578 1580
1581 1580 1578
1581 1582 1580
1583 1578 1576
1576 1573 1583
1583 1584 1578
1584 1581 1578
1585 1583 1573
1585 1584 1583
1574 1575 1586
1586 1575 1587
1588 1586 1587
1589 1574 1586
1589 1590 1574
1574 1590 1568
1568 1590 1591
1591 1592 1568
1592 1591 1593
1592 1593 1594
1595 1585 1573
1573 1572 1595
1572 1568 1596
1596 1595 1572
1592 1596 1568
1596 1597 1595
1597 1585 1595
1597 1596 1592
1592 1594 1598
1598 1594 1599
1597 1592 1600
1600 1592 1598
1599 1601 1598
1602 1601 1599
1602 1603 1601
1603 1602 1604
1605 1603 1604
1605 1604 1606
1606 1607 1605
1606 1608 1607
1609 1607 1608
1601 1610 1598
1600 1598 1611
1610 1611 1598
1597 1600 1612
1611 1612 1600
1610 1613 1611
1611 1613 1612
1613 1614 1612
1610 1615 1613
1615 1616 1613
1614 1613 1616
1615 1617 1616
1616 1617 1618
1597 1612 1619
1597 1619 1585
1616 1618 1620
1614 1616 1620
1612 1614 1621
1619 1612 1621
1619 1622 1585
1585 1622 1584
1623 1619 1621
1619 1623 1622
1624 1584 1622
1622 1623 1624
1584 1624 1581
1621 1625 1623
1624 1623 1625
1614 1625 1621
1626 1624 1625
1625 1614 1626
1581 1624 1626
1614 1627 1626
1581 1626 1627
1627 1614 1620
1628 1620 1618
1628 1618 1629
1628 1629 1630
1631 1581 1627
1581 1631 1582
1632 1582 1631
1633 1627 1620
1631 1627 1633
1633 1620 1628
1632 1631 1634
1634 1631 1633
1634 1635 1632
1636 1628 1630
1636 1630 1637
1638 1633 1628
1634 1633 1638
1638 1628 1636
1634 1639 1635
1638 1639 1634
1640 1636 1637
1640 1637 1641
1636 1642 1638
1638 1642 1639
1636 1640 1642
1635 1639 1643
1642 1643 1639
1644 1635 1643
1645 1640 1641
1645 1641 1646
1640 1647 1642
1642 1647 1643
1640 1645 1647
1644 1643 1648
1647 1648 1643
1644 1648 1649
1650 1649 1648
1651 1645 1646
1651 1646 1652
1645 1653 1647
1647 1653 1648
1645 1651 1653
1650 1648 1654
1653 1654 1648
1655 1650 1654
1653 1656 1654
1651 1656 1653
1655 1654 1656
1657 1651 1652
1651 1657 1656
1655 1656 1657
1657 1652 1658
1657 1658 1655
1659 1660 1661
1662 1660 1659
1662 1659 1663
1664 1660 1662
1665 1662 1663
1664 1662 1666
1662 1665 1666
1667 1664 1666
1668 1666 1665
1667 1666 1668
1669 1670 1671
1671 1672 1669
1671 1673 1672
1669 1672 1674
1675 1672 1673
1675 1673 1676
1674 1672 1677
1675 1677 1672
1674 1677 1678
1679 1678 1677
1679 1677 1680
1680 1677 1675
1681 1679 1680
1682 1675 1676
1680 1675 1682
1682 1676 1683
1681 1680 1684
1684 1680 1682
1685 1681 1684
1686 1682 1683
1684 1682 1686
1686 1683 1687
1685 1684 1688
1688 1684 1686
1689 1685 1688
1690 1686 1687
1688 1686 1690
1690 1687 1691
1689 1688 1692
1690 1692 1688
1693 1689 1692
1694 1690 1691
1690 1694 1692
1694 1691 1695
1693 1692 1696
1694 1696 1692
1697 1694 1695
1694 1697 1696
1697 1695 1698
1699 1697 1698
1693 1696 1700
1697 1700 1696
1693 1700 1701
1700 1702 1701
1699 1703 1697
1697 1703 1700
1700 1704 1702
1703 1704 1700
1702 1704 1705
1706 1703 1699
1703 1706 1704
1704 1706 1705
1706 1699 1707
1707 1705 1706
1708 1709 1710
1711 1709 1708
1711 1708 1712
1713 1711 1712
1712 1708 1714
1713 1712 1715
1716 1713 1715
1716 1715 1717
1712 1717 1715
1716 1717 1718
1719 1712 1714
1712 1719 1717
1718 1717 1719
1719 1714 1720
1718 1719 1721
1719 1720 1722
1719 1722 1721
1721 1722 1723
1723 1722 1724
1723 1724 1725
1726 1725 1724
1727 1728 1729
1730 1729 1728
1730 1728 1731
1732 1730 1731
1730 1732 1733
1733 1732 1734
1733 1734 1735
1735 1734 1736
1734 1737 1736
1734 1732 1738
1739 1737 1734
1734 1738 1740
1739 1734 1740
1741 1740 1738
1741 1739 1740
1742 1743 1744
1742 1744 1745
1746 1742 1745
1747 1746 1745
1746 1747 1748
1747 1749 1748
1747 1750 1749
1750 1751 1749
1751 1752 1749
1752 1748 1749
1752 1753 1748
1753 1754 1748
1754 1753 1755
1754 1755 1756
1757 1756 1755
1757 1758 1756
1759 1758 1757
1760 1761 1762
1763 1760 1762
1760 1763 1764
1764 1763 1765
1765 1763 1766
1767 1768 1769
1769 1768 1770
1769 1770 1771
1771 1770 1772
1773 1771 1772
1773 1772 1774
1772 1775 1774
1775 1776 1774
1776 1775 1777
1777 1778 1776
1776 1779 1774
1776 1778 1779
1778 1780 1779
1780 1781 1779
1782 1783 1784
1783 1785 1784
1783 1786 1785
1785 1786 1787
1785 1787 1788
1788 1787 1789
1788 1789 1790
1791 1790 1789
1790 1791 1792
1791 1789 1793
1792 1791 1794
1794 1791 1793
1794 1793 1795
1792 1794 1796
1794 1795 1797
1796 1794 1798
1794 1797 1798
1796 1798 1799
1800 1798 1797
1801 1800 1797
1802 1800 1801
1799 1798 1803
1800 1803 1798
1799 1803 1804
1804 1803 1805
1800 1805 1803
1804 1805 1806
1802 1807 1800
1800 1807 1805
1808 1807 1802
1808 1809 1807
1809 1808 1810
1806 1805 1811
1807 1811 1805
1807 1809 1811
1806 1811 1812
1812 1811 1813
1809 1813 1811
1812 1813 1814
1814 1813 1815
1814 1815 1816
1809 1817 1813
1817 1815 1813
1818 1817 1809
1818 1809 1819
1809 1810 1819
1820 1819 1810
1820 1810 1821
1822 1820 1821
1822 1823 1820
1822 1824 1823
1820 1825 1819
1825 1818 1819
1826 1818 1825
1818 1826 1827
1818 1827 1828
1829 1818 1828
1817 1818 1830
1829 1830 1818
1817 1830 1831
1817 1831 1815
1829 1832 1830
1831 1830 1832
1829 1833 1832
1833 1834 1832
1833 1835 1834
1834 1835 1836
1831 1832 1837
1837 1832 1834
1831 1838 1815
1831 1837 1838
1834 1836 1839
1839 1836 1840
1837 1834 1841
1841 1834 1839
1842 1839 1840
1841 1839 1842
1843 1842 1840
1842 1843 1844
1841 1842 1844
1845 1837 1841
1845 1838 1837
1845 1841 1844
1838 1846 1815
1816 1815 1846
1816 1846 1847
1848 1838 1845
1838 1848 1846
1847 1846 1849
1848 1849 1846
1847 1849 1850
1850 1849 1851
1850 1851 1852
1844 1853 1845
1848 1845 1853
1849 1848 1854
1849 1854 1851
1852 1851 1855
1852 1855 1856
1853 1857 1848
1857 1854 1848
1858 1854 1857
1851 1854 1859
1851 1859 1855
1859 1854 1858
1853 1860 1857
1853 1844 1860
1860 1858 1857
1844 1861 1860
1862 1861 1844
1863 1861 1862
1856 1855 1864
1856 1864 1865
1866 1865 1864
1855 1867 1864
1864 1867 1866
1855 1859 1867
1866 1867 1868
1859 1868 1867
1866 1868 1869
1859 1870 1868
1870 1869 1868
1870 1871 1869
1859 1858 1870
1858 1871 1870
1858 1872 1871
1873 1872 1858
1860 1873 1858
1873 1874 1872
1860 1861 1873
1875 1874 1873
1861 1875 1873
1875 1876 1874
1877 1876 1875
1877 1878 1876
1861 1879 1875
1879 1877 1875
1878 1877 1880
1878 1880 1881
1882 1879 1861
1863 1882 1861
1883 1882 1863
1879 1884 1877
1884 1880 1877
1881 1880 1885
1881 1885 1886
1882 1887 1879
1887 1884 1879
1884 1888 1880
1888 1885 1880
1886 1885 1889
1886 1889 1890
1890 1889 1891
1892 1889 1885
1888 1892 1885
1889 1893 1891
1892 1893 1889
1893 1894 1891
1894 1893 1895
1895 1893 1892
1896 1895 1892
1897 1888 1884
1887 1897 1884
1898 1892 1888
1897 1898 1888
1898 1896 1892
1887 1899 1897
1899 1898 1897
1887 1900 1899
1882 1900 1887
1882 1901 1900
1883 1901 1882
1901 1883 1902
1902 1883 1903
1899 1904 1898
1896 1898 1904
1904 1899 1905
1904 1905 1906
1904 1907 1896
1906 1907 1904
1907 1908 1896
1906 1909 1907
1908 1907 1910
1910 1911 1908
1912 1907 1909
1907 1912 1910
1913 1911 1910
1912 1913 1910
1913 1914 1911
1914 1913 1915
1913 1916 1915
1917 1915 1916
1909 1918 1912
1918 1909 1919
1919 1920 1918
1913 1912 1921
1916 1913 1921
1922 1918 1920
1923 1922 1920
1924 1912 1918
1912 1924 1921
1923 1925 1922
1926 1925 1923
1926 1927 1925
1926 1928 1927
1922 1929 1918
1929 1924 1918
1922 1930 1929
1922 1931 1930
1924 1929 1932
1921 1924 1932
1932 1929 1930
1933 1930 1931
1934 1930 1933
1935 1930 1934
1935 1932 1930
1932 1935 1936
1932 1936 1937
1921 1932 1937
1937 1936 1938
1933 1931 1939
1940 1939 1931
1939 1941 1933
1941 1939 1940
1941 1942 1933
1943 1921 1937
1916 1921 1943
1937 1938 1944
1943 1937 1944
1944 1938 1945
1916 1943 1946
1917 1916 1946
1946 1943 1947
1947 1917 1946
1947 1943 1944
1947 1948 1917
1948 1947 1949
1944 1945 1950
1947 1944 1950
1947 1950 1949
1950 1945 1949
1942 1941 1951
1952 1942 1951
1952 1951 1953
1953 1951 1954
1953 1954 1955
1954 1956 1955
1956 1954 1957
1954 1958 1957
1954 1959 1958
1951 1959 1954
1959 1960 1958
1941 1961 1951
1951 1961 1959
1962 1961 1941
1961 1962 1959
1940 1962 1941
1963 1962 1940
1959 1964 1960
1962 1964 1959
1964 1965 1960
1963 1966 1962
1966 1964 1962
1964 1966 1965
1966 1963 1967
1966 1968 1965
1969 1966 1967
1966 1969 1968
1970 1968 1969
1967 1971 1969
1970 1969 1971
1971 1972 1970
1971 1973 1972
1973 1974 1972
1973 1975 1974
1975 1976 1974
1975 1977 1976
1978 1976 1977
1979 1980 1981
1979 1981 1982
1981 1983 1982
1982 1983 1984
1982 1984 1985
1984 1986 1985
1987 1986 1984
1987 1988 1986
1988 1987 1989
1990 1988 1989
1989 1987 1991
1990 1989 1992
1989 1991 1993
1992 1989 1993
1993 1991 1994
1992 1993 1995
1994 1995 1993
1996 1997 1998
1996 1998 1999
2000 1996 1999
2000 2001 1996
2002 2001 2000
2002 2000 2003
2002 2004 2001
2002 2003 2005
2006 2002 2005
2007 2006 2005
2007 2008 2006
2004 2002 2009
2006 2009 2002
2004 2009 2010
2009 2011 2010
2009 2012 2011
2013 2011 2012
2014 2012 2009
2006 2014 2009
2015 2013 2012
2014 2015 2012
2013 2015 2016
2017 2016 2015
2017 2015 2014
2006 2017 2014
2006 2018 2017
2018 2006 2008
2019 2018 2008
2020 2019 2008
2020 2021 2019
2020 2022 2021
2023 2024 2025
2023 2026 2024
2024 2026 2027
2026 2028 2027
2028 2029 2027
2029 2030 2027
2031 2032 2033
2031 2033 2034
2035 2036 2037
2035 2037 2038
2039 2035 2038
2039 2040 2035
2039 2041 2040
2038 2037 2042
2038 2042 2039
2043 2042 2037
2043 2044 2042
2044 2039 2042
2045 2044 2043
2044 2045 2046
2046 2039 2044
2046 2045 2047
2041 2039 2048
2046 2048 2039
2041 2048 2049
2046 2047 2050
2050 2048 2046
2050 2047 2051
2052 2050 2051
2053 2052 2051
2054 2049 2048
2054 2055 2049
2056 2052 2053
2057 2056 2053
2056 2057 2058
2056 2058 2059
2059 2058 2060
2059 2060 2061
2061 2060 2062
2061 2062 2063
2063 2062 2064
2063 2064 2065
2065 2064 2066
2065 2066 2067
2067 2066 2068
2067 2068 2069
2069 2068 2070
2069 2070 2071
2071 2070 2072
2071 2073 2069
2071 2072 2074
2074 2072 2075
2074 2075 2076
2076 2075 2077
2074 2078 2071
2071 2079 2073
2078 2079 2071
2080 2078 2074
2080 2074 2076
2081 2079 2078
2081 2078 2080
2082 2079 2081
2083 2079 2082
2083 2073 2079
2084 2073 2083
2084 2085 2073
2086 2085 2084
2086 2087 2085
2087 2086 2088
2087 2088 2089
2089 2088 2090
2090 2091 2089
2091 2090 2092
2091 2092 2093
2091 2093 2094
2094 2093 2095
2094 2095 2096
2096 2095 2097
2096 2097 2098
2098 2097 2099
2098 2099 2100
2054 2100 2099
2055 2054 2099
2101 2102 2103
2104 2102 2101
2105 2104 2101
2105 2101 2106
2106 2107 2105
2106 2108 2107
2107 2108 2109
2108 2110 2109
2107 2109 2111
2111 2109 2112
2105 2107 2113
2111 2113 2107
2111 2114 2113
2105 2113 2115
2111 2112 2116
2116 2114 2111
2116 2112 2117
2116 2118 2114
2118 2116 2117
2118 2117 2119
2115 2120 2105
2115 2121 2120
2122 2120 2121
2105 2120 2123
2105 2123 2104
2120 2122 2124
2125 2124 2122
2126 2123 2120
2120 2124 2126
2124 2125 2127
2128 2127 2125
2128 2129 2127
2130 2129 2128
2130 2131 2129
2132 2131 2130
2131 2132 2133
2133 2129 2131
2133 2134 2129
2134 2133 2135
2134 2135 2136
2137 2129 2134
2134 2136 2137
2137 2127 2129
2137 2136 2138
2127 2137 2138
2139 2138 2136
2124 2127 2140
2127 2138 2140
2124 2140 2141
2124 2141 2126
2140 2142 2141
2140 2138 2142
2143 2138 2139
2144 2143 2139
2126 2141 2145
2145 2141 2142
2138 2143 2146
2138 2146 2142
2143 2144 2147
2146 2143 2147
2144 2148 2147
2147 2148 2149
2148 2150 2149
2148 2151 2150
2151 2152 2150
2146 2147 2153
2146 2153 2154
2146 2154 2155
2142 2146 2155
2155 2154 2156
2142 2155 2157
2145 2142 2157
2155 2156 2158
2157 2155 2158
2158 2156 2159
2158 2159 2160
2159 2161 2160
2157 2158 2162
2162 2158 2160
2160 2161 2163
2162 2160 2163
2163 2161 2164
2162 2163 2164
2162 2164 2165
2166 2162 2165
2166 2157 2162
2157 2166 2145
2145 2166 2167
2126 2145 2167
2126 2167 2123
2166 2168 2167
2123 2167 2168
2166 2169 2168
2168 2169 2170
2123 2168 2171
2104 2123 2171
2168 2170 2172
2171 2168 2172
2172 2170 2173
2104 2171 2174
2104 2174 2102
2174 2171 2175
2171 2172 2175
2175 2172 2176
2172 2173 2177
2172 2177 2176
2177 2173 2178
2102 2174 2179
2174 2175 2179
2102 2179 2180
2179 2181 2180
2177 2178 2182
2176 2177 2182
2183 2182 2178
2175 2184 2179
2179 2184 2181
2184 2175 2176
2184 2185 2181
2186 2182 2183
2176 2182 2186
2187 2186 2183
2176 2186 2187
2184 2176 2188
2184 2188 2185
2188 2176 2187
2188 2189 2185
2188 2187 2189
2190 2191 2192
2190 2193 2191
2194 2193 2190
2193 2195 2191
2194 2196 2193
2197 2196 2194
2193 2198 2195
2196 2198 2193
2198 2199 2195
2200 2199 2198
2196 2200 2198
2200 2201 2199
2197 2202 2196
2202 2200 2196
2202 2197 2203
2204 2201 2200
2202 2204 2200
2204 2205 2201
2203 2206 2202
2206 2204 2202
2206 2203 2207
2208 2206 2207
2209 2205 2204
2206 2209 2204
2209 2210 2205
2210 2209 2211
2210 2211 2212
2211 2213 2212
2214 2213 2211
2215 2209 2206
2208 2215 2206
2215 2211 2209
2216 2214 2211
2216 2217 2214
2218 2211 2215
2208 2218 2215
2218 2216 2211
2216 2219 2217
2219 2216 2218
2219 2220 2217
2219 2221 2220
2208 2222 2218
2223 2222 2208
2219 2218 2224
2224 2218 2222
2225 2221 2219
2225 2219 2224
2226 2224 2222
2226 2225 2224
2222 2223 2227
2227 2226 2222
2228 2221 2225
2228 2229 2221
2230 2229 2228
2231 2228 2225
2231 2225 2226
2230 2228 2232
2228 2231 2232
2233 2230 2232
2233 2234 2230
2223 2235 2227
2235 2223 2236
2231 2237 2232
2237 2233 2232
2238 2234 2233
2238 2239 2234
2235 2236 2240
2240 2236 2241
2233 2237 2242
2233 2242 2238
2243 2239 2238
2243 2244 2239
2245 2240 2241
2241 2246 2245
2238 2242 2247
2238 2247 2243
2248 2244 2243
2248 2249 2244
2243 2247 2250
2243 2250 2248
2251 2247 2242
2251 2250 2247
2252 2242 2237
2251 2242 2252
2249 2248 2253
2249 2253 2254
2254 2253 2255
2245 2246 2256
2246 2257 2256
2258 2256 2257
2248 2250 2259
2248 2259 2253
2253 2260 2255
2261 2255 2260
2253 2259 2262
2262 2260 2253
2250 2263 2259
2259 2263 2262
2264 2261 2260
2260 2262 2264
2250 2265 2263
2251 2265 2250
2261 2264 2266
2261 2266 2267
2267 2266 2268
2267 2268 2269
2264 2270 2266
2268 2266 2270
2262 2271 2264
2264 2271 2270
2271 2272 2270
2262 2263 2273
2262 2273 2271
2274 2265 2251
2252 2274 2251
2265 2275 2263
2263 2275 2273
2273 2276 2271
2271 2276 2272
2273 2277 2276
2275 2277 2273
2265 2278 2275
2274 2278 2265
2279 2270 2272
2268 2270 2279
2277 2280 2276
2272 2276 2280
2275 2281 2277
2278 2281 2275
2277 2282 2280
2282 2277 2281
2283 2278 2274
2278 2284 2281
2283 2284 2278
2281 2284 2285
2284 2283 2285
2282 2281 2286
2281 2285 2286
2282 2286 2287
2285 2287 2286
2288 2283 2274
2252 2288 2274
2289 2288 2252
2252 2237 2289
2289 2237 2231
2289 2231 2290
2290 2231 2226
2289 2291 2288
2290 2291 2289
2288 2292 2283
2291 2292 2288
2283 2293 2285
2292 2293 2283
2285 2294 2287
2293 2294 2285
2290 2226 2295
2295 2226 2227
2295 2227 2296
2296 2227 2235
2297 2290 2295
2297 2295 2296
2290 2298 2291
2297 2298 2290
2291 2299 2292
2298 2299 2291
2292 2300 2293
2299 2300 2292
2293 2301 2294
2300 2301 2293
2296 2235 2302
2302 2235 2240
2297 2296 2303
2303 2296 2302
2297 2304 2298
2303 2304 2297
2298 2305 2299
2304 2305 2298
2299 2306 2300
2305 2306 2299
2302 2240 2307
2307 2240 2245
2300 2308 2301
2306 2308 2300
2303 2302 2309
2309 2302 2307
2307 2245 2310
2310 2245 2256
2309 2307 2311
2311 2307 2310
2310 2256 2312
2312 2256 2258
2313 2310 2312
2311 2310 2313
2258 2314 2312
2313 2312 2314
2315 2314 2258
2316 2314 2315
2316 2313 2314
2316 2311 2313
2316 2317 2311
2318 2311 2317
2318 2309 2311
2319 2309 2318
2319 2303 2309
2319 2320 2303
2319 2321 2320
2303 2320 2304
2304 2320 2321
2321 2319 2322
2304 2321 2323
2321 2324 2323
2304 2323 2305
2323 2325 2305
2323 2324 2325
2305 2325 2306
2321 2322 2326
2326 2322 2327
2326 2327 2328
2325 2329 2306
2306 2329 2308
2321 2330 2324
2326 2330 2321
2326 2328 2331
2331 2328 2332
2326 2333 2330
2331 2333 2326
2334 2324 2330
2334 2330 2333
2334 2333 2335
2333 2336 2335
2336 2333 2337
2331 2337 2333
2336 2337 2338
2331 2332 2339
2337 2331 2339
2339 2332 2340
2338 2337 2341
2337 2339 2341
2338 2341 2342
2339 2340 2343
2341 2339 2343
2342 2341 2344
2341 2343 2344
2342 2344 2345
2340 2346 2343
2344 2343 2346
2340 2347 2346
2346 2347 2348
2345 2344 2349
2344 2346 2349
2345 2349 2350
2346 2348 2351
2349 2346 2351
2351 2348 2352
2350 2349 2353
2349 2351 2353
2353 2351 2352
2350 2353 2354
2352 2354 2353
2355 2356 2357
2357 2356 2358
2357 2358 2359
2359 2358 2360
2359 2360 2361
2361 2360 2362
2361 2362 2363
2362 2364 2363
2362 2365 2364
2366 2364 2365
2366 2365 2367
2366 2368 2364
2366 2367 2369
2368 2366 2370
2366 2369 2370
2368 2370 2371
2370 2372 2371
2369 2373 2370
2370 2373 2372
2369 2374 2373
2375 2372 2373
2373 2374 2376
2377 2375 2373
2373 2376 2377
2377 2378 2375
2377 2376 2379
2377 2380 2378
2377 2379 2381
2381 2380 2377
2381 2379 2382
2381 2383 2380
2382 2383 2381
2384 2385 2386
2384 2386 2387
2384 2387 2388
2387 2389 2388
2387 2390 2389
2391 2388 2389
2391 2392 2388
2393 2392 2391
2393 2394 2392
2395 2394 2393
2395 2396 2394
2396 2395 2397
2396 2397 2398
2398 2397 2399
2398 2399 2400
2400 2399 2401
2400 2401 2402
2402 2401 2403
2402 2403 2404
2403 2405 2404
2406 2405 2403
2406 2403 2407
2403 2408 2407
2401 2408 2403
2407 2408 2409
2399 2410 2401
2401 2410 2408
2411 2409 2408
2410 2411 2408
2411 2412 2409
2397 2413 2399
2399 2413 2410
2412 2411 2414
2412 2414 2415
2410 2416 2411
2414 2411 2416
2397 2417 2413
2395 2417 2397
2418 2413 2417
2419 2413 2418
2413 2419 2410
2419 2416 2410
2420 2416 2419
2419 2418 2420
2420 2421 2416
2416 2421 2414
2395 2422 2417
2422 2395 2393
2418 2423 2420
2423 2421 2420
2422 2393 2424
2424 2393 2391
2424 2391 2425
2425 2391 2389
2425 2389 2426
2426 2389 2390
2426 2390 2427
2390 2428 2427
2425 2426 2429
2427 2429 2426
2430 2424 2425
2425 2429 2430
2422 2424 2431
2430 2431 2424
2422 2431 2432
2432 2417 2422
2432 2433 2417
2417 2433 2418
2428 2434 2427
2427 2435 2429
2434 2435 2427
2428 2436 2434
2428 2437 2436
2431 2430 2438
2432 2431 2439
2431 2438 2439
2440 2433 2432
2432 2439 2440
2430 2429 2441
2430 2441 2438
2435 2442 2429
2442 2441 2429
2434 2443 2435
2443 2442 2435
2438 2441 2444
2442 2444 2441
2439 2438 2445
2438 2444 2445
2434 2436 2446
2434 2446 2443
2440 2447 2433
2418 2433 2447
2440 2439 2448
2439 2445 2448
2447 2440 2449
2440 2448 2449
2445 2450 2448
2445 2451 2450
2444 2451 2445
2448 2450 2452
2448 2452 2449
2444 2453 2451
2444 2454 2453
2449 2452 2455
2454 2444 2442
2449 2455 2456
2447 2449 2456
2456 2455 2457
2458 2454 2442
2458 2459 2454
2443 2458 2442
2460 2459 2458
2460 2458 2443
2460 2461 2459
2460 2443 2446
2462 2461 2460
2446 2462 2460
2462 2463 2461
2456 2457 2464
2464 2457 2465
2446 2466 2462
2436 2466 2446
2467 2463 2462
2467 2462 2466
2467 2468 2463
2077 2468 2467
2469 2077 2467
2076 2077 2469
2469 2467 2470
2467 2466 2470
2076 2469 2471
2469 2470 2471
2076 2471 2080
2436 2472 2466
2436 2437 2472
2466 2473 2470
2466 2472 2473
2473 2474 2470
2471 2470 2474
2080 2471 2475
2081 2080 2475
2475 2476 2081
2471 2477 2475
2477 2476 2475
2471 2474 2477
2477 2478 2476
2479 2478 2477
2474 2479 2477
2479 2480 2478
2479 2481 2480
2482 2474 2473
2482 2479 2474
2472 2482 2473
2481 2479 2482
2472 2483 2482
2481 2482 2483
2481 2483 2484
2483 2472 2437
2484 2483 2485
2437 2485 2483
2484 2485 2486
2485 2487 2486
2437 2488 2485
2485 2488 2487
2488 2437 2489
2487 2488 2490
2489 2490 2488
2487 2490 2491
2491 2490 2492
2491 2492 2493
2493 2492 2494
2495 2494 2492
2495 2492 2490
2494 2495 2496
2495 2490 2497
2497 2496 2495
2497 2490 2489
2497 2498 2496
2489 2498 2497
2489 2499 2498
2500 2501 2502
2502 2503 2500
2500 2503 2504
2502 2505 2503
2506 2505 2502
2506 2507 2505
2507 2506 2508
2507 2508 2509
2509 2508 2510
2509 2510 2511
2503 2512 2504
2512 2513 2504
2512 2514 2513
2515 2514 2512
2516 2517 2518
2517 2516 2519
2517 2519 2520
2520 2519 2521
2520 2521 2522
2523 2522 2521
2524 2522 2523
2525 2524 2523
2526 2527 2528
2527 2529 2528
2527 2530 2529
2530 2531 2529
2532 2531 2530
2532 2533 2531
2531 2533 2534
2534 2533 2535
2535 2536 2534
2536 2535 2537
2535 2533 2538
2535 2538 2537
2537 2538 2539
2539 2538 2540
2541 2542 2543
2543 2542 2544
2543 2544 2545
2544 2546 2545
2544 2547 2546
2547 2548 2546
2547 2549 2548
2550 2548 2549
2549 2551 2550
2550 2552 2548
2551 2553 2550
2553 2552 2550
2553 2554 2552
2551 2555 2553
2553 2556 2554
2555 2557 2553
2553 2557 2556
2555 2558 2557
2559 2556 2557
2560 2556 2559
2561 2560 2559
2558 2562 2557
2559 2557 2562
2558 2563 2562
2563 2564 2562
2559 2562 2564
2563 2565 2564
2561 2559 2566
2559 2564 2566
2567 2561 2566
2567 2566 2568
2568 2569 2567
2565 2570 2564
2566 2564 2570
2566 2570 2568
2565 2571 2570
2571 2572 2570
2568 2570 2572
2571 2573 2572
2573 2574 2572
2573 2575 2574
2568 2572 2576
2576 2572 2574
2577 2568 2576
2577 2578 2568
2568 2578 2569
2579 2569 2578
2579 2580 2569
2581 2580 2579
2581 2579 2582
2581 2582 2583
2579 2578 2584
2584 2578 2577
2585 2584 2577
2577 2586 2585
2577 2587 2586
2588 2587 2577
2576 2589 2577
2588 2577 2589
2576 2590 2589
2576 2574 2590
2588 2589 2591
2590 2591 2589
2588 2591 2592
2592 2591 2593
2592 2593 2594
2593 2595 2594
2590 2596 2591
2596 2593 2591
2590 2574 2597
2590 2597 2596
2593 2598 2595
2598 2599 2595
2596 2600 2593
2600 2598 2593
2601 2599 2598
2600 2601 2598
2602 2599 2601
2601 2603 2602
2600 2603 2601
2604 2600 2596
2604 2596 2597
2604 2603 2600
2597 2574 2605
2575 2605 2574
2575 2606 2605
2607 2604 2597
2597 2605 2607
2606 2608 2605
2607 2605 2608
2606 2609 2608
2609 2610 2608
2609 2611 2610
2603 2604 2612
2607 2612 2604
2608 2613 2607
2608 2610 2613
2611 2614 2610
2611 2615 2614
2612 2607 2616
2616 2607 2613
2617 2616 2613
2610 2618 2613
2610 2614 2618
2618 2617 2613
2612 2616 2619
2612 2619 2603
2619 2616 2617
2603 2619 2620
2621 2603 2620
2622 2621 2620
2615 2623 2614
2615 2624 2623
2625 2623 2624
2614 2623 2626
2623 2625 2626
2614 2626 2618
2625 2627 2626
2618 2626 2627
2625 2628 2627
2618 2627 2629
2629 2627 2628
2618 2629 2617
2629 2628 2630
2617 2629 2630
2617 2630 2631
2632 2617 2631
2619 2617 2632
2619 2632 2620
2632 2631 2633
2634 2632 2633
2620 2632 2634
2634 2633 2635
2636 2634 2635
2636 2635 2637
2620 2634 2638
2638 2634 2636
2637 2639 2636
2637 2640 2639
2641 2620 2638
2622 2620 2641
2642 2622 2641
2638 2636 2643
2643 2636 2639
2640 2644 2639
2640 2645 2644
2641 2638 2646
2646 2638 2643
2643 2639 2647
2647 2639 2644
2645 2648 2644
2645 2649 2648
2649 2650 2648
2651 2644 2648
2647 2644 2651
2648 2650 2652
2651 2648 2652
2652 2650 2653
2653 2654 2652
2654 2651 2652
2655 2651 2654
2656 2643 2647
2646 2643 2656
2657 2647 2651
2656 2647 2657
2657 2651 2655
2646 2656 2658
2658 2656 2657
2646 2658 2659
2641 2646 2659
2641 2659 2660
2642 2641 2660
2660 2661 2642
2661 2662 2642
2658 2657 2663
2655 2663 2657
2663 2664 2658
2663 2665 2664
2663 2655 2666
2665 2663 2666
2666 2655 2667
2665 2666 2668
2667 2669 2666
2669 2667 2670
2671 2668 2666
2666 2669 2671
2672 2669 2670
2671 2669 2672
2672 2670 2673
2673 2674 2672
2672 2674 2675
2676 2675 2674
2668 2671 2677
2677 2678 2668
2678 2677 2679
2672 2680 2671
2675 2680 2672
2681 2679 2677
2682 2679 2681
2683 2677 2671
2671 2680 2683
2682 2681 2684
2685 2682 2684
2685 2684 2686
2685 2686 2687
2681 2677 2688
2688 2677 2683
2681 2688 2689
2681 2689 2690
2683 2691 2688
2680 2691 2683
2691 2689 2688
2692 2690 2689
2693 2692 2689
2694 2693 2689
2694 2689 2691
2691 2695 2694
2691 2696 2695
2680 2696 2691
2696 2697 2695
2692 2698 2690
2699 2690 2698
2698 2692 2700
2700 2699 2698
2700 2692 2701
2702 2696 2680
2675 2702 2680
2696 2703 2697
2702 2703 2696
2703 2704 2697
2675 2705 2702
2676 2705 2675
2705 2706 2702
2706 2705 2676
2706 2703 2702
2706 2676 2707
2707 2708 2706
2703 2709 2704
2709 2708 2704
2706 2709 2703
2706 2708 2709
2701 2710 2700
2711 2710 2701
2711 2712 2710
2712 2713 2710
2712 2714 2713
2713 2714 2715
2715 2716 2713
2713 2716 2717
2713 2717 2718
2710 2713 2718
2718 2717 2719
2700 2710 2720
2710 2718 2720
2721 2700 2720
2720 2718 2721
2699 2700 2721
2722 2699 2721
2718 2719 2723
2721 2718 2723
2723 2719 2724
2722 2721 2725
2725 2721 2723
2723 2724 2725
2725 2726 2722
2725 2724 2727
2728 2726 2725
2725 2727 2728
2729 2728 2727
2726 2728 2730
2729 2730 2728
2730 2729 2731
2730 2731 2732
2732 2731 2733
2732 2733 2734
2734 2733 2735
2734 2735 2736
2737 2736 2735
2738 2739 2740
2738 2741 2739
2739 2741 2742
2741 2743 2742
2741 2744 2743
2743 2744 2745
2746 2743 2745
2746 2745 2747
2747 2748 2746
2749 2748 2747
2748 2750 2746
2749 2751 2748
2748 2752 2750
2751 2752 2748
2752 2753 2750
2751 2754 2752
2753 2752 2754
2755 2756 2757
2755 2758 2756
2759 2758 2755
2759 2755 2760
2761 2759 2760
2761 2762 2759
2761 2760 2763
2761 2764 2762
2765 2764 2761
2766 2764 2765
2766 2765 2767
2763 2768 2761
2765 2761 2768
2763 2769 2768
2768 2769 2770
2768 2770 2771
2772 2771 2770
2773 2768 2771
2765 2768 2773
2774 2771 2772
2773 2771 2774
2772 2775 2774
2776 2774 2775
2776 2773 2774
2765 2773 2776
2765 2776 2777
2777 2767 2765
2778 2767 2777
2779 2767 2778
2779 2778 2780
2779 2780 2781
2782 2783 2784
2782 2784 2785
2784 2786 2785
2785 2786 2787
2787 2786 2788
2788 2786 2789
2790 2791 2792
2790 2792 2793
2794 2795 2796
2794 2797 2795
2798 2797 2794
2798 2794 2799
2798 2799 2800
2797 2801 2795
2797 2798 2801
2802 2795 2801
2802 2801 2803
2803 2801 2798
2804 2802 2803
2803 2805 2804
2805 2803 2798
2805 2806 2804
2800 2807 2798
2805 2798 2807
2800 2808 2807
2805 2809 2806
2809 2805 2807
2809 2810 2806
2811 2810 2809
2812 2810 2811
2813 2807 2808
2813 2808 2814
2815 2812 2811
2816 2812 2815
2815 2817 2816
2815 2818 2817
2818 2819 2817
2818 2820 2819
2820 2821 2819
2820 2822 2821
2822 2823 2821
2822 2824 2823
2824 2825 2823
2824 2826 2825
2826 2827 2825
2826 2828 2827
2828 2829 2827
2828 2830 2829
2830 2831 2829
2830 2828 2832
2830 2833 2831
2833 2834 2831
2833 2835 2834
2835 2836 2834
2833 2830 2837
2830 2832 2838
2837 2830 2838
2839 2833 2837
2839 2835 2833
2840 2837 2838
2840 2839 2837
2841 2840 2838
2842 2841 2838
2842 2838 2832
2843 2842 2832
2843 2832 2844
2845 2843 2844
2845 2844 2846
2846 2847 2845
2846 2848 2847
2848 2849 2847
2849 2848 2850
2850 2851 2849
2850 2852 2851
2850 2853 2852
2853 2854 2852
2853 2855 2854
2855 2856 2854
2855 2857 2856
2857 2858 2856
2857 2859 2858
2813 2858 2859
2814 2858 2813
2860 2861 2862
2863 2860 2862
2864 2860 2863
2864 2865 2860
2865 2864 2866
2865 2866 2867
2866 2868 2867
2867 2868 2869
2866 2870 2868
2870 2871 2868
2864 2872 2866
2870 2866 2872
2870 2872 2873
2864 2874 2872
2870 2875 2871
2875 2870 2873
2875 2876 2871
2875 2873 2877
2877 2876 2875
2877 2878 2876
2874 2864 2879
2874 2879 2880
2881 2880 2879
2864 2882 2879
2864 2863 2882
2879 2883 2881
2884 2881 2883
2885 2879 2882
2879 2885 2883
2883 2886 2884
2887 2884 2886
2887 2886 2888
2889 2887 2888
2889 2888 2890
2891 2889 2890
2890 2892 2891
2892 2890 2888
2892 2888 2893
2893 2894 2892
2893 2895 2894
2896 2893 2888
2893 2896 2895
2896 2888 2886
2896 2897 2895
2886 2897 2896
2898 2895 2897
2883 2899 2886
2886 2899 2897
2883 2900 2899
2883 2885 2900
2899 2900 2901
2899 2901 2897
2902 2898 2897
2903 2898 2902
2885 2904 2900
2904 2901 2900
2897 2905 2902
2897 2901 2905
2902 2906 2903
2905 2906 2902
2903 2906 2907
2907 2906 2908
2907 2908 2909
2907 2909 2910
2910 2909 2911
2905 2912 2906
2905 2913 2912
2905 2914 2913
2901 2914 2905
2914 2915 2913
2901 2916 2914
2904 2916 2901
2914 2917 2915
2916 2917 2914
2917 2918 2915
2917 2919 2918
2918 2919 2920
2916 2921 2917
2921 2919 2917
2919 2922 2920
2921 2922 2919
2922 2923 2920
2921 2923 2922
2921 2924 2923
2925 2924 2921
2925 2921 2916
2916 2904 2925
2904 2926 2925
2885 2926 2904
2885 2882 2926
2925 2926 2927
2882 2927 2926
2925 2927 2928
2927 2929 2928
2882 2930 2927
2863 2930 2882
2927 2931 2929
2930 2931 2927
2931 2932 2929
2863 2933 2930
2863 2862 2933
2933 2934 2930
2930 2934 2931
2934 2935 2931
2931 2936 2932
2931 2935 2936
2936 2937 2932
2862 2938 2933
2933 2938 2934
2862 2939 2938
2938 2939 2940
2936 2941 2937
2935 2941 2936
2942 2937 2941
2934 2938 2943
2938 2940 2943
2943 2935 2934
2943 2940 2944
2945 2942 2941
2935 2945 2941
2946 2942 2945
2935 2946 2945
2943 2947 2935
2943 2944 2947
2947 2946 2935
2947 2944 2948
2947 2948 2946
2949 2950 2951
2949 2951 2952
2953 2949 2952
2952 2951 2954
2953 2952 2955
2956 2953 2955
2952 2954 2957
2955 2952 2957
2957 2954 2958
2959 2957 2958
2955 2957 2959
2959 2958 2960
2956 2955 2961
2961 2955 2959
2961 2962 2956
2963 2959 2960
2961 2959 2963
2963 2960 2964
2962 2961 2965
2965 2961 2963
2965 2966 2962
2967 2966 2965
2968 2963 2964
2965 2963 2968
2968 2964 2969
2969 2970 2968
2969 2971 2970
2970 2971 2972
2973 2970 2972
2974 2965 2968
2967 2965 2974
2974 2968 2970
2975 2970 2973
2975 2973 2976
2977 2974 2970
2967 2974 2977
2977 2970 2975
2975 2976 2978
2978 2977 2975
2978 2976 2979
2978 2979 2980
2967 2977 2981
2982 2967 2981
2978 2983 2977
2983 2981 2977
2984 2978 2980
2984 2983 2978
2985 2981 2983
2985 2983 2984
2981 2986 2982
2986 2981 2985
2987 2984 2980
2987 2980 2988
2989 2987 2988
2990 2984 2987
2990 2985 2984
2989 2991 2987
2987 2991 2990
2992 2991 2989
2992 2989 2993
2982 2986 2994
2994 2995 2982
2990 2991 2996
2996 2991 2992
2997 2992 2993
2997 2993 2998
2994 2999 2995
2999 3000 2995
2992 3001 2996
2992 2997 3001
3002 2997 2998
3002 2998 3003
3004 3000 2999
3000 3004 3005
2997 3006 3001
2997 3002 3006
3007 3002 3003
3007 3003 3008
3002 3009 3006
3002 3007 3009
3010 3001 3006
3010 3006 3009
3011 2996 3001
3010 3011 3001
3008 3012 3007
3008 3013 3012
3013 3014 3012
3004 3015 3005
3005 3015 3016
3017 3016 3015
3007 3018 3009
3007 3012 3018
3012 3014 3019
3020 3019 3014
3012 3021 3018
3021 3012 3019
3009 3018 3022
3018 3021 3022
3023 3019 3020
3019 3023 3021
3009 3022 3024
3010 3009 3024
3020 3025 3023
3020 3026 3025
3026 3027 3025
3026 3028 3027
3023 3025 3029
3027 3029 3025
3021 3023 3030
3023 3029 3030
3030 3029 3031
3021 3032 3022
3021 3030 3032
3033 3010 3024
3011 3010 3033
3024 3022 3034
3022 3032 3034
3032 3030 3035
3030 3031 3035
3032 3035 3036
3034 3032 3036
3024 3034 3037
3033 3024 3037
3038 3031 3029
3027 3038 3029
3036 3035 3039
3031 3039 3035
3034 3036 3040
3037 3034 3040
3036 3039 3041
3041 3040 3036
3042 3033 3037
3037 3040 3043
3042 3037 3043
3040 3044 3043
3043 3044 3042
3041 3045 3040
3040 3045 3044
3041 3046 3045
3044 3045 3046
3047 3033 3042
3011 3033 3047
3048 3011 3047
3011 3048 2996
3048 2990 2996
3048 3049 2990
3049 2985 2990
3048 3047 3050
3049 3048 3050
3047 3042 3051
3050 3047 3051
3042 3044 3052
3051 3042 3052
3044 3046 3053
3052 3044 3053
3049 3054 2985
3054 2986 2985
3054 3055 2986
3055 2994 2986
3056 3054 3049
3056 3055 3054
3049 3050 3057
3056 3049 3057
3050 3051 3058
3057 3050 3058
3051 3052 3059
3058 3051 3059
3052 3053 3060
3059 3052 3060
3055 3061 2994
3061 2999 2994
3056 3062 3055
3062 3061 3055
3056 3057 3063
3062 3056 3063
3057 3058 3064
3063 3057 3064
3058 3059 3065
3064 3058 3065
3061 3066 2999
3066 3004 2999
3059 3060 3067
3065 3059 3067
3062 3068 3061
3068 3066 3061
3066 3069 3004
3069 3015 3004
3068 3070 3066
3070 3069 3066
3069 3071 3015
3071 3017 3015
3072 3071 3069
3070 3072 3069
3017 3071 3073
3072 3073 3071
3074 3017 3073
3075 3074 3073
3075 3073 3072
3075 3072 3070
3075 3070 3076
3077 3076 3070
3077 3070 3068
3078 3077 3068
3078 3068 3062
3078 3062 3079
3078 3079 3080
3062 3063 3079
3063 3080 3079
3080 3081 3078
3063 3082 3080
3080 3082 3083
3063 3064 3082
3082 3064 3084
3082 3084 3083
3064 3065 3084
3080 3085 3081
3085 3086 3081
3085 3087 3086
3084 3065 3088
3065 3067 3088
3080 3083 3089
3085 3080 3089
3085 3090 3087
3090 3091 3087
3085 3089 3092
3090 3085 3092
3093 3089 3083
3093 3092 3089
3093 3094 3092
3092 3094 3095
3095 3096 3092
3090 3092 3096
3095 3097 3096
3090 3098 3091
3096 3098 3090
3098 3099 3091
3097 3100 3096
3096 3100 3098
3097 3101 3100
3098 3102 3099
3100 3102 3098
3101 3103 3100
3100 3103 3102
3101 3104 3103
3099 3102 3105
3103 3105 3102
3099 3105 3106
3105 3107 3106
3104 3108 3103
3103 3108 3105
3104 3109 3108
3105 3110 3107
3108 3110 3105
3110 3111 3107
3109 3112 3108
3108 3112 3110
3112 3111 3110
3109 3113 3112
3111 3112 3113
3114 3115 3116
3115 3117 3116
3115 3118 3117
3118 3119 3117
3118 3120 3119
3120 3121 3119
3120 3122 3121
3121 3122 3123
3121 3123 3124
3125 3124 3123
3125 3126 3124
3125 3123 3127
3125 3128 3126
3127 3129 3125
3125 3129 3128
3127 3130 3129
3129 3130 3131
3128 3129 3132
3129 3131 3132
3128 3132 3133
3134 3132 3131
3132 3135 3133
3136 3132 3134
3132 3136 3135
3136 3134 3137
3136 3138 3135
3136 3137 3139
3136 3140 3138
3140 3136 3139
3140 3141 3138
3140 3139 3142
3141 3140 3142
3143 3144 3145
3143 3146 3144
3143 3147 3146
3146 3147 3148
3146 3148 3149
3150 3148 3147
3150 3147 3151
3152 3150 3151
3152 3151 3153
3154 3152 3153
3154 3153 3155
3155 3156 3154
3155 3157 3156
3157 3158 3156
3157 3159 3158
3159 3160 3158
3159 3161 3160
3161 3162 3160
3161 3163 3162
3162 3163 3164
3165 3162 3164
3165 3166 3162
3162 3166 3167
3160 3162 3167
3166 3168 3167
3158 3160 3169
3160 3167 3169
3170 3167 3168
3169 3167 3170
3170 3168 3171
3156 3158 3172
3158 3169 3172
3171 3173 3170
3171 3174 3173
3169 3170 3175
3173 3175 3170
3156 3172 3176
3154 3156 3176
3177 3176 3172
3178 3177 3172
3172 3169 3178
3178 3169 3175
3179 3178 3175
3178 3179 3177
3179 3175 3180
3175 3173 3180
3154 3176 3181
3181 3152 3154
3177 3179 3182
3182 3179 3180
3181 3183 3152
3183 3150 3152
3183 3184 3150
3184 3148 3150
3184 3185 3148
3185 3149 3148
3185 3186 3149
3149 3186 3187
3184 3188 3185
3186 3185 3188
3189 3184 3183
3184 3189 3188
3181 3190 3183
3189 3183 3190
3181 3191 3190
3191 3181 3176
3191 3176 3192
3176 3177 3192
3187 3186 3193
3186 3188 3194
3193 3186 3194
3187 3193 3195
3187 3195 3196
3190 3197 3189
3191 3198 3190
3190 3198 3197
3199 3191 3192
3191 3199 3198
3189 3200 3188
3189 3197 3200
3194 3188 3201
3201 3188 3200
3193 3194 3202
3202 3194 3201
3197 3203 3200
3201 3200 3203
3198 3204 3197
3197 3204 3203
3199 3192 3205
3177 3205 3192
3199 3206 3198
3198 3206 3204
3193 3202 3207
3193 3207 3195
3205 3208 3199
3199 3208 3206
3204 3206 3209
3204 3209 3210
3203 3204 3210
3206 3211 3209
3206 3208 3211
3203 3210 3212
3203 3212 3213
3208 3214 3211
3213 3201 3203
3208 3215 3214
3205 3215 3208
3215 3216 3214
3217 3201 3213
3217 3213 3218
3202 3201 3217
3219 3217 3218
3219 3202 3217
3219 3218 3220
3219 3207 3202
3221 3219 3220
3207 3219 3221
3221 3220 3222
3215 3223 3216
3223 3224 3216
3207 3221 3225
3195 3207 3225
3226 3221 3222
3226 3225 3221
3226 3222 3227
2836 3226 3227
3228 3226 2836
2835 3228 2836
3228 3229 3226
3226 3229 3225
2835 3230 3228
3228 3230 3229
2835 2839 3230
3195 3225 3231
3195 3231 3196
3225 3229 3232
3225 3232 3231
3232 3229 3233
3230 3233 3229
2839 3234 3230
2840 3234 2839
3234 2840 3235
3230 3234 3236
3236 3234 3235
3230 3236 3233
3236 3235 3237
3238 3236 3237
3233 3236 3238
3238 3237 3239
3238 3239 3240
3241 3232 3233
3241 3233 3238
3231 3232 3241
3240 3241 3238
3231 3241 3242
3240 3242 3241
3240 3243 3242
3242 3196 3231
3243 3244 3242
3196 3242 3244
3243 3245 3244
3244 3245 3246
3196 3244 3247
3244 3246 3247
3247 3248 3196
3246 3249 3247
3248 3247 3249
3246 3250 3249
3250 3251 3249
3250 3252 3251
3252 3253 3251
3254 3251 3253
3254 3249 3251
3253 3255 3254
3254 3256 3249
3256 3254 3255
3256 3248 3249
3256 3255 3257
3248 3256 3257
3248 3257 3258
3259 3260 3261
3260 3259 3262
3259 3263 3262
3260 3262 3264
3265 3260 3264
3265 3264 3266
3266 3267 3265
3266 3268 3267
3268 3269 3267
3268 3270 3269
3262 3263 3271
3271 3263 3272
3271 3272 3273
3274 3271 3273
3275 3276 3277
3277 3278 3275
3277 3279 3278
3279 3280 3278
3279 3281 3280
3282 3280 3281
3283 3282 3281
3284 3282 3283
3285 3286 3287
3285 3288 3286
3285 3287 3289
3289 3287 3290
3289 3290 3291
3291 3290 3292
3291 3292 3293
3293 3292 3294
3293 3294 3295
3295 3294 3296
3295 3296 3297
3297 3296 3298
3297 3298 3299
3299 3298 3300
3299 3300 3301
3301 3300 3302
3301 3302 3303
3303 3302 3304
3303 3304 3305
3306 3305 3304
3306 3307 3305
3308 3307 3306
3309 3307 3308
3310 3305 3307
3309 3310 3307
3310 3303 3305
3310 3309 3311
3312 3303 3310
3310 3311 3312
3312 3301 3303
3312 3311 3313
3314 3301 3312
3312 3313 3314
3314 3299 3301
3314 3313 3315
3316 3299 3314
3314 3315 3316
3316 3297 3299
3316 3315 3317
3318 3297 3316
3316 3317 3318
3318 3295 3297
3319 3318 3317
3320 3295 3318
3319 3320 3318
3320 3293 3295
3321 3320 3319
3322 3293 3320
3321 3322 3320
3322 3291 3293
3323 3322 3321
3324 3291 3322
3323 3324 3322
3324 3289 3291
3325 3324 3323
3326 3289 3324
3325 3326 3324
3326 3285 3289
3325 3327 3326
3325 3328 3327
3329 3327 3328
3326 3330 3285
3326 3327 3330
3285 3330 3288
3327 3329 3331
3331 3330 3327
3331 3329 3332
3331 3332 3333
3288 3330 3334
3331 3334 3330
3288 3334 3335
3336 3335 3334
3331 3333 3337
3334 3331 3337
3337 3333 3338
3336 3334 3339
3334 3337 3339
3336 3339 3340
3337 3338 3341
3339 3337 3341
3341 3338 3342
3343 3340 3339
3339 3341 3343
3343 3341 3342
3343 3344 3340
3342 3344 3343
3345 3346 3347
3345 3348 3346
3345 3347 3349
3349 3347 3350
3349 3350 3351
3351 3350 3352
3351 3352 3353
3353 3352 3354
3353 3354 3355
3355 3354 3356
3355 3356 3357
3357 3356 3358
3357 3358 3359
3359 3358 3360
3359 3360 3361
3362 3361 3360
3363 3345 3349
3364 3349 3351
3363 3349 3364
3365 3351 3353
3364 3351 3365
3366 3353 3355
3365 3353 3366
3367 3355 3357
3366 3355 3367
3368 3357 3359
3367 3357 3368
3361 3369 3359
3368 3359 3369
3363 3370 3345
3345 3370 3348
3348 3370 3371
3348 3371 3372
3372 3371 3373
3371 3374 3373
3373 3374 3375
3374 3376 3375
3374 3377 3376
3378 3376 3377
3371 3379 3374
3377 3374 3379
3370 3380 3371
3371 3380 3379
3363 3381 3370
3370 3381 3380
3382 3378 3377
3377 3379 3382
3378 3382 3383
3379 3383 3382
3378 3383 3384
3383 3385 3384
3379 3386 3383
3386 3385 3383
3380 3386 3379
3386 3387 3385
3380 3388 3386
3388 3387 3386
3388 3380 3381
3388 3389 3387
3389 3388 3390
3388 3381 3390
3389 3390 3391
3381 3392 3390
3392 3381 3363
3392 3363 3364
3391 3390 3393
3393 3390 3392
3394 3391 3393
3392 3364 3395
3393 3392 3395
3395 3364 3365
3394 3393 3396
3393 3395 3396
3394 3396 3397
3395 3365 3398
3396 3395 3398
3398 3365 3366
3397 3396 3399
3396 3398 3399
3397 3399 3400
3398 3366 3401
3399 3398 3401
3401 3366 3367
3400 3399 3402
3399 3401 3402
3400 3402 3403
3401 3367 3404
3402 3401 3404
3404 3367 3368
3403 3402 3405
3402 3404 3405
3403 3405 3406
3404 3368 3407
3405 3404 3407
3407 3368 3369
3406 3405 3408
3405 3407 3408
3406 3408 3409
3407 3369 3410
3408 3407 3410
3409 3408 3411
3408 3410 3411
3409 3411 3412
3412 3411 3413
3411 3410 3413
3412 3413 3414
3410 3369 3415
3410 3415 3413
3361 3415 3369
3415 3361 3416
3413 3415 3416
3362 3416 3361
3414 3413 3417
3413 3416 3417
3362 3417 3416
3414 3417 3418
3362 3418 3417
3419 3420 3421
3419 3422 3420
3419 3423 3422
3419 3424 3423
3419 3421 3425
3425 3421 3426
3426 3427 3425
3427 3426 3428
3427 3428 3429
3427 3429 3430
3431 3427 3430
3432 3427 3431
3432 3433 3427
3433 3432 3434
3435 3425 3427
3435 3427 3433
3433 3434 3436
3436 3434 3437
3438 3436 3437
3438 3439 3436
3439 3433 3436
3440 3439 3438
3440 3441 3439
3441 3442 3439
3439 3442 3433
3441 3443 3442
3442 3443 3444
3445 3433 3442
3442 3444 3445
3445 3435 3433
3445 3444 3446
3445 3446 3447
3447 3435 3445
3447 3446 3448
3447 3449 3435
3449 3425 3435
3447 3448 3450
3450 3449 3447
3450 3448 3451
3449 3452 3425
3452 3419 3425
3450 3451 3453
3453 3451 3454
3450 3455 3449
3455 3452 3449
3453 3455 3450
3453 3454 3456
3456 3454 3457
3453 3458 3455
3456 3458 3453
3455 3459 3452
3458 3459 3455
3452 3460 3419
3459 3460 3452
3456 3457 3461
3461 3457 3462
3456 3463 3458
3461 3463 3456
3458 3464 3459
3463 3464 3458
3461 3462 3465
3465 3462 3466
3461 3467 3463
3465 3467 3461
3465 3466 3468
3468 3466 3469
3460 3470 3419
3419 3470 3424
3459 3471 3460
3464 3471 3459
3463 3472 3464
3467 3472 3463
3465 3473 3467
3473 3465 3468
3460 3474 3470
3471 3474 3460
3475 3424 3470
3475 3470 3474
3476 3424 3475
3475 3477 3476
3464 3478 3471
3464 3472 3478
3471 3479 3474
3478 3479 3471
3475 3474 3480
3480 3474 3479
3475 3481 3477
3480 3481 3475
3478 3482 3479
3472 3482 3478
3480 3479 3483
3483 3481 3480
3483 3479 3482
3481 3484 3477
3477 3484 3485
3484 3486 3485
3486 3484 3487
3488 3486 3487
3481 3489 3484
3483 3489 3481
3484 3489 3487
3489 3483 3490
3483 3482 3490
3490 3487 3489
3472 3491 3482
3490 3482 3491
3492 3487 3490
3490 3491 3492
3493 3491 3472
3467 3493 3472
3473 3493 3467
3493 3494 3491
3492 3491 3494
3473 3495 3493
3494 3493 3495
3495 3473 3496
3473 3468 3496
3496 3468 3497
3468 3469 3497
3498 3497 3469
3499 3498 3469
3498 3499 3500
3498 3500 3501
3501 3500 3502
3498 3503 3497
3503 3498 3501
3496 3497 3504
3504 3497 3503
3495 3496 3505
3505 3496 3504
3494 3495 3506
3506 3495 3505
3501 3502 3507
3507 3502 3508
3503 3501 3509
3509 3501 3507
3504 3503 3510
3510 3503 3509
3510 3509 3511
3505 3504 3512
3512 3504 3510
3507 3508 3513
3508 3514 3513
3509 3507 3515
3515 3507 3513
3511 3509 3515
3515 3513 3516
3514 3516 3513
3517 3515 3516
3511 3515 3517
3517 3516 3518
3516 3514 3518
3519 3517 3518
3519 3511 3517
3511 3519 3520
3521 3510 3511
3512 3510 3521
3522 3518 3514
3519 3518 3522
3511 3523 3521
3523 3511 3520
3524 3512 3521
3524 3521 3523
3525 3522 3514
3525 3514 3526
3525 3526 3527
3526 3514 3528
3529 3526 3528
3530 3519 3522
3520 3519 3530
3522 3525 3531
3527 3531 3525
3522 3532 3530
3522 3531 3532
3533 3530 3532
3532 3531 3533
3533 3520 3530
3531 3534 3533
3531 3527 3534
3534 3527 3535
3534 3536 3533
3536 3520 3533
3514 3537 3528
3537 3529 3528
3534 3535 3538
3534 3538 3536
3539 3520 3536
3540 3536 3538
3539 3536 3540
3541 3520 3539
3523 3520 3541
3542 3541 3539
3540 3542 3539
3543 3523 3541
3542 3543 3541
3543 3524 3523
3540 3538 3544
3538 3535 3544
3545 3542 3540
3540 3544 3545
3546 3524 3543
3547 3543 3542
3547 3546 3543
3548 3546 3547
3549 3547 3542
3545 3549 3542
3549 3548 3547
3546 3550 3524
3550 3512 3524
3550 3505 3512
3506 3505 3550
3551 3550 3546
3551 3506 3550
3548 3551 3546
3552 3506 3551
3548 3552 3551
3552 3494 3506
3492 3494 3552
3552 3553 3492
3553 3552 3548
3487 3492 3553
3554 3487 3553
3488 3487 3554
3555 3488 3554
3555 3556 3488
3557 3554 3553
3555 3554 3557
3558 3553 3548
3557 3553 3558
3559 3556 3555
3559 3560 3556
3561 3560 3559
3559 3562 3561
3563 3559 3555
3563 3555 3557
3563 3562 3559
3564 3563 3557
3564 3557 3558
3564 3562 3563
3565 3562 3564
3565 3566 3562
3567 3566 3565
3565 3568 3567
3558 3548 3569
3564 3558 3569
3548 3549 3569
3564 3569 3570
3565 3564 3570
3571 3569 3549
3570 3569 3571
3545 3571 3549
3570 3571 3572
3565 3570 3572
3573 3571 3545
3573 3572 3571
3545 3544 3573
3565 3574 3568
3574 3575 3568
3565 3572 3576
3574 3565 3576
3544 3577 3573
3544 3535 3577
3578 3572 3573
3578 3576 3572
3573 3577 3578
3574 3579 3575
3580 3575 3579
3580 3579 3581
3582 3580 3581
3581 3583 3582
3579 3583 3581
3574 3584 3579
3579 3584 3583
3574 3576 3585
3574 3585 3584
3586 3576 3578
3586 3585 3576
3578 3577 3587
3578 3587 3586
3588 3583 3584
3589 3583 3588
3590 3584 3585
3590 3585 3586
3588 3584 3590
3590 3591 3588
3589 3588 3592
3588 3591 3592
3593 3589 3592
3586 3594 3590
3586 3587 3594
3590 3594 3591
3577 3595 3587
3535 3595 3577
3593 3592 3596
3596 3597 3593
3598 3594 3587
3598 3587 3595
3599 3595 3535
3599 3598 3595
3592 3600 3596
3592 3591 3600
3596 3601 3597
3596 3600 3601
3597 3601 3602
3601 3603 3602
3601 3604 3603
3601 3600 3604
3604 3600 3591
3605 3594 3598
3605 3591 3594
3591 3606 3604
3591 3605 3606
3607 3604 3606
3605 3598 3608
3598 3599 3608
3609 3606 3605
3609 3605 3608
3607 3606 3610
3606 3609 3611
3606 3611 3610
3607 3610 3612
3607 3612 3613
3610 3614 3612
3610 3611 3614
3613 3612 3615
3612 3614 3615
3613 3615 3616
3617 3616 3615
3614 3618 3615
3617 3615 3618
3611 3619 3614
3614 3619 3618
3620 3617 3618
3619 3620 3618
3621 3617 3620
3622 3621 3620
3611 3623 3619
3609 3623 3611
3619 3624 3620
3622 3620 3624
3624 3619 3623
3624 3625 3622
3625 3624 3623
3609 3626 3623
3626 3625 3623
3625 3627 3622
3628 3622 3627
3627 3625 3629
3628 3627 3629
3630 3626 3609
3630 3609 3608
3626 3631 3625
3631 3629 3625
3626 3632 3631
3626 3630 3632
3630 3633 3632
3634 3630 3608
3630 3634 3633
3634 3608 3599
3631 3635 3629
3632 3635 3631
3634 3599 3636
3599 3535 3636
3636 3535 3527
3634 3636 3637
3637 3636 3527
3633 3634 3637
3637 3527 3638
3526 3638 3527
3526 3529 3638
3639 3637 3638
3633 3637 3639
3639 3638 3529
3635 3640 3629
3628 3629 3640
3635 3641 3640
3642 3628 3640
3642 3640 3641
3641 3635 3643
3632 3643 3635
3643 3632 3633
3642 3644 3628
3628 3644 3645
3644 3646 3645
3644 3647 3646
3644 3648 3647
3642 3648 3644
3649 3647 3648
3642 3650 3648
3649 3648 3650
3641 3650 3642
3651 3649 3650
3641 3652 3650
3651 3650 3652
3653 3652 3641
3641 3643 3653
3651 3652 3654
3653 3654 3652
3643 3633 3655
3653 3643 3656
3643 3655 3656
3657 3654 3653
3656 3657 3653
3651 3654 3658
3658 3654 3657
3655 3633 3659
3659 3633 3639
3660 3656 3655
3659 3660 3655
3656 3661 3657
3660 3661 3656
3659 3639 3662
3662 3639 3529
3659 3663 3660
3662 3663 3659
3658 3664 3651
3651 3664 3665
3666 3665 3664
3667 3666 3664
3667 3664 3668
3658 3668 3664
3668 3669 3667
3670 3668 3658
3658 3657 3670
3670 3657 3661
3668 3671 3669
3670 3671 3668
3671 3672 3669
3671 3673 3672
3673 3671 3670
3674 3672 3673
3670 3661 3675
3673 3670 3675
3674 3673 3676
3674 3676 3677
3675 3661 3678
3660 3678 3661
3663 3678 3660
3679 3673 3675
3676 3673 3679
3675 3678 3680
3679 3675 3680
3663 3681 3678
3680 3678 3681
3682 3676 3679
3683 3679 3680
3682 3679 3683
3677 3676 3684
3684 3676 3682
3677 3684 3685
3680 3681 3686
3683 3680 3686
3683 3686 3687
3686 3681 3687
3684 3682 3688
3685 3684 3688
3689 3682 3683
3687 3689 3683
3690 3688 3682
3690 3682 3689
3677 3685 3691
3677 3691 3692
3693 3692 3691
3693 3691 3685
3693 3685 3694
3694 3685 3695
3696 3685 3688
3685 3696 3695
3696 3688 3690
3697 3695 3696
3697 3696 3698
3698 3696 3690
3690 3699 3698
3700 3697 3698
3698 3699 3700
3701 3697 3700
3702 3701 3700
3703 3702 3700
3700 3699 3703
3702 3703 3704
3702 3704 3705
3704 3703 3706
3699 3706 3703
3704 3707 3705
3704 3706 3707
3707 3708 3705
3707 3709 3708
3706 3709 3707
3709 3710 3708
3690 3711 3699
3689 3711 3690
3709 3712 3710
3713 3710 3712
3714 3713 3712
3715 3714 3712
3716 3714 3715
3717 3716 3715
3712 3709 3718
3715 3712 3718
3706 3719 3709
3719 3718 3709
3720 3706 3699
3706 3720 3719
3719 3721 3718
3720 3721 3719
3715 3718 3722
3722 3718 3721
3715 3723 3717
3722 3723 3715
3699 3724 3720
3711 3724 3699
3721 3725 3722
3722 3725 3723
3720 3726 3721
3724 3726 3720
3717 3723 3727
3717 3727 3728
3728 3727 3729
3730 3729 3727
3723 3730 3727
3729 3730 3731
3723 3732 3730
3725 3732 3723
3730 3733 3731
3732 3733 3730
3734 3731 3733
3721 3735 3725
3726 3735 3721
3732 3736 3733
3736 3734 3733
3725 3737 3732
3735 3737 3725
3737 3736 3732
3736 3738 3734
3738 3739 3734
3737 3740 3736
3740 3738 3736
3741 3739 3738
3740 3741 3738
3741 3742 3739
3735 3743 3737
3743 3740 3737
3726 3744 3735
3744 3743 3735
3745 3742 3741
3745 3746 3742
3745 3747 3746
3748 3741 3740
3743 3748 3740
3748 3745 3741
3749 3747 3745
3749 3750 3747
3749 3751 3750
3752 3748 3743
3744 3752 3743
3753 3745 3748
3753 3749 3745
3752 3753 3748
3754 3744 3726
3724 3754 3726
3755 3751 3749
3755 3749 3753
3756 3753 3752
3756 3755 3753
3757 3752 3744
3754 3757 3744
3757 3756 3752
3758 3754 3724
3711 3758 3724
3754 3759 3757
3759 3756 3757
3758 3759 3754
3760 3751 3755
3760 3761 3751
3762 3755 3756
3759 3762 3756
3762 3760 3755
3763 3758 3711
3689 3763 3711
3761 3760 3764
3761 3764 3765
3766 3759 3758
3763 3766 3758
3767 3760 3762
3767 3764 3760
3768 3762 3759
3766 3768 3759
3768 3767 3762
3769 3763 3689
3687 3769 3689
3770 3765 3764
3770 3771 3765
3766 3763 3772
3769 3772 3763
3769 3687 3773
3772 3769 3773
3687 3681 3773
3774 3768 3766
3766 3772 3774
3764 3767 3775
3764 3775 3770
3767 3768 3776
3774 3776 3768
3767 3776 3775
3771 3770 3777
3771 3777 3778
3774 3772 3779
3772 3773 3779
3681 3780 3773
3663 3780 3681
3776 3774 3781
3774 3779 3781
3770 3775 3782
3770 3782 3777
3775 3776 3783
3776 3781 3783
3775 3783 3782
3784 3778 3777
3784 3785 3778
3784 3786 3785
3780 3663 3787
3662 3787 3663
3662 3788 3787
3529 3788 3662
3789 3780 3787
3787 3788 3789
3529 3790 3788
3537 3790 3529
3777 3782 3791
3777 3791 3784
3786 3784 3792
3792 3793 3786
3789 3794 3780
3773 3780 3794
3779 3773 3794
3779 3794 3795
3781 3779 3795
3795 3794 3796
3794 3789 3796
3781 3795 3797
3796 3797 3795
3783 3781 3797
3783 3797 3798
3782 3783 3798
3796 3799 3797
3798 3797 3799
3800 3796 3789
3799 3796 3800
3782 3798 3801
3782 3801 3791
3801 3798 3802
3791 3801 3802
3798 3799 3802
3800 3789 3803
3788 3803 3789
3790 3803 3788
3800 3803 3804
3790 3804 3803
3799 3800 3805
3800 3804 3805
3806 3804 3790
3805 3804 3806
3806 3790 3537
3537 3514 3806
3799 3805 3807
3802 3799 3807
3805 3806 3808
3807 3805 3808
3808 3806 3514
3802 3807 3809
3808 3809 3807
3810 3808 3514
3808 3810 3809
3811 3802 3809
3791 3802 3811
3784 3791 3811
3784 3811 3792
3811 3809 3812
3812 3809 3810
3792 3811 3812
3813 3810 3514
3812 3810 3813
3814 3813 3514
3814 3812 3813
3815 3814 3514
3816 3814 3815
3792 3812 3817
3814 3817 3812
3816 3817 3814
3793 3792 3817
3793 3817 3816
3818 3819 3820
3820 3821 3818
3822 3818 3821
3822 3823 3818
3818 3824 3819
3823 3824 3818
3824 3825 3819
3826 3824 3823
3827 3826 3823
3826 3827 1462
3824 3828 3825
3828 3824 3826
3826 1462 3829
1462 1461 3829
3830 3828 3826
3830 3826 3829
3831 3829 1461
3831 3830 3829
1460 3831 1461
3831 1460 3832
3832 3830 3831
1460 1454 3832
3833 3828 3830
3828 3833 3825
3832 3833 3830
1454 3834 3832
3834 3833 3832
3825 3833 3835
3834 3835 3833
3825 3835 3836
3836 3835 3834
3837 3836 3834
1454 3838 3834
3838 3837 3834
3838 1454 1478
3838 3839 3837
3838 1478 3840
3839 3838 3840
3840 1478 1479
3839 3840 3841
3842 3840 1479
3840 3842 3841
1479 1480 3842
3842 1480 3841
2324 3843 2325
2325 3843 2329
2324 3844 3843
2324 3845 3844
3845 2324 3846
3845 3846 3847
3847 3846 3848
3847 3848 3849
3844 3845 3850
3845 3847 3850
3851 3847 3849
3852 3851 3849
3851 3852 3853
3854 3850 3847
3854 3847 3851
3851 3853 3855
3855 3853 3856
3844 3850 3857
3857 3850 3854
3854 3851 3858
3855 3858 3851
3856 3859 3855
3859 3856 3860
3861 3859 3860
3861 3860 3862
3863 3861 3862
3864 3855 3859
3858 3855 3864
3864 3859 3861
3865 3854 3858
3865 3857 3854
3866 3857 3865
3865 3858 3867
3867 3858 3864
3866 3865 3867
3863 3868 3861
3869 3868 3863
3870 3861 3868
3870 3868 3869
3864 3861 3871
3861 3870 3871
3872 3870 3869
3871 3870 3872
3873 3872 3869
3874 3872 3873
3871 3872 3874
3874 3873 3875
3876 3874 3875
3877 3864 3871
3877 3871 3874
3876 3877 3874
3867 3864 3877
3878 3877 3876
3878 3867 3877
3866 3867 3878
3879 3880 3866
3879 3881 3880
3880 3881 3882
3880 3882 3883
3884 3883 3882
3885 3883 3884
3886 3885 3884
3887 3885 3886
3888 3883 3885
3887 3888 3885
3888 3880 3883
3889 3888 3887
3890 3880 3888
3889 3890 3888
3890 3866 3880
3891 3890 3889
3891 3892 3890
3892 3866 3890
3893 3892 3891
3892 3894 3866
3857 3866 3894
3893 3895 3892
3895 3894 3892
3896 3895 3893
3894 3897 3857
3895 3897 3894
3897 3844 3857
3896 3898 3895
3898 3897 3895
3899 3898 3896
3900 3844 3897
3898 3900 3897
3900 3843 3844
3899 3901 3898
3901 3900 3898
3902 3901 3899
3903 3843 3900
3901 3903 3900
3903 2329 3843
3902 3904 3901
3904 3903 3901
3904 3902 3905
3906 2329 3903
3904 3906 3903
3906 2308 2329
2308 3906 2301
3907 3904 3905
3906 3904 3907
3906 3907 2301
3907 3905 3908
2301 3907 3908
2301 3908 2294
2287 2294 3908
3909 2287 3908
2287 3909 3910
2287 3910 3911
2282 2287 3911
3911 3910 3912
2282 3911 3913
3911 3912 3913
3913 3912 3914
2282 3913 2280
3913 3914 3915
3915 2280 3913
3915 3914 3916
3915 3917 2280
2272 2280 3917
3915 3916 3918
3917 3915 3918
3918 3916 3919
2272 3917 3920
3917 3918 3920
3918 3919 3921
3920 3918 3921
3921 3919 3922
3921 3922 3923
3923 3922 3924
2272 3920 3925
2279 2272 3925
3920 3921 3926
3926 3921 3923
3925 3920 3927
2279 3925 3927
3920 3926 3927
3923 3924 3928
3928 3924 3929
3926 3923 3930
3927 3926 3930
3930 3923 3928
2279 3927 3931
2268 2279 3931
3927 3930 3932
3931 3927 3932
3930 3928 3933
3932 3930 3933
3928 3929 3934
3933 3928 3934
2268 3931 3935
2269 2268 3935
2269 3935 3936
3931 3932 3937
3935 3931 3937
3936 3935 3938
3935 3937 3938
3936 3938 3939
3932 3933 3940
3937 3932 3940
3938 3937 3941
3937 3940 3941
3939 3938 3942
3938 3941 3942
3939 3942 3943
3940 3933 3944
3933 3934 3944
3941 3940 3945
3940 3944 3945
3943 3942 3946
3943 3946 3947
3942 3941 3948
3941 3945 3948
3942 3948 3946
3934 3949 3944
3949 3945 3944
3945 3950 3948
3948 3950 3946
3947 3946 3951
3947 3951 3952
3952 3951 3953
3946 3954 3951
3951 3954 3953
3946 3950 3954
3945 3955 3950
3949 3955 3945
3954 3956 3953
3956 3957 3953
3958 3957 3956
3950 3959 3954
3950 3955 3959
3954 3959 3956
3960 3958 3956
3959 3960 3956
3955 3961 3959
3961 3955 3949
3959 3961 3962
3959 3962 3960
3960 3963 3958
3964 3958 3963
3965 3964 3963
3960 3966 3963
3965 3963 3966
3960 3962 3966
3965 3966 3967
3966 3968 3967
3962 3968 3966
3967 3968 3969
3969 3968 3970
3962 3970 3968
3970 3971 3969
3972 3971 3970
3961 3973 3962
3973 3970 3962
3973 3972 3970
3973 3961 3949
3973 3974 3972
3973 3949 3974
3974 3975 3972
3934 3974 3949
3929 3975 3974
3929 3974 3934
2464 3976 2456
3976 2447 2456
3976 3977 2447
3977 2418 2447
3978 3976 2464
3976 3978 3977
3977 3979 2418
3979 3977 3978
2418 3979 2423
3978 2464 3980
2464 2465 3980
3980 2465 3981
3982 3979 3978
3978 3980 3983
3979 3982 3984
3980 3981 3985
3983 3980 3985
3981 3986 3985
3983 3985 3987
3986 3987 3985
3979 3984 3988
2423 3979 3988
3988 3984 3989
3988 3990 2423
2423 3990 2421
3991 2421 3990
3988 3989 3992
3988 3992 3990
3992 3991 3990
3992 3989 3993
3992 3993 3994
3992 3994 3991
3994 3993 3995
3994 3995 3996
3991 3994 3996
3996 3995 3997
3996 3997 3998
3998 3997 3999
4000 3998 3999
4001 3998 4000
3996 3998 4001
3991 3996 4001
4002 3991 4001
3991 4003 2421
3991 4002 4003
2421 4003 2414
4002 4004 4003
2414 4003 4004
4004 4002 4005
4004 4005 4006
4007 2414 4004
4004 4006 4008
4008 4007 4004
4008 4006 4009
4007 4008 4010
4008 4009 4010
4007 4010 4011
4010 4009 4012
4011 4010 4013
4010 4012 4013
4011 4013 4014
4013 4012 4015
4014 4013 4016
4013 4015 4016
4014 4016 4017
4015 4018 4016
4017 4016 4019
4016 4018 4019
3083 3084 4020
3084 3088 4020
3083 4020 4021
3083 4021 4022
4022 4023 3083
4022 4024 4023
4024 4025 4023
4024 4026 4025
4021 4027 4022
4022 4027 4024
4028 4026 4024
4029 4026 4028
4028 4030 4029
4031 4024 4027
4031 4028 4024
4028 4032 4030
4032 4033 4030
4021 4034 4027
4034 4031 4027
4031 4035 4028
4032 4028 4035
4033 4032 4036
4036 4037 4033
4038 4037 4036
4038 4039 4037
4040 4039 4038
4041 4036 4032
4035 4041 4032
4041 4038 4036
4042 4035 4031
4042 4031 4034
4043 4042 4034
4042 4044 4035
4044 4041 4035
4043 4044 4042
4040 4038 4045
4046 4040 4045
4047 4045 4038
4047 4046 4045
4041 4048 4038
4038 4048 4047
4049 4046 4047
4048 4049 4047
4050 4046 4049
4051 4050 4049
4048 4051 4049
4051 4052 4050
4053 4052 4051
4054 4048 4041
4054 4051 4048
4053 4051 4054
4044 4054 4041
4055 4053 4054
4055 4054 4044
4043 4055 4044
4056 4043 4057
4056 4057 4058
4057 4059 4058
4057 4060 4059
4061 4059 4060
4062 4061 4060
4063 4061 4062
4064 4063 4062
4065 4062 4060
4064 4062 4065
4065 4060 4057
4066 4064 4065
4067 4065 4057
4066 4065 4067
4067 4057 4043
4068 4066 4067
4068 4067 4069
4069 4067 4043
4070 4068 4069
4069 4043 4071
4034 4071 4043
4070 4069 4072
4072 4069 4071
4073 4070 4072
4071 4034 4074
4072 4071 4074
4074 4034 4021
4073 4072 4075
4075 4072 4074
4076 4073 4075
4077 4074 4021
4075 4074 4077
4077 4021 4020
4076 4075 4078
4078 4075 4077
4079 4076 4078
4080 4077 4020
4078 4077 4080
4080 4020 3088
4079 4078 4081
4081 4078 4080
4081 4082 4079
4083 4080 3088
4081 4080 4083
4083 3088 3067
3067 3060 4083
4084 4082 4081
4083 4084 4081
4083 3060 4084
4084 4085 4082
3060 4085 4084
3060 3053 4085
3046 4085 3053
4086 4085 3046
3046 4087 4086
3046 4088 4087
3041 4088 3046
4088 4089 4087
3041 4090 4088
4088 4090 4089
4090 4091 4089
3041 3039 4090
4090 4092 4091
4092 4090 3039
4092 4093 4091
4092 3039 4094
3031 4094 3039
4092 4095 4093
4094 4095 4092
4095 4096 4093
3031 4097 4094
4094 4097 4095
4095 4098 4096
4097 4098 4095
4098 4099 4096
4098 4100 4099
4100 4101 4099
3031 4102 4097
3038 4102 3031
4097 4103 4098
4103 4100 4098
4102 4104 4097
3038 4104 4102
4097 4104 4103
4100 4105 4101
4105 4106 4101
4103 4107 4100
4104 4107 4103
4107 4105 4100
3038 4108 4104
3027 4108 3038
4104 4109 4107
4108 4109 4104
4107 4110 4105
4109 4110 4107
4105 4111 4106
4110 4111 4105
3027 4112 4108
3028 4112 3027
3028 4113 4112
4108 4114 4109
4112 4114 4108
4113 4115 4112
4112 4115 4114
4113 4116 4115
4109 4117 4110
4114 4117 4109
4116 4118 4115
4116 4119 4118
4115 4120 4114
4114 4120 4117
4115 4118 4120
4117 4121 4110
4110 4121 4111
4119 4122 4118
4119 4123 4122
4120 4124 4117
4117 4124 4121
4118 4125 4120
4118 4122 4125
4120 4125 4124
4111 4121 4126
4126 4121 4124
4124 4125 4127
4125 4122 4127
4123 4128 4122
4123 4129 4128
4129 4130 4128
4122 4128 4131
4128 4130 4131
4122 4131 4127
4124 4127 4132
4126 4124 4132
4131 4130 4133
4133 4130 4134
4135 4133 4134
4127 4131 4136
4127 4136 4132
4131 4133 4136
4137 4133 4135
4136 4133 4137
4132 4136 4138
4138 4126 4132
4136 4139 4138
4136 4137 4139
4137 4135 4140
4141 4140 4135
4142 4140 4141
4137 4140 4143
4142 4143 4140
4137 4143 4139
4142 4144 4143
4143 4144 4145
4139 4143 4145
4144 4146 4145
4146 4147 4145
4139 4145 4147
4147 4146 4148
4149 4147 4148
4138 4139 4150
4150 4139 4147
4150 4147 4149
4150 4126 4138
4150 4149 4151
4150 4151 4126
4151 4149 4152
4111 4126 4151
4106 4151 4152
4106 4111 4151
3223 3215 4153
4153 3215 3205
4153 3205 4154
4154 3205 3177
4155 3223 4153
4153 4154 4155
4154 3177 4156
4156 4155 4154
3177 3182 4156
4155 4157 3223
3223 4157 3224
4157 4158 3224
4159 4155 4156
4155 4160 4157
4156 4161 4159
4157 4162 4158
4160 4162 4157
4158 4162 4163
4160 4164 4162
4163 4162 4164
4156 4165 4161
3182 4165 4156
4165 4166 4161
4165 3182 4167
3182 3180 4167
4168 4167 3180
4165 4169 4166
4165 4167 4169
4169 4167 4168
4169 4170 4166
4169 4171 4170
4169 4168 4171
4171 4172 4170
4171 4173 4172
4168 4173 4171
4173 4174 4172
4173 4175 4174
4175 4176 4174
4177 4176 4175
4178 4177 4175
4173 4178 4175
4168 4178 4173
4179 4178 4168
4168 3180 4180
4168 4180 4179
3180 3173 4180
4179 4180 4181
3173 4181 4180
4181 4182 4179
4181 4183 4182
4184 4181 3173
4181 4185 4183
4185 4181 4184
4185 4186 4183
4184 4187 4185
4185 4187 4186
4184 4188 4187
4187 4189 4186
4188 4190 4187
4187 4190 4189
4188 4191 4190
4190 4192 4189
4191 4193 4190
4190 4193 4192
4191 4194 4193
4192 4193 4195
4194 4196 4193
4193 4196 4195
