byte offset: 0
first index: 0
index count: 1674
topology: trianglelist
format: DXGI_FORMAT_R16_UINT

0 1 2
3 4 5
6 7 8
9 10 11
12 13 14
12 14 15
13 16 14
16 17 18
16 18 14
17 19 18
20 21 10
20 10 22
19 23 24
8 7 25
8 25 15
26 27 28
26 28 29
30 26 29
30 29 31
32 33 34
32 34 35
36 37 38
36 38 39
38 37 40
38 40 41
41 40 42
41 42 43
44 36 39
44 39 45
30 31 32
30 32 35
43 42 46
43 46 47
48 49 50
51 48 50
52 53 50
54 55 50
56 57 50
58 59 50
59 60 50
60 61 50
62 63 6
62 6 8
64 62 65
62 64 66
62 66 63
67 68 69
67 69 2
70 44 45
70 45 71
27 72 73
27 73 28
70 71 74
70 74 75
9 76 3
25 12 15
2 1 77
2 77 67
3 5 0
0 5 1
9 78 76
76 4 3
9 11 78
19 24 18
11 10 21
69 68 64
58 50 53
50 57 51
54 50 49
50 61 79
47 46 34
47 34 33
20 22 24
20 24 23
50 79 56
75 74 73
75 73 72
64 65 69
50 55 52
80 81 82
83 84 85
86 87 88
89 90 91
92 93 94
92 94 95
95 94 96
96 94 97
96 97 98
98 97 99
100 101 91
100 91 102
99 103 104
87 93 105
87 105 88
106 107 108
106 108 109
110 111 107
110 107 106
112 113 114
112 114 115
116 117 118
116 118 119
118 120 121
118 121 119
120 122 123
120 123 121
124 125 117
124 117 116
110 113 112
110 112 111
122 126 127
122 127 123
128 129 130
131 129 128
132 129 133
134 129 135
136 129 137
138 129 139
139 129 140
140 129 141
142 87 86
142 86 143
144 145 142
142 143 146
142 146 144
147 81 148
147 148 149
150 151 125
150 125 124
109 108 152
109 152 153
150 154 155
150 155 151
89 83 156
105 93 92
81 157 82
81 147 157
83 80 84
80 82 84
89 156 158
156 83 85
89 158 90
99 97 103
90 102 91
148 144 149
138 133 129
129 131 137
134 130 129
129 159 141
126 115 114
126 114 127
100 104 103
100 103 101
129 136 159
154 153 152
154 152 155
144 148 145
129 132 135
160 161 162
160 162 163
164 165 166
164 166 167
168 169 170
168 170 171
168 172 169
173 174 175
173 175 176
171 170 173
171 173 176
160 177 161
164 167 178
164 178 179
178 175 174
178 174 179
163 162 166
163 166 165
180 181 182
183 184 185
186 187 188
189 190 191
189 191 192
191 193 194
191 194 192
180 195 196
180 196 181
197 198 199
197 199 200
198 197 194
198 194 193
200 199 201
187 183 188
195 185 184
195 184 196
202 203 204
202 204 205
206 207 208
206 208 209
210 211 212
210 212 213
213 214 215
213 215 210
216 217 218
216 218 219
220 221 215
220 215 214
205 204 208
205 208 207
203 202 217
203 217 216
221 220 222
221 222 223
224 223 222
218 225 219
189 186 226
189 226 190
211 206 209
211 209 212
188 183 227
183 185 227
186 188 226
228 229 230
228 230 231
232 233 234
232 234 235
236 237 238
236 238 239
236 239 240
241 242 243
241 243 244
237 242 241
237 241 238
228 231 245
232 246 247
232 247 233
247 246 244
247 244 243
229 235 234
229 234 230
248 249 250
251 252 253
254 255 256
257 258 259
257 259 260
261 262 259
261 259 258
248 250 263
248 263 264
265 266 267
265 267 268
268 262 261
268 261 265
266 269 267
256 255 251
264 263 253
264 253 252
270 271 272
270 272 273
274 275 276
274 276 277
278 279 280
278 280 281
282 283 281
282 281 280
284 285 286
284 286 287
288 283 282
288 282 289
271 275 274
271 274 272
273 284 287
273 287 270
289 290 291
289 291 288
292 291 290
286 285 293
294 254 257
294 257 260
277 276 279
277 279 278
255 295 251
251 295 252
254 294 255
296 297 298
296 298 299
300 301 302
303 304 305
306 307 308
306 308 309
310 311 312
310 312 313
314 315 316
317 318 319
317 319 320
321 322 323
324 325 326
327 328 329
327 329 330
321 331 332
333 334 335
333 335 336
310 337 338
310 338 311
314 339 340
314 340 341
342 343 297
342 297 296
344 345 346
347 348 349
347 349 350
351 347 352
353 351 354
355 353 356
357 358 359
360 361 362
363 364 365
366 367 368
366 368 369
370 371 372
299 298 373
374 305 375
320 319 376
377 378 379
344 346 380
344 380 381
381 380 382
383 384 385
313 312 329
313 329 328
338 337 304
318 317 341
318 341 340
348 367 366
348 366 349
386 387 322
386 322 388
334 333 389
390 355 391
390 391 392
393 394 360
363 395 358
363 358 364
302 301 396
324 326 393
378 377 397
342 386 388
387 323 322
336 335 398
336 398 399
383 307 306
383 306 384
400 401 402
403 404 405
357 359 368
406 308 392
371 370 375
404 403 377
375 305 371
404 377 379
407 408 409
410 411 412
410 412 413
414 415 416
411 410 417
418 419 389
389 419 334
413 412 420
416 415 419
416 419 418
409 345 407
346 345 409
421 422 423
406 392 422
406 422 421
309 308 406
392 308 390
402 401 359
368 401 369
359 358 424
398 327 330
398 330 399
425 354 351
303 305 374
338 304 303
426 325 324
427 397 396
424 358 395
378 397 427
396 301 427
342 388 343
368 359 401
393 326 394
360 394 361
321 323 331
314 316 339
321 332 315
316 315 428
315 332 428
352 347 350
353 354 429
356 353 429
351 352 425
355 356 391
430 431 432
433 432 434
435 436 437
438 439 440
434 440 441
434 441 442
443 436 435
444 443 445
446 437 447
438 437 448
437 446 435
438 448 449
448 437 436
440 439 441
439 438 449
432 433 430
433 434 442
443 435 445
450 451 452
450 452 453
454 455 456
457 458 459
460 461 462
460 462 463
464 465 466
464 466 467
468 469 470
471 472 473
471 473 474
475 476 477
478 479 480
481 482 483
481 483 484
475 485 486
487 488 489
487 489 490
464 467 491
464 491 492
468 493 494
468 494 495
496 450 453
496 453 497
498 499 500
501 502 503
501 503 504
505 506 501
507 508 505
509 510 507
511 512 513
514 515 516
517 518 519
520 521 522
520 522 523
524 525 526
451 527 452
528 529 458
472 530 473
531 532 533
498 534 535
498 535 499
534 536 535
537 538 539
465 484 483
465 483 466
491 459 492
474 494 493
474 493 471
504 503 520
504 520 523
540 541 477
540 477 542
490 543 487
544 545 546
544 546 509
547 514 548
517 519 513
517 513 549
455 550 456
478 547 479
533 551 531
496 541 540
542 477 476
488 552 553
488 553 489
537 539 460
537 460 463
554 555 556
557 558 559
511 522 512
560 545 462
526 529 524
559 531 557
529 526 458
559 532 531
561 562 563
564 565 566
564 566 567
568 569 570
567 571 564
572 543 573
543 490 573
565 574 566
569 573 570
569 572 573
562 561 500
499 562 500
575 576 577
560 575 577
560 577 545
461 560 462
545 544 462
555 512 556
522 521 556
512 578 513
553 552 482
553 482 481
579 505 508
457 528 458
491 457 459
580 478 480
581 550 551
578 549 513
533 581 551
550 581 456
496 497 541
522 556 512
547 548 479
514 516 548
475 486 476
468 495 469
475 470 485
469 582 470
470 582 485
506 502 501
507 583 508
510 583 507
505 579 506
509 546 510
584 585 586
587 588 585
589 590 591
592 593 594
588 595 596
588 596 593
597 589 591
598 599 597
600 601 590
592 602 590
590 589 600
592 603 602
602 591 590
593 596 594
594 603 592
585 584 587
587 595 588
597 599 589
