byte offset: 0
first index: 1674
index count: 7176
topology: trianglelist
format: DXGI_FORMAT_R16_UINT

604 605 606
604 606 607
608 609 610
608 610 611
612 613 614
612 614 615
616 617 618
616 618 619
620 621 622
623 614 613
623 613 624
625 626 627
628 629 630
628 630 631
632 633 634
632 634 635
636 637 638
636 639 640
641 642 643
641 643 644
645 646 647
648 649 650
648 650 651
652 653 654
652 654 655
656 657 658
656 658 659
660 661 662
660 662 663
664 610 609
664 609 665
619 666 667
619 667 616
665 667 666
665 666 664
611 629 628
611 628 604
668 669 620
668 620 670
621 620 671
672 673 674
672 674 675
676 625 677
678 679 680
678 680 681
682 656 659
682 659 683
656 682 684
656 684 685
684 686 687
684 687 685
688 689 690
688 690 691
691 690 664
691 664 666
692 688 691
692 691 693
694 695 696
694 696 697
604 607 608
604 608 611
698 605 604
698 604 628
699 629 611
699 611 610
700 696 695
700 695 701
610 664 690
610 690 699
702 703 704
702 704 705
706 707 708
706 708 709
663 710 711
663 711 660
712 709 708
712 708 713
640 714 612
640 612 615
715 716 717
715 718 625
624 719 720
624 720 623
718 721 626
721 621 722
723 724 725
723 725 726
727 728 724
727 724 723
675 674 729
675 729 730
727 708 728
657 731 732
657 732 658
731 657 733
731 733 707
734 735 736
734 736 716
737 738 739
737 739 740
702 741 742
702 742 703
743 744 745
743 745 746
747 677 625
666 619 693
666 693 691
724 728 748
724 748 687
748 707 733
738 634 736
749 750 751
749 751 752
672 675 753
705 739 702
754 632 635
754 635 755
756 638 637
756 637 757
682 683 758
682 758 759
615 614 718
615 718 715
721 718 623
621 721 720
719 760 720
640 761 633
640 633 636
762 652 706
685 733 657
685 657 656
637 636 633
637 633 632
763 764 649
763 649 648
706 655 731
706 731 707
632 754 757
632 757 637
684 682 759
684 759 765
615 715 717
703 742 766
703 766 752
704 751 767
704 767 768
703 752 751
703 751 704
769 770 771
769 771 772
673 773 674
774 775 776
774 776 777
776 775 778
776 778 779
679 645 647
679 647 680
619 618 780
619 780 693
781 782 783
781 783 771
689 784 699
689 699 690
693 780 785
693 785 692
786 698 628
786 628 631
629 699 784
629 784 630
787 788 789
787 789 790
791 787 790
791 790 792
793 794 795
796 662 661
796 661 797
798 799 697
798 697 696
696 700 800
696 800 798
622 801 670
642 802 803
642 803 643
804 805 806
804 806 807
804 807 808
804 808 809
810 811 812
810 812 813
814 815 811
814 811 810
813 812 816
813 816 817
818 765 759
818 759 819
820 821 822
820 822 768
822 821 823
822 823 740
824 825 826
824 826 827
828 829 830
828 830 831
832 726 833
832 833 834
834 773 673
834 673 832
725 686 835
725 835 836
834 833 837
834 837 838
836 835 839
836 839 840
841 842 843
841 844 845
841 845 842
846 847 830
846 830 829
674 848 849
674 849 729
850 851 852
850 852 853
854 855 856
854 856 857
858 859 860
858 860 861
862 863 864
862 864 865
866 867 617
866 617 616
851 850 868
851 868 869
870 778 871
872 873 874
872 874 875
876 877 878
876 878 879
880 881 882
880 882 883
884 885 886
887 888 889
887 889 890
888 887 891
888 891 892
893 894 895
893 895 896
897 893 896
897 896 898
899 900 901
902 901 903
894 904 905
906 907 908
906 908 909
910 911 912
910 912 878
913 914 863
887 915 916
887 916 891
903 859 917
903 917 918
919 920 921
919 607 606
919 606 922
609 608 921
609 921 898
775 864 871
923 889 888
923 888 924
925 899 926
925 926 927
928 929 925
928 925 927
930 931 932
930 932 933
934 935 929
934 929 936
920 937 938
920 938 897
860 937 920
860 920 919
939 906 909
939 909 904
940 941 907
942 943 944
942 944 945
946 947 948
946 948 949
950 951 952
950 952 953
954 955 956
954 956 957
958 894 893
958 893 959
959 893 897
959 897 938
939 904 894
939 894 958
947 934 936
960 961 962
960 962 963
963 962 872
963 872 875
961 960 964
961 964 965
966 965 964
966 964 967
968 966 967
968 967 969
970 854 971
854 970 972
854 972 973
879 874 873
879 873 876
919 922 861
904 909 974
909 908 974
975 880 883
975 883 976
953 977 978
953 978 950
957 979 870
957 870 954
954 870 871
954 871 980
885 884 981
885 981 982
969 967 983
969 983 984
964 960 985
964 985 986
987 988 989
987 989 869
852 851 990
852 990 991
860 859 903
925 992 900
925 929 992
874 879 993
874 993 994
995 978 977
995 977 991
996 997 951
996 951 950
973 998 855
973 855 854
999 996 950
999 950 978
1000 1001 867
1000 867 866
772 943 942
772 942 769
1002 677 747
1002 747 1003
932 931 1004
932 1004 1005
924 888 892
924 892 1006
677 1002 1007
677 1007 1008
993 879 878
993 878 912
910 878 877
910 877 1009
996 1010 997
985 960 963
985 963 1011
1012 955 954
1012 954 980
988 987 981
988 981 1013
679 678 1014
679 1014 1015
697 1016 1017
697 1017 694
887 890 995
887 995 915
647 646 1018
647 1018 1019
1020 1021 681
1020 681 680
649 1022 650
649 764 1023
1024 1025 1026
1024 1026 1027
1028 1029 1030
1028 1030 1031
1032 1033 1034
1032 1034 1035
1035 1036 1037
1035 1037 1032
1038 1039 1040
1038 1040 1041
1042 1043 1044
1042 1044 1045
1046 1047 1048
1046 1048 1049
1044 1038 1041
1044 1041 1050
1051 1049 1052
1051 1052 1039
1053 1047 1046
1053 1046 1054
1038 1051 1039
1038 1044 1043
1038 1043 1051
1045 1044 1050
1045 1050 1055
1056 1057 1058
1056 1058 1059
1060 1061 1059
1060 1059 1058
1056 1062 1063
1056 1063 1064
1062 1056 1059
1062 1059 1065
1059 1061 1065
1066 1030 1029
1066 1029 1067
1047 1053 1068
1047 1068 1069
1070 1048 1047
1070 1047 1069
1071 1072 1070
1071 1070 1073
1065 1061 1074
1065 1074 1075
1076 1077 1078
1076 1078 1079
1065 1075 1078
1065 1078 1062
1080 1081 1082
1080 1082 1083
1079 1081 1080
1079 1080 1084
1085 1086 1084
1085 1084 1087
1073 1088 1089
1073 1089 1071
1073 1090 1091
1073 1091 1088
1092 1091 1090
1092 1090 1093
1094 1091 1092
1095 1096 1097
1095 1098 1096
1087 1096 1098
1087 1098 1085
1099 1100 1096
1099 1096 1087
1099 1101 1100
1102 1103 1096
1102 1096 1100
1104 1102 1100
1104 1100 1105
1106 1107 1108
1109 1110 1111
1112 1113 1114
1112 1114 1115
1116 1091 1094
1116 1094 1117
1091 1116 1118
1091 1118 1088
1088 1118 1119
1088 1119 1089
1039 1035 1034
1039 1034 1040
1039 1052 1036
1039 1036 1035
1113 1112 1120
1113 1120 1072
1071 1089 1111
1071 1111 1110
1089 1119 1111
1106 1105 1101
1106 1101 1107
1106 1104 1105
1107 1101 1083
1107 1083 1066
1061 1025 1031
1061 1031 1074
1060 1026 1025
1060 1025 1061
1121 1016 697
1121 697 799
645 1122 1123
645 1123 1124
1004 1125 1126
1004 1126 1005
865 1127 1128
865 1128 862
775 774 865
1127 774 1123
805 804 1122
805 1122 1015
805 1015 1014
805 1014 1129
1130 1131 1132
1130 1132 1133
679 1015 645
777 1134 646
777 646 1124
1135 1136 648
1135 648 651
803 802 1137
803 1137 1138
1136 1139 763
1136 763 648
1133 1140 1141
1133 1141 1130
644 1142 641
759 758 1143
759 1143 819
1064 1144 1057
1064 1057 1056
807 806 1145
1146 1128 808
1146 808 1147
862 1128 1146
862 1146 1148
806 805 1129
806 1129 795
1012 913 1149
1012 1149 856
871 864 914
871 914 980
1148 1150 863
1148 863 862
886 1149 1151
886 1151 884
914 864 863
914 913 1012
914 1012 980
1152 806 795
1152 795 1153
882 881 910
882 910 1009
881 952 911
881 911 910
951 997 946
951 946 949
997 1010 1154
997 1154 946
1010 945 1154
945 944 1155
945 1155 941
1155 944 1156
1155 1156 1157
942 1158 1159
942 1159 769
1160 770 1161
1160 1161 627
626 722 1160
722 671 1160
671 669 781
669 668 781
930 933 1162
930 1162 1163
869 989 990
869 990 851
1008 1164 676
1008 676 677
869 868 1165
869 1165 987
1131 1166 1167
1131 1167 1132
1168 1169 1014
1168 1014 678
1170 1168 678
1170 678 681
788 787 1136
788 1136 1135
787 791 1139
787 1139 1136
1140 796 797
1140 797 1141
1169 793 1129
1169 1129 1014
979 1017 870
1017 1016 779
1017 779 778
1016 1121 1171
1016 1171 779
606 605 694
606 694 1017
605 698 695
605 695 694
698 786 701
698 701 695
776 1172 1134
776 1134 777
1163 1013 1151
1163 1151 1173
982 981 987
982 987 1165
857 886 1174
752 766 746
752 746 749
995 890 999
995 999 978
853 852 975
853 975 976
1173 863 1150
1017 979 922
1017 922 606
979 957 922
957 956 858
957 858 861
858 956 1175
858 1175 1176
973 972 968
973 968 969
731 655 654
731 654 732
681 1021 1170
647 1019 1020
647 1020 680
774 1127 865
1160 671 781
671 620 669
761 716 736
1015 1122 645
801 622 760
943 1177 1156
943 1156 944
1155 1157 1001
1155 1001 1000
1178 1177 943
1178 943 772
722 621 671
622 621 720
1012 856 1179
949 948 912
949 912 911
986 983 967
986 967 964
1180 1011 963
1180 963 875
994 1180 875
994 875 874
953 952 881
953 881 880
977 953 880
977 880 975
984 983 917
984 917 1176
986 985 1181
986 1181 918
1013 1163 1162
1013 1162 988
995 991 990
995 990 915
994 993 1182
994 1182 928
991 977 975
991 975 852
855 998 1175
855 1175 1179
936 1182 948
899 902 1181
899 1181 926
857 856 1149
857 1149 886
1173 1151 1149
1173 1149 913
951 949 911
951 911 952
915 990 989
915 989 916
884 1151 1013
884 1013 981
984 998 973
984 973 969
626 721 722
625 718 626
720 721 623
623 718 614
919 861 860
625 627 747
626 1160 627
776 779 1171
776 1171 1172
706 652 655
790 789 653
790 653 652
792 790 762
762 790 652
1183 1184 1185
1183 1185 755
1186 845 844
1186 844 1187
1188 1189 823
1188 823 821
838 1190 773
838 773 834
831 1191 1192
831 1192 828
1193 1194 1195
1193 1195 1196
1190 848 674
1190 674 773
1197 847 843
1198 1199 1200
1201 1197 843
635 634 738
635 738 737
724 687 686
724 686 725
687 748 733
687 733 685
755 635 737
755 737 1183
817 816 826
817 826 825
765 835 686
765 686 684
818 839 835
818 835 765
1028 1031 1025
1028 1025 1024
1115 1037 1036
1115 1036 1112
1043 1046 1049
1043 1049 1051
1120 1052 1049
1120 1049 1048
1054 1046 1043
1054 1043 1042
1075 1074 1082
1075 1082 1081
1062 1078 1077
1062 1077 1063
1079 1078 1075
1079 1075 1081
1112 1036 1052
1112 1052 1120
1074 1031 1030
1074 1030 1082
755 1185 1202
755 1202 754
1200 1195 1194
1200 1194 1198
1203 723 726
1203 726 832
1204 727 723
1204 723 1203
822 740 739
822 739 705
740 823 1183
740 1183 737
1187 824 827
1187 827 1186
836 833 726
836 726 725
840 837 833
840 833 836
1066 1067 1108
1066 1108 1107
1069 1068 1093
1069 1093 1090
1073 1070 1069
1073 1069 1090
1048 1070 1072
1048 1072 1120
1099 1080 1083
1099 1083 1101
1084 1080 1099
1084 1099 1087
1079 1084 1086
1079 1086 1076
1109 1114 1113
1109 1113 1110
1110 1113 1072
1110 1072 1071
823 1189 1184
823 1184 1183
1196 1192 1191
1196 1191 1193
736 634 761
761 634 633
735 739 736
736 739 738
708 727 713
713 727 1204
707 748 708
708 748 728
1066 1083 1082
1066 1082 1030
757 1205 1206
757 1206 756
754 1202 1205
754 1205 757
821 820 1207
821 1207 1188
705 704 768
705 768 822
615 717 761
615 761 640
717 716 761
1008 1007 1126
1008 1126 1208
1006 892 932
1006 932 1005
892 891 933
892 933 932
933 891 916
933 916 1162
989 988 1162
989 1162 916
1152 1209 1145
1145 1209 1125
1145 1125 1147
1146 1004 931
1146 931 1148
1148 931 930
1148 930 1150
930 1163 1150
849 1210 1211
849 1211 729
767 751 750
767 750 1211
1212 711 710
1212 710 753
673 672 1203
673 1203 832
672 753 1204
753 710 1204
713 710 663
713 663 712
712 663 662
712 662 1213
1138 1213 662
1138 662 796
796 1140 803
796 803 1138
1140 1133 643
1140 643 803
1133 1132 644
1133 644 643
1132 1167 644
766 742 1214
766 1214 1215
742 741 1216
742 1216 1214
1164 734 716
1164 716 676
625 676 715
715 676 716
730 1217 1212
730 1212 675
1217 745 711
1217 711 1212
745 744 660
745 660 711
744 794 661
744 661 660
797 661 794
797 794 793
793 1169 1141
793 1141 797
1169 1168 1130
1169 1130 1141
1168 1170 1131
1168 1131 1130
1170 1166 1131
729 1211 750
729 750 730
750 749 1217
750 1217 730
749 746 745
749 745 1217
1215 743 746
1215 746 766
1204 710 713
1214 1209 1152
1214 1152 1215
1208 1216 1008
1208 1209 1214
1208 1214 1216
739 735 702
735 734 741
735 741 702
734 1164 1216
734 1216 741
1164 1008 1216
1152 1153 743
1152 743 1215
1153 794 744
1145 806 1152
795 794 1153
793 795 1129
1153 744 743
1173 1150 1163
781 771 770
781 770 1160
771 783 1178
771 1178 772
809 808 1128
809 1128 1127
924 1002 1003
924 1003 923
1006 1007 1002
1006 1002 924
1124 1123 774
1124 774 777
1208 1126 1125
1208 1125 1209
809 1123 1122
809 1122 804
1147 808 807
1147 807 1145
1159 1161 770
1159 770 769
1005 1126 1007
1005 1007 1006
1147 1125 1004
1147 1004 1146
1124 646 645
1158 996 999
627 1161 1003
627 1003 747
1161 1159 923
1161 923 1003
1159 1158 889
1159 889 923
889 1158 999
889 999 890
996 1158 1010
1010 1158 942
1010 942 945
1218 940 907
913 863 1173
709 1219 762
709 762 706
1219 792 762
1219 1137 792
1137 791 792
1137 802 1139
1137 1139 791
802 642 763
802 763 1139
712 1213 1219
712 1219 709
1213 1138 1137
1213 1137 1219
642 641 764
642 764 763
641 1023 764
641 1142 1023
607 921 608
921 607 919
896 895 667
896 667 665
898 896 665
898 665 609
667 895 905
667 905 616
905 974 616
974 1220 1000
898 921 920
898 920 897
1220 1221 1000
908 907 1221
908 1221 1220
974 908 1220
616 974 866
1000 1221 1155
1221 941 1155
1221 907 941
903 901 937
901 900 938
900 992 959
992 935 958
939 935 934
939 934 906
934 1218 906
1154 947 946
941 940 1154
940 947 1154
906 1218 907
937 901 938
938 900 959
940 1218 947
1218 934 947
947 936 948
1154 945 941
959 992 958
958 935 939
992 929 935
925 900 899
899 901 902
860 903 937
974 1000 866
922 957 861
971 854 857
1222 1223 1224
1222 1224 1225
1226 1227 1228
1226 1228 1229
612 1230 1231
612 1231 613
1232 1233 618
1232 618 617
1234 1235 1236
1237 624 613
1237 613 1231
1238 1239 1240
1241 1242 1243
1241 1243 1244
1245 1246 1247
1245 1247 1248
1249 639 638
1249 1250 639
1251 1252 1253
1251 1253 1254
1255 1256 1257
1258 1259 1260
1258 1260 1261
1262 1263 654
1262 654 653
1264 659 658
1264 658 1265
1266 1267 1268
1266 1268 1269
1270 1271 1229
1270 1229 1228
1233 1232 1272
1233 1272 1273
1271 1270 1273
1271 1273 1272
1227 1222 1241
1227 1241 1244
668 670 1234
668 1234 1274
1236 1275 1234
1276 1277 1278
1276 1278 1279
1280 1281 1238
1282 1283 1284
1282 1284 1285
1286 683 659
1286 659 1264
1264 1287 1288
1264 1288 1286
1288 1287 1289
1288 1289 1290
1291 1292 1293
1291 1293 1294
1292 1273 1270
1292 1270 1293
1295 1296 1292
1295 1292 1291
1297 1298 1299
1297 1299 1300
1222 1227 1226
1222 1226 1223
1301 1241 1222
1301 1222 1225
1302 1228 1227
1302 1227 1244
1303 1304 1300
1303 1300 1299
1228 1302 1293
1228 1293 1270
1305 1306 1307
1305 1307 1308
1309 1310 1311
1309 1311 1312
1267 1266 1313
1267 1313 1314
1311 1310 1315
1311 1315 1316
1250 1230 612
1250 612 714
1317 1318 1319
1317 1238 1320
624 1237 1321
624 1321 719
1320 1240 1322
1322 1323 1236
1324 1325 1326
1324 1326 1327
1328 1324 1327
1328 1327 1329
1330 1276 1279
1330 1279 1331
1328 1329 1311
1265 658 732
1265 732 1332
1332 1312 1333
1332 1333 1265
1334 1319 1335
1334 1335 1336
1337 1338 1339
1337 1339 1340
1341 1342 1305
1341 1305 1308
1343 1344 1345
1343 1345 1346
1347 1238 1281
1273 1292 1296
1273 1296 1233
1327 1289 1348
1327 1348 1329
1348 1333 1312
1340 1335 1247
1349 1350 1351
1349 1351 1352
1278 1353 1279
1306 1305 1339
1354 1355 1246
1354 1246 1245
756 1356 1357
756 1357 638
1286 1358 758
1286 758 683
1230 1317 1320
1230 1320 1231
1322 1237 1320
1236 1321 1322
719 1321 760
1250 1249 1248
1250 1248 1359
1360 1309 1262
1287 1264 1265
1287 1265 1333
1357 1245 1248
1357 1248 1249
1361 1258 1261
1361 1261 1362
1332 1263 1309
1332 1309 1312
1245 1357 1356
1245 1356 1354
1288 1363 1358
1288 1358 1286
1230 1318 1317
1364 1341 1308
1364 1308 1352
1365 1349 1307
1365 1307 1366
1349 1352 1308
1349 1308 1307
1367 1368 1369
1367 1369 1370
1277 1276 1371
1372 1373 1374
1372 1374 1375
1374 1376 1377
1374 1377 1375
1285 1284 1256
1285 1256 1255
1233 1296 780
1233 780 618
783 782 1378
783 1378 1369
1294 1293 1302
1294 1302 1379
1296 1295 785
1296 785 780
1380 1242 1241
1380 1241 1301
1244 1243 1379
1244 1379 1302
1381 1382 789
1381 789 788
1383 1384 1382
1383 1382 1381
1385 1386 1387
1388 1389 1269
1388 1269 1268
1390 1299 1298
1390 1298 1391
1299 1390 1392
1299 1392 1303
801 1235 670
1254 1253 1393
1254 1393 1394
1395 1396 1397
1395 1397 1398
1395 1399 1400
1395 1400 1396
1401 1402 1403
1401 1403 1404
814 1401 1404
814 1404 815
1402 1405 1406
1402 1406 1403
1407 1408 1358
1407 1358 1363
1409 1366 1410
1409 1410 1411
1410 1338 1412
1410 1412 1411
1413 1414 1415
1413 1415 1416
1417 1418 1419
1417 1419 1420
1421 1422 1423
1421 1423 1325
1422 1421 1277
1422 1277 1371
1326 1424 1425
1326 1425 1290
1422 1426 1427
1422 1427 1423
1424 1428 1429
1424 1429 1425
1430 1431 1432
1433 1420 1419
1433 1419 1434
1276 1330 1435
1276 1435 1436
1437 1438 1439
1437 1439 1440
1441 1442 1443
1441 1443 1444
1445 1446 1447
1445 1447 1448
1449 1450 1451
1449 1451 1452
1453 1232 617
1453 617 867
1440 1454 1455
1440 1455 1437
1456 1457 1377
1458 1459 1460
1458 1460 1461
1462 1463 1464
1462 1464 1465
1466 1467 1468
1466 1468 1469
1470 1471 1472
1473 1474 1475
1473 1475 1476
1476 1477 1478
1476 1478 1473
1479 1480 1481
1479 1481 1482
1483 1484 1480
1483 1480 1479
1485 1486 1487
1488 1489 1486
1482 1481 1490
1491 1492 1493
1491 1493 1494
1495 1464 1496
1495 1496 1497
1498 1452 1499
1473 1478 1500
1473 1500 1501
1489 1502 1503
1489 1503 1448
1504 1505 1506
1504 1507 1224
1504 1224 1223
1229 1484 1505
1229 1505 1226
1375 1377 1457
1508 1509 1476
1508 1476 1475
1510 1511 1512
1510 1512 1485
1510 1513 1514
1510 1514 1511
1515 1516 1517
1515 1517 1518
1519 1520 1513
1519 1513 1521
1506 1483 1522
1506 1522 1523
1447 1504 1506
1447 1506 1523
1524 1525 1492
1524 1492 1491
1526 1494 1527
1528 1529 1530
1528 1530 1531
1532 1533 1534
1532 1534 1535
1536 1537 1538
1536 1538 1539
1540 1541 1542
1540 1542 1543
1544 1545 1479
1544 1479 1482
1545 1522 1483
1545 1483 1479
1524 1544 1482
1524 1482 1525
1535 1520 1519
1546 1547 1548
1546 1548 1549
1547 1459 1458
1547 1458 1548
1549 1550 1551
1549 1551 1546
1552 1553 1551
1552 1551 1550
1554 1555 1553
1554 1553 1552
1556 1557 1441
1441 1558 1559
1441 1559 1556
1463 1462 1461
1463 1461 1460
1504 1446 1507
1525 1490 1560
1492 1560 1493
1561 1562 1467
1561 1467 1466
1563 1564 1537
1563 1537 1536
1541 1540 1456
1541 1456 1565
1540 1566 1457
1540 1457 1456
1472 1567 1568
1472 1568 1470
1555 1569 1570
1555 1570 1553
1551 1571 1572
1551 1572 1546
1573 1454 1574
1573 1574 1575
1439 1576 1577
1439 1577 1440
1447 1489 1448
1510 1487 1578
1510 1578 1513
1460 1579 1580
1460 1580 1463
1581 1576 1564
1581 1564 1563
1582 1536 1539
1582 1539 1583
1558 1441 1444
1558 1444 1584
1585 1563 1536
1585 1536 1582
1586 1453 867
1586 867 1001
1368 1367 1528
1368 1528 1531
1347 1281 1587
1347 1587 1588
1589 1516 1515
1589 1515 1590
1477 1476 1509
1477 1509 1591
1281 1592 1593
1281 1593 1587
1580 1496 1464
1580 1464 1463
1495 1594 1465
1495 1465 1464
1582 1583 1595
1572 1596 1547
1572 1547 1546
1597 1566 1540
1597 1540 1543
1575 1598 1568
1575 1568 1573
1285 1599 1600
1285 1600 1282
1298 1297 1601
1298 1601 1602
1473 1501 1581
1473 1581 1474
1256 1603 1604
1256 1604 1257
1605 1284 1283
1605 1283 1606
1261 1260 1607
1261 1607 1608
1609 1610 1611
1609 1611 1612
1613 1614 1615
1613 1615 1616
1617 1618 1619
1617 1619 1620
1618 1617 1621
1618 1621 1622
1623 1624 1625
1623 1625 1626
1627 1628 1629
1627 1629 1630
1631 1632 1633
1631 1633 1634
1629 1635 1624
1629 1624 1623
1636 1626 1637
1636 1637 1632
1638 1639 1631
1638 1631 1634
1623 1626 1636
1623 1636 1630
1623 1630 1629
1628 1640 1635
1628 1635 1629
1641 1642 1643
1641 1643 1644
1645 1643 1642
1645 1642 1646
1641 1647 1648
1641 1648 1649
1649 1650 1642
1649 1642 1641
1642 1650 1646
1651 1652 1616
1651 1616 1615
1634 1653 1654
1634 1654 1638
1655 1653 1634
1655 1634 1633
1656 1657 1655
1656 1655 1658
1650 1659 1660
1650 1660 1646
1661 1662 1663
1661 1663 1664
1650 1649 1663
1650 1663 1659
1665 1666 1667
1665 1667 1668
1662 1669 1665
1662 1665 1668
1670 1671 1669
1670 1669 1672
1657 1656 1673
1657 1673 1674
1657 1674 1675
1657 1675 1676
1677 1678 1676
1677 1676 1675
1679 1677 1675
1680 1681 1682
1680 1682 1683
1671 1670 1683
1671 1683 1682
1684 1671 1682
1684 1682 1685
1684 1685 1686
1687 1685 1682
1687 1682 1688
1689 1690 1685
1689 1685 1687
1691 1692 1693
1694 1695 1696
1697 1698 1699
1697 1699 1700
1701 1702 1679
1701 1679 1675
1675 1674 1703
1675 1703 1701
1674 1673 1704
1674 1704 1703
1626 1625 1619
1626 1619 1618
1626 1618 1622
1626 1622 1637
1700 1658 1705
1700 1705 1697
1656 1696 1695
1656 1695 1673
1673 1695 1704
1691 1693 1686
1691 1686 1690
1691 1690 1689
1693 1651 1666
1693 1666 1686
1646 1660 1614
1646 1614 1612
1645 1646 1612
1645 1612 1611
1365 1706 1707
1708 1391 1298
1708 1298 1602
1255 1709 1710
1255 1710 1711
1589 1590 1712
1589 1712 1713
1450 1449 1714
1450 1714 1715
1375 1451 1450
1715 1399 1710
1398 1599 1711
1398 1711 1395
1600 1599 1398
1600 1398 1716
1717 1718 1719
1717 1719 1720
1285 1255 1599
1373 1709 1257
1373 1257 1721
1135 1259 1258
1135 1258 1722
1393 1723 1724
1393 1724 1394
1722 1258 1361
1722 1361 1725
1718 1717 1726
1718 1726 1727
1252 1251 1728
1358 1408 1143
1358 1143 758
1647 1641 1644
1647 1644 1729
1396 1730 1397
1400 1714 1731
1400 1731 1732
1449 1733 1731
1449 1731 1714
1716 1398 1397
1716 1397 1386
1734 1498 1597
1734 1597 1443
1457 1566 1499
1457 1499 1451
1733 1449 1452
1733 1452 1735
1471 1470 1736
1471 1736 1734
1499 1452 1451
1499 1566 1597
1499 1597 1498
1386 1397 1737
1386 1737 1738
1468 1594 1495
1468 1495 1469
1469 1495 1497
1469 1497 1538
1539 1533 1532
1539 1532 1583
1583 1532 1739
1583 1739 1595
1595 1739 1529
1529 1527 1740
1529 1740 1530
1740 1157 1156
1740 1156 1530
1528 1367 1741
1528 1741 1742
1743 1239 1744
1743 1744 1370
1240 1743 1323
1323 1743 1275
1275 1378 1274
1274 1378 668
1745 1518 1517
1745 1517 1746
1454 1440 1577
1454 1577 1574
1592 1281 1280
1592 1280 1747
1454 1573 1748
1454 1748 1455
1720 1719 1749
1720 1749 1750
1600 1751 1752
1600 1752 1282
1282 1752 1753
1282 1753 1283
788 1135 1722
788 1722 1381
1381 1722 1725
1381 1725 1383
1727 1726 1389
1727 1389 1388
1751 1600 1716
1751 1716 1385
1565 1456 1601
1601 1377 1376
1601 1376 1602
1602 1376 1754
1602 1754 1708
1224 1601 1297
1224 1297 1225
1225 1297 1300
1225 1300 1301
1301 1300 1304
1301 1304 1380
1374 1373 1721
1374 1721 1755
1746 1756 1736
1746 1736 1598
1567 1748 1573
1567 1573 1568
1442 1557 1757
1352 1351 1346
1352 1346 1364
1581 1563 1585
1581 1585 1474
1438 1562 1561
1438 1561 1439
1756 1735 1452
1601 1224 1507
1601 1507 1565
1565 1507 1541
1541 1446 1445
1541 1445 1542
1758 1542 1445
1758 1445 1759
1558 1555 1554
1558 1554 1559
654 1263 1332
654 1332 732
1283 1753 1606
1256 1284 1605
1256 1605 1603
1372 1450 1715
1743 1378 1275
1275 1274 1234
1359 1335 1319
1599 1255 1711
801 760 1235
1531 1530 1156
1531 1156 1177
1740 1586 1001
1740 1001 1157
1178 1368 1531
1178 1531 1177
1323 1275 1236
1235 1321 1236
1597 1543 1760
1496 1534 1533
1496 1533 1497
1571 1551 1553
1571 1553 1570
1761 1459 1547
1761 1547 1596
1579 1460 1459
1579 1459 1761
1537 1466 1469
1537 1469 1538
1564 1561 1466
1564 1466 1537
1569 1759 1503
1569 1503 1570
1571 1502 1762
1571 1762 1572
1598 1575 1745
1598 1745 1746
1581 1501 1577
1581 1577 1576
1579 1514 1763
1579 1763 1580
1576 1439 1561
1576 1561 1564
1444 1760 1758
1444 1758 1584
1520 1534 1763
1762 1488 1485
1762 1485 1512
1442 1471 1734
1442 1734 1443
1756 1498 1734
1756 1734 1736
1497 1533 1539
1497 1539 1538
1501 1500 1574
1501 1574 1577
1470 1568 1598
1470 1598 1736
1569 1555 1558
1569 1558 1584
1240 1323 1322
1238 1240 1320
1321 1237 1322
1237 1231 1320
1504 1447 1446
1238 1347 1239
1240 1239 1743
1374 1755 1754
1374 1754 1376
1309 1263 1262
1382 1262 653
1382 653 789
1384 1360 1382
1360 1262 1382
1764 1355 1765
1764 1765 1766
1767 1768 1769
1767 1769 1770
1771 1411 1412
1771 1412 1772
1426 1422 1371
1426 1371 1773
1418 1417 1774
1418 1774 1775
1776 1777 1778
1776 1778 1779
1773 1371 1276
1773 1276 1436
1780 1431 1434
1781 1782 1783
1784 1431 1780
1246 1337 1340
1246 1340 1247
1327 1326 1290
1327 1290 1289
1289 1287 1333
1289 1333 1348
1355 1764 1337
1355 1337 1246
1405 1416 1415
1405 1415 1406
1363 1288 1290
1363 1290 1425
1407 1363 1425
1407 1425 1429
1613 1609 1612
1613 1612 1614
1698 1697 1622
1698 1622 1621
1630 1636 1632
1630 1632 1631
1705 1633 1632
1705 1632 1637
1639 1627 1630
1639 1630 1631
1659 1668 1667
1659 1667 1660
1649 1648 1664
1649 1664 1663
1662 1668 1659
1662 1659 1663
1697 1705 1637
1697 1637 1622
1660 1667 1615
1660 1615 1614
1355 1354 1785
1355 1785 1765
1786 1787 1779
1786 1779 1778
1788 1421 1325
1788 1325 1324
1789 1788 1324
1789 1324 1328
1410 1306 1339
1410 1339 1338
1338 1337 1764
1338 1764 1412
1768 1767 1414
1768 1414 1413
1424 1326 1325
1424 1325 1423
1428 1424 1423
1428 1423 1427
1651 1693 1692
1651 1692 1652
1653 1676 1678
1653 1678 1654
1657 1676 1653
1657 1653 1655
1633 1705 1658
1633 1658 1655
1684 1686 1666
1684 1666 1665
1669 1671 1684
1669 1684 1665
1662 1661 1672
1662 1672 1669
1694 1696 1700
1694 1700 1699
1696 1656 1658
1696 1658 1700
1412 1764 1766
1412 1766 1772
1777 1776 1775
1777 1775 1774
1335 1359 1247
1359 1248 1247
1336 1335 1339
1335 1340 1339
1311 1316 1328
1316 1789 1328
1312 1311 1348
1311 1329 1348
1651 1615 1667
1651 1667 1666
1356 756 1206
1356 1206 1790
1354 1356 1790
1354 1790 1785
1411 1771 1791
1411 1791 1409
1306 1410 1366
1306 1366 1307
1230 1250 1359
1230 1359 1318
1318 1359 1319
1592 1792 1712
1592 1712 1593
1591 1590 1515
1591 1515 1477
1477 1515 1518
1477 1518 1478
1500 1478 1518
1500 1518 1745
1575 1574 1500
1575 1500 1745
1737 1730 1793
1713 1793 1730
1713 1730 1732
1516 1589 1731
1516 1731 1733
1517 1516 1733
1517 1733 1735
1517 1735 1746
1794 1795 1435
1794 1435 1330
1350 1349 1365
1350 1365 1794
1796 1353 1314
1796 1314 1313
1277 1421 1788
1277 1788 1278
1278 1788 1789
1353 1789 1314
1267 1314 1316
1267 1316 1315
1268 1267 1315
1268 1315 1797
1723 1388 1268
1723 1268 1797
1388 1723 1393
1388 1393 1727
1727 1393 1253
1727 1253 1718
1718 1253 1252
1718 1252 1719
1719 1252 1749
1364 1798 1799
1364 1799 1341
1341 1799 1800
1341 1800 1342
1747 1280 1319
1747 1319 1334
1238 1317 1280
1317 1319 1280
1331 1279 1796
1331 1796 1801
1801 1796 1313
1801 1313 1343
1343 1313 1266
1343 1266 1344
1344 1266 1269
1344 1269 1387
1389 1385 1387
1389 1387 1269
1385 1389 1726
1385 1726 1751
1751 1726 1717
1751 1717 1752
1752 1717 1720
1752 1720 1753
1753 1720 1750
1350 1794 1330
1350 1330 1331
1350 1331 1801
1350 1801 1351
1351 1801 1343
1351 1343 1346
1798 1364 1346
1798 1346 1345
1789 1316 1314
1799 1798 1737
1799 1737 1793
1792 1592 1800
1792 1800 1799
1792 1799 1793
1339 1305 1336
1336 1305 1342
1336 1342 1334
1334 1342 1800
1334 1800 1747
1747 1800 1592
1737 1798 1345
1737 1345 1738
1738 1344 1387
1730 1737 1397
1386 1738 1387
1385 1716 1386
1738 1345 1344
1756 1746 1735
1370 1369 1378
1370 1378 1743
1369 1368 1178
1369 1178 783
1399 1715 1714
1399 1714 1400
1588 1587 1509
1588 1509 1508
1587 1593 1591
1587 1591 1509
1709 1373 1372
1709 1372 1710
1713 1712 1792
1713 1792 1793
1399 1395 1711
1399 1711 1710
1732 1730 1396
1732 1396 1400
1370 1744 1741
1370 1741 1367
1593 1712 1590
1593 1590 1591
1732 1731 1589
1732 1589 1713
1709 1255 1257
1742 1585 1582
1239 1347 1588
1239 1588 1744
1744 1588 1508
1744 1508 1741
1741 1508 1475
1741 1475 1742
1585 1742 1475
1585 1475 1474
1582 1595 1742
1528 1742 1595
1528 1595 1529
1802 1494 1526
1498 1756 1452
1310 1309 1360
1310 1360 1803
1803 1360 1384
1803 1384 1724
1724 1384 1383
1724 1383 1725
1724 1725 1394
1394 1725 1361
1394 1361 1254
1315 1310 1803
1315 1803 1797
1797 1803 1724
1797 1724 1723
1254 1361 1362
1254 1362 1251
1251 1362 1608
1251 1608 1728
1223 1226 1505
1505 1504 1223
1480 1271 1272
1480 1272 1481
1484 1229 1271
1484 1271 1480
1490 1481 1272
1490 1272 1232
1490 1232 1560
1560 1586 1804
1484 1483 1506
1484 1506 1505
1804 1586 1805
1805 1494 1493
1805 1493 1804
1560 1804 1493
1232 1453 1560
1586 1740 1805
1805 1740 1527
1805 1527 1494
1489 1523 1486
1486 1522 1487
1487 1545 1578
1578 1544 1521
1519 1521 1524
1519 1524 1491
1519 1491 1802
1739 1532 1535
1527 1739 1526
1526 1739 1535
1491 1494 1802
1523 1522 1486
1522 1545 1487
1526 1535 1802
1802 1535 1519
1535 1534 1520
1739 1527 1529
1545 1544 1578
1544 1524 1521
1578 1521 1513
1510 1485 1487
1485 1488 1486
1447 1523 1489
1560 1453 1586
1507 1446 1541
1557 1442 1441
636 638 639
1249 638 1357
640 639 714
639 1250 714
1806 1807 1808
1806 1808 1809
1810 1811 1812
1810 1812 1813
1814 1815 1816
1814 1816 1817
1818 1814 1817
1818 1817 1819
1807 1818 1819
1807 1819 1808
1820 1821 1822
1820 1822 1823
1824 1825 1826
1824 1826 1827
1828 1829 1830
1828 1830 1831
1832 1833 1829
1832 1829 1828
1823 1822 1833
1823 1833 1832
1824 1834 1835
1824 1835 1825
1834 1831 1830
1834 1830 1835
1835 1830 1836
1815 1810 1813
1815 1813 1816
1837 1838 1839
1837 1839 1840
1841 1842 1843
1841 1843 1844
1845 1846 1847
1845 1847 1848
1848 1847 1849
1848 1849 1850
1850 1849 1838
1850 1838 1837
1851 1852 1853
1851 1853 1854
1855 1856 1857
1855 1857 1858
1859 1860 1861
1859 1861 1862
1860 1863 1864
1860 1864 1861
1863 1851 1854
1863 1854 1864
1865 1866 1857
1865 1857 1856
1859 1862 1867
1859 1867 1868
1868 1867 1866
1868 1866 1865
1869 1870 1871
1872 1869 1871
1844 1843 1846
1844 1846 1845
1873 1874 1875
1873 1875 1876
1877 1878 1879
1877 1879 1880
1881 1882 1883
1881 1883 1884
1884 1883 1885
1884 1885 1886
1886 1885 1874
1886 1874 1873
1887 1888 1889
1887 1889 1890
1891 1892 1893
1891 1893 1894
1895 1896 1872
1895 1872 1897
1898 1899 1896
1898 1896 1895
1890 1889 1899
1890 1899 1898
1900 1901 1892
1900 1892 1891
1900 1902 1901
1897 1872 1871
1880 1879 1882
1880 1882 1881
1903 1904 1905
1903 1905 1906
1907 1908 1909
1907 1909 1910
1911 1912 1913
1911 1913 1914
1915 1916 1912
1915 1912 1911
1906 1905 1916
1906 1916 1915
1917 1918 1919
1917 1919 1920
1921 1922 1923
1921 1923 1924
1925 1926 1927
1925 1927 1928
1929 1925 1928
1929 1928 1930
1918 1929 1930
1918 1930 1919
1921 1924 1931
1921 1931 1932
1926 1932 1931
1926 1931 1927
1931 1933 1927
1914 1913 1908
1914 1908 1907
1934 1935 1936
1934 1936 1937
1938 1939 1940
1938 1940 1941
1942 1943 1944
1942 1944 1945
1943 1946 1947
1943 1947 1944
1946 1934 1937
1946 1937 1947
1948 1949 1950
1948 1950 1951
1952 1953 1954
1952 1954 1955
1956 1957 1958
1956 1958 1959
1959 1958 1960
1959 1960 1961
1961 1960 1949
1961 1949 1948
1962 1955 1954
1962 1954 1963
1956 1964 1965
1956 1965 1957
1964 1962 1963
1964 1963 1965
1966 1967 1968
1969 1967 1966
1939 1942 1945
1939 1945 1940
1970 1971 1972
1970 1972 1973
1974 1975 1976
1974 1976 1977
1978 1979 1980
1978 1980 1981
1979 1982 1983
1979 1983 1980
1982 1970 1973
1982 1973 1983
1984 1985 1986
1984 1986 1987
1988 1989 1990
1988 1990 1991
1992 1993 1969
1992 1969 1994
1995 1992 1994
1995 1994 1996
1985 1995 1996
1985 1996 1986
1997 1988 1991
1997 1991 1998
1997 1998 1999
1993 1967 1969
1975 1978 1981
1975 1981 1976
2000 2001 2002
2000 2002 2003
2003 2002 2004
2003 2004 2005
2006 2007 2008
2006 2008 2009
2010 2011 2012
2010 2012 2013
2014 2015 2016
2014 2016 2017
2018 2019 2020
2018 2020 2021
2013 2007 2022
2013 2022 2023
2023 2022 2024
2023 2024 2025
2026 2027 2028
2026 2028 2029
2029 2028 2014
2029 2014 2030
2021 2015 2031
2021 2031 2032
2032 2031 2033
2032 2033 2034
2035 2036 2037
2035 2037 2038
2038 2037 2006
2038 2006 2039
2025 2024 2040
2025 2040 2041
2042 2043 2027
2042 2027 2026
2034 2033 2044
2034 2044 2045
2046 2047 2036
2046 2036 2035
2041 2040 2048
2041 2048 2049
2049 2048 2050
2049 2050 2051
2001 2050 2048
2052 2053 2054
2052 2054 2055
2055 2054 2043
2055 2043 2042
2045 2044 2056
2045 2056 2057
2057 2056 2058
2057 2058 2059
2060 2058 2056
2005 2004 2061
2005 2061 2062
2062 2061 2047
2062 2047 2046
2063 2051 2050
2063 2050 2064
2064 2050 2001
2064 2001 2000
2007 2013 2012
2007 2012 2008
2015 2021 2020
2015 2020 2016
2024 2022 2037
2024 2037 2036
2006 2037 2022
2006 2022 2007
2033 2031 2028
2033 2028 2027
2014 2028 2031
2014 2031 2015
2036 2047 2040
2036 2040 2024
2027 2043 2044
2027 2044 2033
2001 2048 2002
2002 2048 2061
2002 2061 2004
2047 2061 2048
2047 2048 2040
2060 2056 2065
2065 2056 2054
2065 2054 2053
2043 2054 2056
2043 2056 2044
2066 2067 2058
2066 2058 2060
2059 2058 2067
2059 2067 2068
2030 2014 2017
2030 2017 2069
2039 2006 2009
2039 2009 2070
2071 2072 2023
2071 2023 2025
2013 2023 2072
2013 2072 2010
2073 2074 2032
2073 2032 2034
2021 2032 2074
2021 2074 2018
2025 2041 2075
2025 2075 2071
2034 2045 2076
2034 2076 2073
2063 2077 2049
2063 2049 2051
2041 2049 2077
2041 2077 2075
2068 2078 2057
2068 2057 2059
2045 2057 2078
2045 2078 2076
2052 2079 2065
2052 2065 2053
2060 2065 2079
2060 2079 2066
2080 2009 2008
2080 2008 2081
2082 2012 2011
2082 2011 2083
2084 2017 2016
2084 2016 2085
2086 2020 2019
2086 2019 2087
2081 2008 2012
2081 2012 2082
2085 2016 2020
2085 2020 2086
2069 2017 2084
2069 2084 2088
2070 2009 2080
2070 2080 2089
775 871 778
775 865 864
1127 1123 809
870 1017 778
1375 1457 1451
1375 1450 1372
1715 1710 1372
1601 1456 1377
644 1167 1142
1749 1252 1728
1170 1021 1166
1606 1753 1750
649 1023 1022
1261 1608 1362
886 885 1174
1472 1471 1757
857 1174 971
1442 1757 1471
894 905 895
1482 1490 1525
1525 1560 1492
904 974 905
1100 1101 1105
1686 1685 1690
1097 1096 1103
1682 1681 1688
768 767 2090
1430 1432 1770
1430 1770 1769
1365 1366 1706
1434 1431 1433
843 847 846
820 2090 2091
1706 1409 2092
843 842 1201
1432 1431 1784
1432 1784 2093
1201 842 2094
768 2090 820
1706 1366 1409
820 2091 1207
2092 1409 1791
1210 2095 767
1210 767 1211
1365 1707 1795
1365 1795 1794
1432 2093 2096
767 2095 2090
2094 842 2097
753 675 1212
1279 1353 1796
1278 1789 1353
672 1204 1203
986 918 917
986 917 983
1180 927 926
1180 926 1011
928 927 1180
928 1180 994
984 1176 1175
984 1175 998
1176 917 859
1176 859 858
918 1181 902
918 902 903
1179 1175 956
1179 956 955
926 1181 985
926 985 1011
1570 1503 1502
1570 1502 1571
1596 1512 1511
1596 1511 1761
1761 1511 1514
1761 1514 1579
1584 1758 1759
1584 1759 1569
1448 1503 1759
1448 1759 1445
1488 1762 1502
1488 1502 1489
1542 1758 1760
1542 1760 1543
1572 1762 1512
1572 1512 1596
929 928 1182
929 1182 936
912 1182 993
1012 1179 955
1179 856 855
948 1182 912
1763 1496 1580
1520 1763 1514
1520 1514 1513
1597 1760 1443
1443 1760 1444
1763 1534 1496
620 622 670
1235 1234 670
760 622 720
1321 1235 760
668 782 781
1378 782 668
