byte offset: 0
first index: 0
index count: 9954
topology: trianglelist
format: DXGI_FORMAT_R16_UINT

0 1 2
0 2 3
4 5 6
4 6 7
5 8 2
5 2 6
2 1 9
2 9 6
1 10 11
1 11 9
12 13 9
12 9 11
13 7 6
13 6 9
14 15 13
14 13 12
15 16 7
15 7 13
17 16 15
17 15 18
14 19 18
14 18 15
14 20 21
14 21 19
20 14 12
20 12 22
20 23 24
20 24 21
23 20 22
23 22 25
26 27 17
26 17 28
17 18 29
17 29 28
19 21 30
19 30 31
32 16 17
32 17 27
32 4 7
32 7 16
10 33 34
10 34 11
22 12 11
22 11 34
22 34 35
22 35 25
34 33 36
34 36 35
37 38 39
37 39 36
40 35 36
40 36 39
40 41 25
40 25 35
33 42 37
33 37 36
42 33 10
42 10 43
43 10 1
43 1 0
44 24 23
44 23 45
25 41 45
25 45 23
44 46 47
44 47 24
30 21 24
30 24 47
48 49 50
48 50 51
52 53 54
52 54 55
56 55 54
56 54 57
49 48 58
49 58 59
60 61 62
60 62 63
51 50 63
51 63 62
54 64 65
54 65 57
64 66 67
64 67 65
60 63 65
60 65 67
63 50 57
63 57 65
68 67 66
68 66 69
70 71 72
70 72 73
61 60 74
61 74 75
76 77 78
76 78 79
80 81 82
80 82 83
81 84 85
81 85 82
86 87 88
86 88 89
90 83 89
90 89 88
90 91 80
90 80 83
86 89 92
86 92 93
89 83 82
89 82 92
85 94 92
85 92 82
94 95 93
94 93 92
85 96 97
85 97 94
98 99 97
98 97 100
100 77 76
100 76 101
98 100 101
98 101 102
99 98 103
99 103 104
105 106 103
105 103 107
108 66 64
108 64 109
54 53 109
54 109 64
108 104 69
108 69 66
110 59 58
110 58 111
88 112 113
88 113 90
52 87 86
52 86 53
108 109 93
108 93 95
109 53 86
109 86 93
32 48 51
32 51 4
48 32 27
48 27 58
61 8 5
61 5 62
4 51 62
4 62 5
114 115 116
114 116 75
58 27 26
58 26 111
117 118 119
117 119 120
121 122 123
121 123 124
125 126 127
125 127 128
129 130 131
129 131 132
133 134 135
136 137 138
139 31 30
139 30 140
141 142 143
139 144 145
146 137 147
31 139 145
31 145 148
149 150 151
149 151 152
127 126 153
127 153 154
155 156 157
158 159 160
158 160 156
161 162 163
161 163 164
153 165 166
153 166 154
125 149 152
125 152 167
132 168 169
132 169 170
171 172 173
171 174 175
176 177 178
179 180 181
182 183 181
182 181 180
91 90 113
91 113 184
185 186 28
185 28 29
187 188 111
187 111 26
140 30 47
140 47 147
189 190 118
189 118 117
191 192 193
191 193 194
194 193 195
194 195 196
188 197 110
188 110 111
198 199 159
198 159 158
161 164 200
161 200 201
201 202 59
201 59 110
203 112 88
203 88 87
203 87 52
203 52 204
204 52 55
204 55 205
56 206 205
56 205 55
207 206 59
207 59 202
208 207 202
208 202 209
210 211 212
210 212 213
212 166 165
212 165 214
202 201 200
202 200 209
215 213 216
215 216 217
218 219 165
218 165 153
186 187 26
186 26 28
220 221 222
220 222 223
221 224 225
221 225 222
224 226 227
224 227 225
227 226 228
227 228 229
205 206 207
205 207 230
230 223 204
230 204 205
223 222 203
223 203 204
222 225 112
222 112 203
225 227 113
225 113 112
227 229 184
227 184 113
231 232 122
231 122 121
233 234 134
233 134 133
235 236 237
235 237 238
239 240 124
239 124 123
135 134 241
135 241 242
119 236 235
119 235 120
149 243 244
149 244 150
149 125 128
149 128 243
150 244 245
150 245 246
150 246 247
150 247 151
196 195 248
196 248 249
250 196 249
250 249 251
232 233 133
232 133 122
122 133 135
122 135 123
239 123 135
239 135 242
252 240 239
252 239 250
253 218 153
253 153 126
165 219 254
165 254 214
254 216 214
216 254 198
216 198 217
198 158 255
198 255 217
158 156 256
158 256 255
157 257 258
157 258 259
188 260 261
188 261 197
262 260 263
262 263 264
264 263 265
264 265 266
266 265 267
266 267 268
269 270 268
269 268 267
271 261 260
271 260 262
272 273 274
272 274 275
274 276 277
274 277 275
277 276 278
277 278 279
280 163 162
280 162 281
162 261 271
162 271 281
256 156 155
155 157 259
142 144 282
49 59 206
49 206 56
49 56 57
49 57 50
115 114 283
115 283 284
116 2 8
3 115 284
3 284 285
213 212 214
213 214 216
253 286 287
253 287 218
288 219 218
288 218 287
250 251 252
178 175 174
282 289 290
163 280 291
163 291 292
164 163 292
164 292 293
200 164 293
200 293 294
209 200 294
209 294 211
217 255 295
217 295 215
296 295 255
296 255 256
155 259 297
155 297 298
259 258 299
259 299 297
213 215 300
213 300 210
215 295 301
215 301 300
295 296 302
295 302 301
296 298 303
296 303 302
303 298 297
303 297 304
304 297 299
304 299 305
208 209 211
208 211 210
306 208 210
306 210 300
220 306 300
220 300 301
221 220 301
221 301 302
224 221 302
224 302 303
226 224 303
226 303 304
228 226 304
228 304 305
307 280 281
207 208 306
207 306 230
306 220 223
306 223 230
245 244 308
245 308 309
244 243 310
244 310 308
310 243 128
310 128 291
128 127 292
128 292 291
292 127 154
292 154 293
294 293 154
294 154 166
211 294 166
211 166 212
147 47 46
147 46 146
273 145 311
273 311 274
192 191 118
192 118 190
242 241 312
241 134 236
241 236 119
134 234 237
134 237 236
313 192 314
313 314 173
248 195 315
248 315 316
315 195 193
315 193 313
313 193 192
132 170 317
132 317 129
246 130 129
246 129 247
245 309 318
245 318 182
177 176 180
177 180 179
319 320 141
273 269 148
273 148 145
148 269 267
148 267 185
186 185 267
186 267 265
186 265 263
186 263 187
187 263 260
187 260 188
321 281 271
197 261 162
197 162 161
29 31 148
29 148 185
19 31 29
19 29 18
0 322 323
0 323 43
3 285 322
3 322 0
250 239 242
250 242 312
324 169 168
324 168 325
142 320 311
320 276 274
320 274 311
273 272 270
273 270 269
167 152 326
167 326 327
152 151 328
152 328 326
253 167 327
253 327 286
151 247 329
151 329 328
247 129 317
247 317 329
246 245 182
246 182 130
182 180 131
182 131 130
330 131 180
330 180 176
331 332 324
331 324 325
332 331 333
332 333 334
168 132 131
168 131 330
333 331 335
333 335 314
331 325 336
331 336 335
325 168 330
325 330 336
337 174 171
336 330 176
336 176 174
338 339 340
338 340 341
342 343 344
342 344 345
346 270 272
346 272 347
348 252 251
348 251 349
124 350 351
124 351 121
352 353 339
352 339 338
354 352 338
354 338 355
356 357 358
356 358 355
359 360 361
264 362 363
264 363 262
268 364 365
268 365 266
366 307 321
367 368 369
277 279 370
277 370 358
341 356 355
341 355 338
371 356 341
371 341 372
373 374 375
373 375 376
377 378 379
377 379 380
124 240 381
124 381 350
341 340 382
341 382 372
383 384 342
383 342 345
385 386 387
385 387 388
251 249 389
251 389 349
390 391 392
390 392 393
389 249 248
389 248 394
395 396 384
395 384 383
397 398 399
397 399 400
401 402 378
401 378 403
362 264 266
362 266 365
231 121 351
231 351 404
364 268 270
364 270 346
405 406 407
405 407 408
240 252 348
240 348 381
369 368 309
369 309 308
409 410 411
409 411 412
410 413 414
410 414 411
415 414 413
415 413 416
417 418 419
350 418 420
350 420 351
404 351 420
404 420 421
280 307 310
280 310 291
307 369 308
307 308 310
422 392 391
422 391 423
424 175 393
424 393 392
425 409 412
425 412 426
422 394 248
422 248 316
427 428 429
427 429 430
119 118 191
119 191 241
339 353 421
339 421 420
418 417 382
418 382 340
340 339 420
340 420 418
431 432 433
431 433 434
435 436 437
435 437 438
407 439 435
407 435 408
440 441 442
440 442 443
440 443 374
440 374 373
400 444 445
400 445 397
446 447 448
446 448 449
449 450 451
449 451 446
367 446 451
367 451 452
453 369 307
454 455 437
454 437 456
372 382 457
372 457 455
371 372 455
371 455 454
346 458 441
346 441 440
346 440 373
346 373 364
381 419 418
381 418 350
414 415 348
414 348 349
349 389 411
349 411 414
389 394 412
389 412 411
426 412 394
426 394 422
415 419 381
415 381 348
416 459 419
416 419 415
460 461 459
460 459 416
183 462 463
183 463 181
368 464 318
368 318 309
177 390 393
177 393 178
427 430 465
427 465 425
466 428 467
466 467 463
466 433 429
466 429 428
463 467 179
463 179 181
365 364 373
365 373 376
362 365 376
362 376 468
363 362 468
363 468 469
359 271 262
359 262 363
460 470 345
460 345 344
403 471 472
403 472 401
473 469 468
473 468 474
345 470 475
345 475 383
395 476 465
395 465 386
383 475 476
383 476 395
360 477 478
468 376 375
468 375 474
479 461 405
479 405 408
430 429 480
430 480 387
436 435 439
436 439 481
457 482 479
457 479 438
483 484 485
483 485 486
472 471 483
472 483 486
366 361 487
488 449 448
488 448 489
449 488 490
449 490 450
491 436 481
491 481 492
406 405 344
406 344 343
387 480 493
387 493 388
480 432 494
480 494 493
201 110 197
201 197 161
469 360 359
469 359 363
469 473 477
469 477 360
495 399 398
495 398 377
366 487 447
446 367 453
446 453 447
445 444 489
445 489 448
275 357 347
275 347 272
423 427 425
423 425 426
357 275 277
357 277 358
358 370 354
358 354 355
357 356 371
357 371 347
347 371 458
347 458 346
374 471 403
374 403 375
455 457 438
455 438 437
491 484 442
491 442 456
443 483 471
443 471 374
436 491 456
436 456 437
344 405 461
344 461 460
430 387 386
430 386 465
432 480 429
432 429 433
416 413 470
416 470 460
378 377 473
378 473 474
470 413 410
470 410 475
476 409 425
476 425 465
475 410 409
475 409 476
398 397 478
398 478 477
403 378 474
403 474 375
482 459 461
482 461 479
390 177 179
390 179 467
408 435 438
408 438 479
397 445 487
397 487 478
473 377 398
473 398 477
445 448 447
445 447 487
175 178 393
434 433 466
434 466 496
497 494 432
497 432 431
459 482 417
459 417 419
482 457 382
482 382 417
424 172 171
424 171 175
278 276 320
278 320 319
256 155 298
256 298 296
84 498 96
84 96 85
143 282 499
37 500 501
37 501 38
42 502 500
42 500 37
43 323 502
43 502 42
106 105 71
106 71 70
102 107 103
102 103 98
72 283 114
72 114 73
395 386 385
395 385 396
503 199 198
503 198 254
254 219 288
254 288 503
392 422 316
392 316 424
422 423 426
314 192 190
314 190 333
172 315 313
172 313 173
424 316 315
424 315 172
333 190 189
333 189 334
391 428 427
391 427 423
391 390 467
391 467 428
335 336 174
335 174 337
173 314 335
173 335 337
167 253 126
167 126 125
157 504 505
157 505 257
73 74 68
73 68 70
496 466 463
496 463 462
484 491 492
484 492 485
484 483 443
484 443 442
458 371 454
458 454 441
441 454 456
441 456 442
241 191 194
241 194 312
464 368 367
464 367 452
312 194 196
312 196 250
140 289 139
147 136 140
452 496 462
452 462 464
490 497 431
490 431 450
451 434 496
451 496 452
318 464 462
318 462 183
450 431 434
450 434 451
182 318 183
156 160 504
156 504 157
506 507 508
506 508 509
510 511 512
510 512 513
514 515 516
514 516 517
518 519 507
518 507 506
520 521 511
520 511 510
522 523 524
522 524 525
509 508 526
509 526 527
528 529 530
528 530 531
527 526 521
527 521 520
532 533 519
532 519 518
534 535 533
534 533 532
517 516 529
517 529 528
513 512 515
513 515 514
531 530 523
531 523 522
143 142 282
499 290 138
499 282 290
178 174 176
337 171 173
282 144 289
290 289 136
142 311 144
145 144 311
139 289 144
136 138 290
147 137 136
140 136 289
141 320 142
536 537 535
536 535 534
538 539 540
538 540 541
542 543 544
542 544 545
545 544 540
545 540 546
540 544 547
540 547 541
541 547 548
541 548 549
550 548 547
550 547 551
551 547 544
551 544 543
552 550 551
552 551 553
553 551 543
553 543 554
555 556 553
555 553 554
552 553 556
552 556 557
552 557 558
552 558 559
559 560 550
559 550 552
559 558 561
559 561 562
562 563 560
562 560 559
564 565 555
564 555 566
555 565 567
555 567 556
557 568 569
557 569 558
570 566 555
570 555 554
570 554 543
570 543 542
549 548 571
549 571 572
560 571 548
560 548 550
560 563 573
560 573 571
571 573 574
571 574 572
575 574 39
575 39 38
40 39 574
40 574 573
40 573 563
40 563 41
572 574 575
572 575 576
576 577 549
576 549 572
577 538 541
577 541 549
44 45 562
44 562 561
563 562 45
563 45 41
44 561 578
44 578 46
569 578 561
569 561 558
579 580 581
579 581 582
583 584 585
583 585 586
587 588 585
587 585 584
582 589 590
582 590 579
591 592 593
591 593 594
580 593 592
580 592 581
585 588 595
585 595 596
596 595 597
596 597 598
591 597 595
591 595 592
592 595 588
592 588 581
598 597 599
598 599 600
601 602 603
601 603 604
605 591 594
605 594 606
78 607 608
78 608 79
80 609 610
80 610 81
81 610 611
81 611 84
612 613 614
612 614 615
616 614 613
616 613 609
616 609 80
616 80 91
612 617 618
612 618 613
613 618 610
613 610 609
611 610 618
611 618 619
619 618 617
619 617 620
611 619 621
611 621 622
623 624 621
623 621 625
624 626 608
624 608 607
623 627 626
623 626 624
628 623 625
628 625 629
630 631 628
630 628 632
633 634 596
633 596 598
585 596 634
585 634 586
633 598 600
633 600 629
635 636 590
635 590 589
614 616 637
614 637 638
583 586 612
583 612 615
633 620 617
633 617 634
634 617 612
634 612 586
570 542 580
570 580 579
579 590 566
579 566 570
594 593 545
594 545 546
542 545 593
542 593 580
639 640 641
639 641 606
590 636 564
590 564 566
642 643 644
642 644 645
646 647 648
646 648 649
650 651 652
650 652 653
654 655 656
654 656 657
658 659 660
661 138 137
662 663 569
662 569 568
141 143 664
662 665 666
146 667 137
568 668 665
568 665 662
669 670 671
669 671 672
652 673 674
652 674 653
675 676 677
678 677 679
678 679 680
681 682 683
681 683 684
674 673 685
674 685 686
650 687 670
650 670 669
688 689 655
688 655 690
691 692 693
691 694 695
696 697 698
699 700 701
702 701 700
702 700 703
91 184 637
91 637 616
704 567 565
704 565 705
706 564 636
706 636 707
663 667 578
663 578 569
708 642 645
708 645 709
710 711 712
710 712 713
711 714 715
711 715 712
707 636 635
707 635 716
717 678 680
717 680 718
681 719 720
681 720 682
719 635 589
719 589 721
722 615 614
722 614 638
722 723 583
722 583 615
723 724 584
723 584 583
587 584 724
587 724 725
726 721 589
726 589 725
727 728 721
727 721 726
729 730 731
729 731 732
731 733 686
731 686 685
721 728 720
721 720 719
734 735 736
734 736 730
737 674 686
737 686 738
705 565 564
705 564 706
739 740 741
739 741 742
742 741 743
742 743 744
744 743 745
744 745 746
745 229 228
745 228 746
724 747 726
724 726 725
747 724 723
747 723 740
740 723 722
740 722 741
741 722 638
741 638 743
743 638 637
743 637 745
745 637 184
745 184 229
231 646 649
231 649 232
233 658 660
233 660 234
748 238 237
748 237 749
750 648 647
750 647 751
659 752 753
659 753 660
644 643 748
644 748 749
669 672 754
669 754 755
669 755 651
669 651 650
672 756 757
672 757 754
672 671 758
672 758 756
714 759 760
714 760 715
761 762 759
761 759 714
232 649 658
232 658 233
649 648 659
649 659 658
750 752 659
750 659 648
763 761 750
763 750 751
764 653 674
764 674 737
686 733 765
686 765 738
765 733 736
736 735 717
736 717 765
717 735 766
717 766 678
678 766 767
678 767 677
676 768 769
676 769 770
707 716 771
707 771 772
773 774 775
773 775 772
774 776 777
774 777 775
776 778 779
776 779 777
780 779 778
780 778 781
782 773 772
782 772 771
783 784 785
783 785 786
785 784 787
785 787 788
787 279 278
787 278 788
789 790 684
789 684 683
684 790 782
684 782 771
767 675 677
675 768 676
664 791 666
582 587 725
582 725 589
582 581 588
582 588 587
640 792 793
640 793 641
640 639 539
539 794 792
539 792 640
730 736 733
730 733 731
764 737 795
764 795 796
797 795 737
797 737 738
761 763 762
697 695 694
791 798 799
683 800 801
683 801 789
682 802 800
682 800 683
720 803 802
720 802 682
728 732 803
728 803 720
735 734 804
735 804 766
805 767 766
805 766 804
675 806 807
675 807 768
768 807 808
768 808 769
730 729 809
730 809 734
734 809 810
734 810 804
804 810 811
804 811 805
805 811 812
805 812 806
812 813 807
812 807 806
813 305 808
813 808 807
727 729 732
727 732 728
814 809 729
814 729 727
739 810 809
739 809 814
742 811 810
742 810 739
744 812 811
744 811 742
746 813 812
746 812 744
228 305 813
228 813 746
815 816 790
726 747 814
726 814 727
814 747 740
814 740 739
757 817 818
757 818 754
754 818 819
754 819 755
819 801 651
819 651 755
651 801 800
651 800 652
800 802 673
800 673 652
803 685 673
803 673 802
732 731 685
732 685 803
667 146 46
667 46 578
786 785 820
786 820 665
713 709 645
713 645 710
752 821 753
753 644 749
753 749 660
660 749 237
660 237 234
822 692 823
822 823 713
760 824 825
760 825 715
825 822 712
825 712 715
822 713 712
826 690 655
826 655 654
756 758 654
756 654 657
757 702 827
757 827 817
698 699 701
698 701 696
319 141 828
786 665 668
786 668 780
668 704 779
668 779 780
705 777 779
705 779 704
705 706 775
705 775 777
706 707 772
706 772 775
816 829 782
716 681 684
716 684 771
567 704 668
567 668 568
557 556 567
557 567 568
538 577 830
538 830 831
539 538 831
539 831 794
761 821 752
761 752 750
832 833 689
832 689 688
664 820 828
828 820 785
828 785 788
786 780 781
786 781 783
687 834 835
687 835 670
670 835 836
670 836 671
764 796 834
764 834 687
671 836 837
671 837 758
758 837 826
758 826 654
756 657 702
756 702 757
702 657 656
702 656 701
701 656 838
701 838 696
839 833 832
839 832 840
840 841 842
840 842 839
656 655 689
656 689 838
842 823 843
842 843 839
839 843 844
839 844 833
833 844 838
833 838 689
845 691 695
844 695 696
844 696 838
846 847 848
846 848 849
850 851 852
850 852 853
854 855 783
854 783 781
856 857 762
856 762 763
647 646 858
647 858 859
352 846 849
352 849 353
354 860 846
354 846 352
861 860 862
861 862 863
829 816 864
774 773 865
774 865 866
778 776 867
778 867 868
869 864 816
870 871 872
787 862 370
787 370 279
847 846 860
847 860 861
873 874 847
873 847 861
875 876 877
875 877 878
879 880 881
879 881 882
647 859 883
647 883 751
847 874 884
847 884 848
885 851 850
885 850 886
887 888 889
887 889 890
762 857 891
762 891 759
892 893 894
892 894 895
891 896 760
891 760 759
897 885 886
897 886 898
899 900 901
899 901 902
903 904 882
903 882 905
866 867 776
866 776 774
231 404 858
231 858 646
868 854 781
868 781 778
906 907 908
906 908 909
751 883 856
751 856 763
872 818 817
872 817 910
911 912 913
911 913 914
914 913 915
914 915 916
917 918 916
917 916 915
919 920 921
859 858 922
859 922 921
404 421 922
404 922 858
789 801 819
789 819 815
815 819 818
815 818 872
923 924 895
923 895 894
925 894 893
925 893 694
926 927 912
926 912 911
923 824 760
923 760 896
928 929 930
928 930 931
644 753 710
644 710 645
849 922 421
849 421 353
921 848 884
921 884 919
848 921 922
848 922 849
932 933 934
932 934 935
936 937 938
936 938 939
908 907 936
908 936 940
941 942 943
941 943 944
941 875 878
941 878 942
900 899 945
900 945 946
947 948 949
947 949 950
948 947 951
948 951 952
870 953 951
870 951 947
871 869 815
954 955 938
954 938 956
874 956 957
874 957 884
873 954 956
873 956 874
854 941 944
854 944 958
854 868 875
854 875 941
883 859 921
883 921 920
915 857 856
915 856 917
857 915 913
857 913 891
891 913 912
891 912 896
927 923 896
927 896 912
917 856 883
917 883 920
918 917 920
918 920 959
960 918 959
960 959 961
703 700 962
703 962 963
910 817 827
910 827 964
698 697 893
698 893 892
928 926 965
928 965 929
966 962 967
966 967 931
966 931 930
966 930 934
962 700 699
962 699 967
867 876 875
867 875 868
866 968 876
866 876 867
865 969 968
865 968 866
829 865 773
829 773 782
960 852 851
960 851 970
904 903 971
904 971 972
973 974 968
973 968 969
851 885 975
851 975 970
897 890 965
897 965 976
885 897 976
885 976 975
977 864 978
968 974 877
968 877 876
979 907 906
979 906 961
929 889 980
929 980 930
939 981 940
939 940 936
957 937 979
957 979 982
983 984 985
983 985 986
971 984 983
971 983 972
869 987 864
988 989 949
988 949 948
948 952 990
948 990 988
991 992 981
991 981 939
909 853 852
909 852 906
889 888 993
889 993 980
980 993 994
980 994 935
719 681 716
719 716 635
969 865 829
969 829 977
969 977 995
969 995 973
996 879 902
996 902 901
869 871 950
947 950 871
947 871 870
945 949 989
945 989 946
784 783 855
784 855 863
924 927 926
924 926 928
863 862 787
863 787 784
862 860 354
862 354 370
863 855 873
863 873 861
855 854 958
855 958 873
878 877 904
878 904 972
956 938 937
956 937 957
991 955 943
991 943 986
942 878 972
942 972 983
939 938 955
939 955 991
852 960 961
852 961 906
929 965 890
929 890 889
935 934 930
935 930 980
918 960 970
918 970 916
882 974 973
882 973 879
970 975 914
970 914 916
976 965 926
976 926 911
975 976 911
975 911 914
902 995 978
902 978 899
904 877 974
904 974 882
982 979 961
982 961 959
892 967 699
892 699 698
907 979 937
907 937 936
899 978 987
899 987 945
973 995 902
973 902 879
945 987 950
945 950 949
694 893 697
933 997 966
933 966 934
998 932 935
998 935 994
959 920 919
959 919 982
982 919 884
982 884 957
925 694 691
925 691 693
278 319 828
278 828 788
767 805 806
767 806 675
84 611 622
84 622 498
143 499 791
575 38 501
575 501 999
576 575 999
576 999 1000
577 576 1000
577 1000 830
632 601 604
632 604 630
627 623 628
627 628 631
603 602 641
603 641 793
897 898 887
897 887 890
1001 765 717
1001 717 718
765 1001 797
765 797 738
894 925 824
894 824 923
923 927 924
823 842 709
823 709 713
693 692 822
693 822 825
925 693 825
925 825 824
842 841 708
842 708 709
895 924 928
895 928 931
895 931 967
895 967 892
843 845 695
843 695 844
692 845 843
692 843 823
687 650 653
687 653 764
676 770 1002
676 1002 1003
602 601 599
602 599 605
997 963 962
997 962 966
986 985 992
986 992 991
986 943 942
986 942 983
958 944 954
958 954 873
944 943 955
944 955 954
753 821 711
753 711 710
964 953 870
964 870 910
821 761 714
821 714 711
663 662 799
667 663 661
953 964 963
953 963 997
990 952 932
990 932 998
951 953 997
951 997 933
827 703 963
827 963 964
952 951 933
952 933 932
702 703 827
677 676 1003
677 1003 679
1004 1005 1006
1004 1006 1007
1008 1009 1010
1008 1010 1011
1012 1013 1014
1012 1014 1015
1016 1004 1007
1016 1007 1017
1018 1008 1011
1018 1011 1019
1020 525 524
1020 524 1021
1005 1022 1023
1005 1023 1006
1024 1025 1026
1024 1026 1027
1022 1018 1019
1022 1019 1023
1028 1016 1017
1028 1017 1029
1030 1028 1029
1030 1029 1031
1013 1024 1027
1013 1027 1014
1009 1012 1015
1009 1015 1010
1025 1020 1021
1025 1021 1026
143 791 664
499 138 798
499 798 791
697 696 695
845 692 691
791 799 666
798 661 799
664 666 820
665 820 666
662 666 799
661 798 138
667 661 137
663 799 661
141 664 828
536 1030 1031
536 1031 537
1032 1033 1034
1035 1036 1037
1038 1039 1033
1040 1041 1042
1043 1044 1045
1046 1047 1034
1046 1034 1048
1049 1050 1051
1052 1053 1048
1054 1055 1056
1050 1057 1058
1050 1058 1051
1059 1060 1061
1062 1057 1063
1064 1065 1066
1067 1068 1069
1067 1069 1070
1067 1071 1072
1067 1072 1073
1067 1073 1074
1067 1074 1075
1067 1075 1076
1077 1078 1068
1077 1068 1079
1080 1077 1079
1080 1079 1081
1082 1080 1081
1082 1081 1083
1084 1071 1070
1084 1070 1085
1086 1087 1076
1086 1076 1088
1048 1053 1046
1034 1047 1032
1089 1090 1039
1090 1089 1091
1063 1057 1090
1050 1049 1065
1061 1060 1052
1042 1041 1065
1042 1065 1064
1037 1041 1040
1045 1036 1035
1056 1055 1044
1056 1044 1043
1057 1062 1058
1049 1066 1065
1063 1090 1091
1089 1039 1038
1034 1033 1039
1052 1048 1061
1054 1059 1055
1086 1082 1083
1086 1083 1087
1092 1060 1059
1092 1059 1054
1036 1041 1037
1044 1036 1045
1093 1094 1095
1096 1097 1098
1099 1095 1100
1101 1102 1103
1104 1105 1106
1107 1108 1094
1107 1094 1109
1110 1111 1112
1113 1108 1114
1115 1116 1117
1112 1111 1118
1112 1118 1119
1120 1121 1122
1123 1124 1119
1125 1126 1127
1128 1129 1130
1128 1131 1129
1128 1132 1133
1128 1134 1132
1128 1135 1134
1128 1136 1135
1128 1137 1136
1130 1138 1139
1130 1139 1140
1140 1139 1141
1140 1141 1142
1142 1141 1143
1142 1143 1144
1145 1146 1131
1145 1131 1133
1147 1148 1137
1147 1137 1149
1108 1107 1114
1094 1093 1109
1150 1100 1151
1151 1152 1150
1124 1151 1119
1112 1127 1110
1121 1113 1122
1102 1125 1127
1102 1127 1103
1097 1101 1103
1105 1096 1098
1116 1104 1106
1116 1106 1117
1119 1118 1123
1110 1127 1126
1124 1152 1151
1150 1099 1100
1094 1100 1095
1113 1121 1108
1115 1117 1120
1144 1143 1147
1144 1147 1149
1153 1120 1122
1153 1115 1120
1098 1097 1103
1106 1105 1098
1154 1155 1156
1154 1156 1157
1158 1159 1160
1158 1160 1161
1161 1160 1162
1161 1162 1163
1164 1165 1163
1164 1163 1162
1166 1167 1168
1166 1168 1169
1170 1171 1172
1170 1172 1173
1164 1174 1175
1164 1175 1165
1154 1176 1177
1154 1177 1155
1156 1155 1178
1179 1180 1181
1162 1160 1182
1183 1184 1171
1183 1171 1174
1184 1185 1172
1184 1172 1171
1186 1187 1188
1186 1188 1189
1178 1155 1177
1178 1177 1187
1174 1164 1183
1190 1178 1187
1190 1187 1191
1183 1192 1193
1183 1193 1184
1193 1194 1185
1193 1185 1184
1185 1194 1195
1185 1195 1196
1187 1186 1197
1187 1197 1198
1199 1200 1201
1199 1201 1202
1203 1204 1205
1203 1205 1206
1201 1207 1208
1201 1208 1202
1206 1205 1209
1206 1209 1210
1211 1212 1204
1211 1204 1203
1213 1200 1199
1213 1199 1214
1215 1216 1217
1215 1217 1210
1218 1203 1206
1219 1220 1207
1219 1207 1221
1201 1200 1222
1198 1191 1187
1223 1181 1180
1223 1180 1224
1182 1183 1164
1182 1164 1162
1182 1225 1192
1182 1192 1183
1210 1209 1226
1210 1226 1215
1207 1220 1227
1207 1227 1208
1228 1180 1178
1228 1178 1190
1178 1180 1179
1178 1179 1156
1159 1229 1182
1159 1182 1160
1229 1230 1225
1229 1225 1182
1215 1226 1231
1215 1231 1232
1232 1233 1216
1232 1216 1215
1234 1235 1220
1234 1220 1219
1220 1235 1236
1220 1236 1227
1180 1228 1237
1180 1237 1224
1185 1167 1172
1177 1188 1187
1222 1221 1207
1222 1207 1201
1210 1217 1218
1210 1218 1206
1222 1200 1213
1211 1203 1218
1227 1236 1237
1227 1237 1228
1208 1227 1228
1208 1228 1190
1202 1208 1190
1202 1190 1191
1199 1202 1191
1199 1191 1198
1214 1199 1198
1214 1198 1197
1212 1195 1194
1212 1194 1204
1204 1194 1193
1204 1193 1205
1205 1193 1192
1205 1192 1209
1209 1192 1225
1209 1225 1226
1226 1225 1230
1226 1230 1231
1238 1239 1189
1238 1189 1188
1240 1181 1223
1240 1223 1241
1181 1240 1242
1181 1242 1179
1179 1242 1157
1179 1157 1156
1176 1238 1188
1176 1188 1177
1172 1167 1166
1172 1166 1173
1168 1167 1185
1168 1185 1196
1171 1170 1175
1171 1175 1174
1243 1244 1245
1243 1245 1246
1247 1248 1249
1247 1249 1250
1248 1251 1252
1248 1252 1249
1253 1252 1251
1253 1251 1254
1255 1256 1257
1255 1257 1258
1259 1260 1261
1259 1261 1262
1253 1254 1263
1253 1263 1264
1243 1246 1265
1243 1265 1266
1245 1267 1246
1268 1269 1270
1252 1271 1249
1272 1264 1262
1272 1262 1273
1273 1262 1261
1273 1261 1274
1275 1276 1277
1275 1277 1278
1267 1278 1265
1267 1265 1246
1264 1272 1253
1278 1267 1279
1278 1279 1280
1272 1273 1281
1272 1281 1282
1281 1273 1274
1281 1274 1283
1274 1284 1285
1274 1285 1283
1278 1286 1287
1278 1287 1275
1288 1289 1290
1288 1290 1291
1292 1293 1294
1292 1294 1295
1288 1291 1296
1288 1296 1297
1293 1298 1299
1293 1299 1294
1300 1292 1295
1300 1295 1301
1302 1303 1290
1302 1290 1289
1304 1298 1305
1304 1305 1306
1307 1293 1292
1308 1309 1297
1308 1297 1310
1288 1311 1289
1286 1278 1280
1312 1313 1270
1312 1270 1269
1271 1252 1253
1271 1253 1272
1271 1272 1282
1271 1282 1314
1298 1304 1315
1298 1315 1299
1297 1296 1316
1297 1316 1310
1317 1279 1267
1317 1267 1270
1267 1245 1268
1267 1268 1270
1250 1249 1271
1250 1271 1318
1318 1271 1314
1318 1314 1319
1304 1320 1321
1304 1321 1315
1320 1304 1306
1320 1306 1322
1323 1308 1310
1323 1310 1324
1310 1316 1325
1310 1325 1324
1270 1313 1326
1270 1326 1317
1274 1261 1258
1265 1278 1277
1311 1288 1297
1311 1297 1309
1298 1293 1307
1298 1307 1305
1311 1302 1289
1300 1307 1292
1316 1317 1326
1316 1326 1325
1296 1279 1317
1296 1317 1316
1291 1280 1279
1291 1279 1296
1290 1286 1280
1290 1280 1291
1303 1287 1286
1303 1286 1290
1301 1295 1283
1301 1283 1285
1295 1294 1281
1295 1281 1283
1294 1299 1282
1294 1282 1281
1299 1315 1314
1299 1314 1282
1315 1321 1319
1315 1319 1314
1327 1277 1276
1327 1276 1328
1329 1330 1312
1329 1312 1269
1269 1268 1331
1269 1331 1329
1268 1245 1244
1268 1244 1331
1266 1265 1277
1266 1277 1327
1261 1260 1255
1261 1255 1258
1257 1284 1274
1257 1274 1258
1262 1264 1263
1262 1263 1259
1332 1333 1334
1335 1336 1333
1335 1333 1337
1338 1339 1340
1338 1340 1341
1342 1343 1344
1342 1344 1345
1346 1347 1342
1346 1342 1345
1348 1349 1350
1351 1352 1353
1354 1355 1356
1354 1356 1357
1356 1340 1358
1332 1359 1360
1361 1362 1363
1361 1363 1364
1365 1366 1367
1365 1367 1368
1341 1369 1370
1371 1372 1373
1373 1374 1375
1373 1375 1371
1376 1377 1374
1376 1374 1373
1378 1379 1380
1378 1380 1381
1348 1382 1383
1384 1385 1386
1350 1387 1388
1350 1388 1389
1390 1376 1373
1391 1392 1387
1391 1387 1350
1393 1394 1395
1395 1396 1393
1397 1398 1399
1385 1384 1400
1401 1402 1403
1404 1405 1406
1404 1406 1407
1407 1406 1408
1409 1410 1411
1409 1411 1412
1413 1414 1415
1413 1415 1416
1417 1418 1419
1420 1417 1421
1420 1421 1422
1423 1424 1425
1426 1427 1428
1355 1354 1429
1430 1431 1432
1433 1434 1435
1436 1437 1438
1436 1438 1439
1440 1441 1442
1443 1444 1445
1443 1445 1446
1374 1387 1392
1374 1392 1375
1377 1388 1387
1377 1387 1374
1447 1427 1426
1343 1445 1444
1343 1444 1344
1448 1449 1378
1448 1378 1381
1450 1380 1379
1450 1379 1451
1452 1453 1454
1431 1455 1456
1431 1456 1432
1457 1458 1459
1457 1459 1460
1461 1462 1463
1451 1464 1450
1465 1466 1467
1468 1433 1435
1468 1435 1469
1353 1409 1412
1353 1412 1351
1467 1470 1471
1467 1471 1465
1472 1473 1474
1472 1474 1475
1458 1457 1476
1350 1349 1391
1417 1419 1477
1417 1477 1421
1420 1418 1417
1478 1479 1447
1479 1427 1447
1396 1427 1479
1480 1464 1451
1372 1390 1373
1382 1348 1350
1382 1350 1389
1436 1411 1410
1436 1410 1437
1416 1415 1471
1416 1471 1470
1469 1474 1473
1469 1473 1468
1422 1421 1447
1422 1447 1426
1452 1443 1446
1452 1446 1453
1442 1456 1455
1442 1455 1440
1421 1477 1478
1421 1478 1447
1481 1336 1362
1482 1483 1484
1485 1486 1487
1485 1487 1488
1486 1489 1490
1486 1490 1487
1489 1491 1492
1489 1492 1490
1406 1405 1493
1483 1494 1495
1483 1495 1484
1493 1496 1497
1493 1497 1406
1494 1498 1499
1494 1499 1495
1496 1500 1501
1496 1501 1497
1499 1498 1502
1499 1502 1503
1501 1500 1504
1501 1504 1505
1481 1485 1488
1362 1485 1481
1506 1507 1508
1509 1510 1511
1512 1513 1514
1334 1333 1515
1333 1336 1515
1332 1334 1359
1506 1492 1491
1506 1491 1507
1503 1502 1510
1503 1510 1509
1505 1504 1513
1505 1513 1512
1516 1517 1518
1517 1516 1519
1346 1462 1347
1520 1394 1521
1395 1394 1520
1522 1520 1521
1399 1398 1523
1400 1524 1525
1526 1527 1398
1384 1386 1401
1401 1403 1404
1401 1386 1402
1404 1403 1405
1517 1519 1360
1364 1438 1361
1438 1437 1361
1336 1335 1362
1528 1529 1530
1528 1530 1531
1531 1532 1528
1533 1534 1535
1536 1537 1538
1539 1536 1538
1539 1538 1540
1541 1533 1535
1541 1535 1542
1543 1530 1529
1543 1529 1544
1545 1541 1542
1545 1542 1546
1547 1539 1540
1547 1540 1548
1549 1550 1551
1549 1551 1552
1552 1553 1549
1554 1555 1556
1557 1558 1559
1560 1557 1559
1560 1559 1561
1562 1554 1556
1562 1556 1563
1564 1550 1565
1566 1562 1563
1566 1563 1567
1568 1560 1561
1568 1561 1569
1550 1564 1570
1550 1570 1551
1370 1369 1571
1408 1414 1413
1408 1406 1414
1571 1369 1472
1341 1370 1338
1571 1472 1475
1360 1359 1517
1572 1573 1518
1461 1573 1572
1518 1573 1516
1574 1575 1576
1574 1576 1577
1578 1579 1580
1581 1582 1583
1584 1585 1586
1587 1588 1589
1587 1589 1590
1591 1592 1593
1591 1593 1594
1595 1575 1574
1595 1574 1596
1597 1591 1594
1597 1594 1598
1599 1587 1590
1599 1590 1600
1601 1602 1603
1601 1603 1604
1605 1606 1607
1605 1607 1608
1609 1610 1611
1609 1611 1612
1604 1603 1578
1604 1578 1580
1608 1607 1584
1608 1584 1586
1583 1609 1612
1583 1612 1581
1362 1335 1363
1355 1429 1368
1368 1429 1365
1356 1358 1357
1358 1340 1339
1577 1576 1602
1577 1602 1601
1605 1589 1588
1605 1588 1606
1610 1593 1592
1610 1592 1611
1613 1614 1615
1613 1615 1616
1617 1618 1619
1617 1619 1620
1621 1622 1623
1621 1623 1624
1625 1626 1627
1625 1627 1628
1629 1630 1631
1632 1633 1634
1635 1636 1637
1638 1639 1640
1636 1614 1613
1636 1613 1637
1639 1632 1634
1641 1629 1631
1616 1615 1642
1616 1642 1643
1644 1645 1646
1644 1646 1647
1648 1649 1650
1648 1650 1651
1643 1642 1618
1643 1618 1617
1647 1646 1625
1647 1625 1628
1624 1648 1651
1624 1651 1621
1463 1462 1346
1459 1367 1652
1459 1652 1460
1367 1366 1652
1461 1653 1654
1461 1654 1573
1461 1463 1653
1516 1573 1655
1655 1573 1654
1649 1634 1633
1649 1633 1650
1644 1630 1629
1644 1629 1645
1639 1634 1640
1656 1657 1658
1656 1658 1659
1660 1661 1662
1659 1663 1664
1659 1664 1656
1665 1666 1667
1665 1667 1668
1668 1669 1670
1668 1670 1665
1658 1657 1660
1658 1660 1671
1666 1664 1663
1666 1663 1667
1662 1661 1672
1662 1672 1673
1660 1662 1671
1674 1675 1676
1674 1676 1677
1678 1679 1680
1678 1680 1681
1682 1683 1684
1682 1684 1685
1686 1687 1688
1686 1688 1689
1687 1690 1688
1678 1691 1679
1689 1692 1693
1689 1693 1686
1694 1677 1676
1694 1676 1695
1674 1693 1692
1674 1692 1675
1695 1682 1685
1695 1685 1694
1681 1680 1684
1681 1684 1683
1696 1697 1698
1696 1698 1699
1700 1701 1702
1703 1704 1705
1697 1700 1702
1697 1702 1698
1706 1707 1708
1709 1710 1711
1709 1711 1712
1713 1714 1715
1713 1715 1716
1715 1717 1718
1711 1710 1707
1711 1707 1706
1717 1715 1714
1717 1719 1718
1705 1704 1696
1705 1696 1699
1620 1619 1720
1623 1622 1721
1627 1626 1722
1723 1724 1725
1726 1727 1725
1726 1725 1728
1729 1730 1731
1729 1731 1732
1733 1734 1735
1733 1735 1736
1737 1734 1733
1737 1733 1738
1739 1740 1741
1742 1743 1744
1745 1746 1747
1745 1747 1748
1747 1749 1731
1723 1750 1751
1752 1753 1754
1752 1754 1755
1756 1757 1758
1756 1758 1759
1730 1760 1761
1762 1763 1764
1763 1762 1765
1763 1765 1766
1767 1763 1766
1767 1766 1768
1769 1770 1771
1769 1771 1772
1739 1773 1774
1775 1776 1777
1740 1778 1779
1740 1779 1780
1781 1763 1767
1782 1740 1780
1782 1780 1783
1784 1785 1786
1785 1784 1787
1788 1789 1790
1777 1791 1775
1792 1793 1794
1795 1796 1797
1795 1797 1798
1796 1799 1797
1800 1801 1802
1800 1802 1803
1804 1805 1806
1804 1806 1807
1808 1809 1810
1811 1808 1812
1811 1812 1813
1814 1815 1816
1817 1818 1819
1817 1819 1820
1748 1821 1745
1822 1823 1824
1825 1826 1827
1828 1829 1830
1828 1830 1831
1832 1833 1834
1835 1836 1837
1835 1837 1838
1766 1765 1783
1766 1783 1780
1768 1766 1780
1768 1780 1779
1839 1817 1840
1736 1735 1836
1736 1836 1835
1818 1770 1769
1818 1769 1819
1841 1842 1772
1841 1772 1771
1843 1844 1845
1824 1823 1846
1824 1846 1847
1848 1849 1850
1848 1850 1851
1852 1853 1854
1842 1841 1855
1856 1857 1858
1859 1860 1826
1859 1826 1825
1743 1742 1801
1743 1801 1800
1857 1856 1861
1857 1861 1862
1863 1864 1865
1863 1865 1866
1851 1867 1848
1740 1782 1741
1868 1809 1808
1868 1808 1811
1812 1808 1810
1869 1839 1870
1870 1839 1840
1787 1870 1840
1871 1842 1855
1764 1763 1781
1774 1740 1739
1774 1778 1740
1803 1802 1828
1803 1828 1831
1807 1862 1861
1807 1861 1804
1866 1865 1860
1866 1860 1859
1813 1817 1839
1813 1839 1811
1838 1837 1843
1838 1843 1845
1847 1846 1833
1847 1833 1832
1811 1839 1869
1811 1869 1868
1872 1755 1728
1873 1874 1875
1876 1877 1878
1876 1878 1879
1879 1878 1880
1879 1880 1881
1881 1880 1882
1881 1882 1883
1797 1884 1798
1875 1874 1885
1875 1885 1886
1884 1797 1887
1884 1887 1888
1886 1885 1889
1886 1889 1890
1888 1887 1891
1888 1891 1892
1893 1890 1889
1893 1889 1894
1895 1892 1891
1895 1891 1896
1872 1877 1876
1755 1872 1876
1897 1898 1899
1900 1901 1902
1903 1904 1905
1724 1906 1725
1725 1906 1728
1723 1751 1724
1883 1882 1897
1883 1897 1899
1894 1900 1902
1894 1902 1893
1896 1903 1905
1896 1905 1895
1907 1908 1909
1909 1910 1907
1737 1738 1854
1911 1912 1786
1785 1911 1786
1913 1912 1911
1789 1914 1790
1791 1915 1916
1917 1790 1918
1775 1792 1776
1792 1795 1793
1792 1794 1776
1795 1798 1793
1909 1750 1910
1753 1752 1830
1830 1752 1831
1728 1755 1726
1919 1920 1921
1919 1921 1922
1922 1921 1923
1924 1925 1926
1927 1928 1929
1930 1931 1928
1930 1928 1927
1932 1933 1925
1932 1925 1924
1934 1935 1920
1934 1920 1919
1936 1937 1933
1936 1933 1932
1938 1939 1931
1938 1931 1930
1940 1941 1942
1940 1942 1943
1943 1942 1944
1945 1946 1947
1948 1949 1950
1951 1952 1949
1951 1949 1948
1953 1954 1946
1953 1946 1945
1955 1956 1941
1957 1958 1954
1957 1954 1953
1959 1960 1952
1959 1952 1951
1941 1940 1961
1941 1961 1955
1760 1962 1761
1799 1806 1805
1799 1805 1797
1962 1863 1761
1730 1729 1760
1962 1864 1863
1750 1909 1751
1963 1908 1964
1852 1963 1964
1908 1907 1964
1965 1966 1967
1965 1967 1968
1969 1970 1971
1972 1973 1974
1975 1976 1977
1978 1979 1980
1978 1980 1981
1982 1983 1984
1982 1984 1985
1986 1987 1965
1986 1965 1968
1988 1989 1983
1988 1983 1982
1990 1991 1979
1990 1979 1978
1992 1993 1994
1992 1994 1995
1996 1997 1998
1996 1998 1999
2000 2001 2002
2000 2002 2003
1993 1970 1969
1993 1969 1994
1997 1976 1975
1997 1975 1998
2003 2002 1973
2003 1973 1972
1755 1754 1726
1748 1757 1821
1757 1756 1821
1747 1746 1749
1749 1732 1731
1966 1992 1995
1966 1995 1967
1981 1980 1996
1981 1996 1999
1985 1984 2001
1985 2001 2000
2004 2005 2006
2004 2006 2007
2008 2009 2010
2008 2010 2011
2012 2013 2014
2012 2014 2015
2016 2017 2018
2016 2018 2019
2020 2021 2022
2023 2024 2025
2026 2027 2028
2029 2030 2031
2028 2027 2004
2028 2004 2007
2031 2024 2023
2032 2021 2020
2005 2033 2034
2005 2034 2006
2035 2036 2037
2035 2037 2038
2039 2040 2041
2039 2041 2042
2033 2010 2009
2033 2009 2034
2036 2017 2016
2036 2016 2037
2042 2041 2013
2042 2013 2012
1853 1737 1854
2043 1758 1850
2043 1850 1849
1758 2043 1759
1852 1964 2044
1852 2044 2045
1852 2045 1853
1907 2046 1964
2046 2044 1964
2025 2024 2040
2025 2040 2039
2020 2022 2035
2020 2035 2038
2031 2030 2024
2047 2048 2049
2047 2049 2050
2051 2052 2053
2048 2047 2054
2048 2054 2055
2056 2057 2058
2056 2058 2059
2059 2058 2060
2059 2060 2061
2049 2062 2051
2049 2051 2050
2055 2054 2057
2055 2057 2056
2052 2063 2064
2052 2064 2053
2051 2062 2052
2065 2066 2067
2065 2067 2068
2069 2070 2071
2069 2071 2072
2073 2074 2075
2073 2075 2076
2077 2078 2079
2077 2079 2080
2080 2079 2081
2069 2072 2082
2078 2077 2083
2078 2083 2084
2065 2068 2085
2065 2085 2086
2084 2083 2067
2084 2067 2066
2076 2075 2086
2076 2086 2085
2070 2074 2073
2070 2073 2071
2087 2088 2089
2087 2089 2090
2091 2092 2093
2094 2095 2096
2090 2089 2092
2090 2092 2091
2097 2098 2099
2100 2101 2102
2100 2102 2103
2104 2105 2106
2104 2106 2107
2106 2108 2109
2102 2097 2099
2102 2099 2103
2109 2107 2106
2109 2108 2110
2095 2088 2087
2095 2087 2096
2011 2111 2008
2014 2112 2015
2018 2113 2019
2114 2115 2116
2117 2118 2119
2117 2119 2120
2121 2122 2123
2121 2123 2124
2125 2126 2127
2125 2127 2128
2129 2130 2131
2132 2133 2134
2132 2134 2135
2136 2137 2138
2139 2140 2141
2139 2141 2142
2143 2144 2145
2143 2145 2146
2145 2144 2147
2145 2147 2148
2149 2133 2130
2149 2130 2150
2134 2133 2149
2134 2149 2151
2152 2123 2143
2152 2143 2146
2153 2115 2114
2153 2114 2154
2137 2136 2155
2137 2155 2156
2129 2157 2158
2129 2158 2159
2160 2117 2115
2160 2115 2153
2161 2118 2117
2161 2117 2160
2136 2141 2162
2136 2162 2155
2141 2140 2163
2141 2163 2162
2143 2123 2122
2128 2127 2147
2128 2147 2144
2131 2164 2157
2131 2157 2129
2132 2135 2165
2132 2165 2166
2167 2124 2123
2167 2123 2152
2130 2129 2159
2130 2159 2150
2164 2138 2137
2164 2137 2157
2157 2137 2156
2157 2156 2158
2154 2114 2124
2154 2124 2167
2116 2121 2124
2116 2124 2114
2120 2119 2126
2120 2126 2125
2166 2165 2139
2166 2139 2142
2133 2132 2131
2133 2131 2130
2132 2166 2164
2132 2164 2131
2166 2142 2138
2166 2138 2164
2142 2141 2136
2142 2136 2138
2117 2120 2116
2117 2116 2115
2120 2125 2121
2120 2121 2116
2125 2128 2122
2125 2122 2121
2128 2144 2143
2128 2143 2122
2168 2145 2148
2168 2148 2169
2170 2146 2145
2170 2145 2168
2171 2152 2146
2171 2146 2170
2172 2167 2152
2172 2152 2171
2173 2160 2153
2173 2153 2174
2154 2175 2174
2154 2174 2153
2167 2172 2175
2167 2175 2154
2160 2173 2176
2160 2176 2161
2177 2178 2179
2180 2181 2182
2180 2182 2183
2184 2185 2186
2184 2186 2187
2188 2189 2190
2188 2190 2191
2192 2193 2194
2195 2196 2197
2195 2197 2198
2199 2200 2201
2202 2203 2204
2202 2204 2205
2206 2207 2208
2206 2208 2209
2208 2210 2211
2208 2211 2209
2212 2213 2194
2212 2194 2198
2197 2214 2212
2197 2212 2198
2215 2207 2206
2215 2206 2186
2216 2217 2177
2216 2177 2179
2201 2218 2219
2201 2219 2199
2192 2220 2221
2192 2221 2222
2223 2216 2179
2223 2179 2180
2224 2223 2180
2224 2180 2183
2199 2219 2225
2199 2225 2204
2204 2225 2226
2204 2226 2205
2206 2187 2186
2189 2209 2211
2189 2211 2190
2193 2192 2222
2193 2222 2227
2195 2228 2229
2195 2229 2196
2230 2215 2186
2230 2186 2185
2194 2213 2220
2194 2220 2192
2227 2222 2201
2227 2201 2200
2222 2221 2218
2222 2218 2201
2217 2230 2185
2217 2185 2177
2178 2177 2185
2178 2185 2184
2181 2188 2191
2181 2191 2182
2228 2203 2202
2228 2202 2229
2198 2194 2193
2198 2193 2195
2195 2193 2227
2195 2227 2228
2228 2227 2200
2228 2200 2203
2203 2200 2199
2203 2199 2204
2180 2179 2178
2180 2178 2181
2181 2178 2184
2181 2184 2188
2188 2184 2187
2188 2187 2189
2189 2187 2206
2189 2206 2209
2231 2232 2210
2231 2210 2208
2233 2231 2208
2233 2208 2207
2234 2233 2207
2234 2207 2215
2235 2234 2215
2235 2215 2230
2236 2237 2216
2236 2216 2223
2217 2216 2237
2217 2237 2238
2230 2217 2238
2230 2238 2235
2223 2224 2239
2223 2239 2236
2240 2241 2242
2240 2242 2243
2244 2245 2246
2244 2246 2247
2247 2246 2248
2247 2248 2249
2250 2251 2252
2250 2252 2253
2253 2252 2254
2253 2254 2255
2256 2257 2258
2256 2258 2259
2260 2261 2262
2260 2262 2263
2263 2262 2264
2263 2264 2265
2266 2267 2268
2266 2268 2269
2269 2268 2270
2269 2270 2271
2243 2242 2245
2243 2245 2244
2259 2258 2261
2259 2261 2260
2249 2248 2251
2249 2251 2250
2265 2264 2267
2265 2267 2266
2272 2273 2274
2272 2274 2275
2276 2277 2278
2276 2278 2279
2280 2276 2279
2280 2279 2281
2282 2283 2284
2282 2284 2285
2286 2282 2285
2286 2285 2287
2288 2289 2290
2288 2290 2291
2292 2293 2294
2292 2294 2295
2296 2292 2295
2296 2295 2297
2298 2299 2300
2298 2300 2301
2302 2298 2301
2302 2301 2303
2277 2272 2275
2277 2275 2278
2293 2288 2291
2293 2291 2294
2283 2280 2281
2283 2281 2284
2299 2296 2297
2299 2297 2300
2304 2305 2306
2304 2306 2307
2308 2309 2310
2308 2310 2311
2311 2310 2312
2311 2312 2313
2314 2315 2316
2314 2316 2317
2317 2316 2318
2317 2318 2319
2320 2321 2322
2320 2322 2323
2324 2325 2326
2324 2326 2327
2328 2329 2325
2328 2325 2324
2330 2331 2332
2330 2332 2333
2334 2335 2331
2334 2331 2330
2307 2306 2309
2307 2309 2308
2327 2326 2321
2327 2321 2320
2313 2312 2315
2313 2315 2314
2333 2332 2329
2333 2329 2328
2336 2337 2338
2336 2338 2339
2340 2341 2342
2340 2342 2343
2341 2344 2345
2341 2345 2342
2346 2347 2348
2346 2348 2349
2347 2350 2351
2347 2351 2348
2352 2353 2354
2352 2354 2355
2356 2357 2358
2356 2358 2359
2357 2360 2361
2357 2361 2358
2362 2363 2364
2362 2364 2365
2363 2366 2367
2363 2367 2364
2337 2340 2343
2337 2343 2338
2353 2356 2359
2353 2359 2354
2344 2346 2349
2344 2349 2345
2360 2362 2365
2360 2365 2361
2368 2369 2370
2368 2370 2371
2372 2373 2374
2372 2374 2375
2376 2377 2373
2376 2373 2372
2378 2379 2380
2378 2380 2381
2382 2383 2379
2382 2379 2378
2384 2385 2386
2384 2386 2387
2388 2389 2390
2388 2390 2391
2392 2393 2389
2392 2389 2388
2394 2395 2396
2394 2396 2397
2398 2399 2395
2398 2395 2394
2375 2374 2369
2375 2369 2368
2391 2390 2385
2391 2385 2384
2381 2380 2377
2381 2377 2376
2397 2396 2393
2397 2393 2392
2400 2401 2402
2400 2402 2403
2404 2405 2406
2404 2406 2407
2405 2408 2409
2405 2409 2406
2410 2411 2412
2410 2412 2413
2411 2414 2415
2411 2415 2412
2416 2417 2418
2416 2418 2419
2420 2421 2422
2420 2422 2423
2424 2420 2423
2424 2423 2425
2426 2427 2428
2426 2428 2429
2430 2426 2429
2430 2429 2431
2401 2404 2407
2401 2407 2402
2421 2416 2419
2421 2419 2422
2408 2410 2413
2408 2413 2409
2427 2424 2425
2427 2425 2428
70 68 69
70 69 106
75 74 73
75 73 114
100 97 96
100 96 77
94 97 99
94 99 95
95 99 104
95 104 108
106 69 104
106 104 103
75 116 8
75 8 61
77 96 498
77 498 78
67 68 74
67 74 60
600 599 601
600 601 632
602 605 606
602 606 641
622 621 624
622 624 607
625 621 619
625 619 620
629 625 620
629 620 633
629 600 632
629 632 628
546 639 606
546 606 594
498 622 607
498 607 78
605 599 597
605 597 591
540 639 546
539 639 540
2 116 3
3 116 115
1069 1068 1078
1069 1078 2432
1085 1070 1069
1085 1069 2432
1072 1071 1084
1072 1084 2433
2434 1073 1072
2434 1072 2433
2435 1074 1073
2435 1073 2434
2436 1075 1074
2436 1074 2435
1088 1076 1075
1088 1075 2436
1079 1068 1067
1081 1079 1067
1083 1081 1067
1070 1071 1067
1076 1087 1067
1087 1083 1067
1138 1130 1129
1138 1129 2437
1129 1131 1146
1129 1146 2437
1145 1133 1132
1145 1132 2438
1132 1134 2439
1132 2439 2438
1134 1135 2440
1134 2440 2439
1135 1136 2441
1135 2441 2440
1136 1137 1148
1136 1148 2441
1130 1140 1128
1140 1142 1128
1142 1144 1128
1133 1131 1128
1149 1137 1128
1144 1149 1128
1426 1428 1449
1426 1449 1448
1817 1820 1840
453 307 366
367 369 453
366 447 453
487 361 478
366 321 361
307 281 321
360 478 361
359 361 321
321 271 359
977 978 995
864 987 978
871 815 872
869 950 987
870 872 910
869 816 815
815 790 789
829 864 977
816 782 790
