byte offset: 0
first index: 0
index count: 2889
topology: trianglelist
format: DXGI_FORMAT_R16_UINT

0 1 2
3 4 5
6 7 8
6 8 9
9 8 10
9 10 11
12 13 14
12 15 13
13 15 16
17 16 15
16 18 13
17 19 16
16 20 18
21 19 17
22 18 20
21 23 19
18 22 24
24 22 25
23 21 26
23 26 27
26 28 27
26 29 28
24 25 30
24 30 31
29 32 28
30 33 31
33 30 34
33 34 35
35 36 33
36 35 37
36 37 38
36 38 39
39 40 36
39 41 40
41 42 40
42 43 40
29 44 32
44 45 32
46 45 44
46 47 45
48 32 45
48 49 32
48 50 49
50 48 51
50 51 52
53 52 51
53 51 54
55 53 54
53 55 56
56 55 57
58 57 55
57 58 59
58 60 59
58 61 60
62 61 58
62 58 63
62 63 64
64 63 65
66 67 68
69 67 66
69 66 70
71 69 70
71 70 72
73 71 72
73 72 74
75 73 74
75 74 76
76 77 75
76 78 77
79 77 78
80 81 82
80 83 81
84 83 80
84 85 83
84 86 85
84 87 86
87 88 86
87 89 88
90 91 92
90 93 91
94 91 93
94 93 95
96 94 95
96 95 97
98 96 97
98 97 99
100 98 99
100 99 101
100 101 102
100 102 103
104 103 102
104 105 103
106 107 108
106 109 107
110 109 106
110 111 109
112 111 110
112 113 111
113 112 114
113 114 115
116 115 114
116 117 115
118 117 116
118 116 119
119 120 118
119 121 120
122 123 124
123 122 125
123 125 126
127 128 129
129 128 130
128 131 130
131 128 132
131 132 133
134 135 136
134 136 137
136 138 137
139 138 136
140 137 138
140 138 141
140 141 142
139 143 138
140 142 144
139 145 143
142 143 145
146 145 139
146 147 145
142 145 148
148 144 142
148 149 144
148 150 149
151 147 146
151 152 147
153 152 151
153 151 154
155 153 154
155 154 156
156 157 155
155 157 158
157 156 159
160 158 157
159 156 161
158 160 162
161 163 159
160 164 162
163 161 165
163 165 166
167 162 164
167 164 168
166 165 169
166 169 170
171 167 168
171 172 167
171 173 172
173 171 174
169 175 170
169 176 175
177 175 176
175 177 178
179 173 174
179 174 180
179 180 181
179 181 182
181 183 182
178 177 184
178 184 185
184 186 185
184 187 186
186 187 188
189 190 191
189 191 192
193 194 195
193 195 196
197 198 199
199 198 200
199 200 201
200 198 202
203 201 200
204 200 202
203 200 205
204 205 200
203 205 206
204 207 205
208 206 205
209 205 207
208 205 210
209 211 205
210 205 212
205 211 212
213 214 215
213 216 214
217 216 213
216 217 218
217 219 218
217 220 219
221 219 220
221 220 222
221 222 223
221 223 224
224 223 225
224 225 226
226 225 227
226 227 228
229 228 227
230 228 229
229 231 230
232 233 234
232 234 235
235 236 232
235 237 236
238 239 240
238 241 239
241 242 239
241 243 242
244 242 243
244 245 242
246 245 244
246 247 245
248 249 250
248 251 249
251 252 249
251 253 252
253 254 252
254 253 255
255 256 254
256 255 257
257 258 256
258 257 259
258 259 260
261 260 259
261 259 262
263 261 262
263 262 264
263 264 265
263 265 266
267 266 265
267 268 266
268 267 269
268 269 270
271 270 269
271 272 270
272 271 273
272 273 274
274 273 275
276 274 275
276 275 277
275 278 277
275 279 278
278 279 280
278 280 281
282 281 280
282 283 281
284 285 286
285 284 287
288 289 290
289 291 290
291 289 292
291 292 293
294 291 293
293 295 294
293 296 295
297 295 296
295 297 298
299 298 297
300 298 299
298 300 301
300 302 301
303 302 300
304 305 306
307 304 306
308 307 306
308 306 309
310 308 309
310 309 311
311 312 310
312 311 313
314 312 313
314 313 315
314 315 316
314 316 317
316 318 317
316 319 318
319 320 318
321 320 319
321 322 320
321 323 322
323 324 322
323 325 324
326 325 323
326 327 325
327 326 328
329 330 331
329 331 332
333 329 332
333 332 334
333 334 335
333 335 336
336 335 337
336 337 338
339 340 341
339 342 340
342 343 340
342 344 343
345 343 344
345 344 346
347 348 349
347 349 350
351 352 353
351 353 354
355 356 357
355 358 356
356 358 359
356 359 360
360 359 361
360 361 362
363 364 365
363 365 366
367 363 366
367 368 363
369 368 367
369 367 370
369 370 371
369 371 372
373 372 371
373 371 374
375 373 374
375 374 376
375 376 377
375 377 378
377 379 378
379 377 380
377 381 380
377 382 381
378 379 383
383 381 382
378 383 384
383 382 384
385 386 387
385 387 388
389 390 391
389 392 390
393 392 389
393 389 394
395 393 394
395 394 396
397 395 396
397 396 398
399 397 398
399 398 400
401 399 400
401 400 402
403 401 402
403 402 404
404 405 403
404 406 405
406 407 405
406 408 407
405 407 409
410 411 412
410 412 413
414 415 416
414 416 417
417 416 418
417 418 419
420 419 418
420 418 421
422 420 421
422 421 423
424 422 423
422 424 425
426 427 428
429 427 426
429 426 430
431 429 430
431 430 432
433 431 432
433 432 434
435 433 434
435 434 436
436 437 435
436 438 437
439 437 438
440 441 442
440 442 443
443 442 444
443 444 445
444 446 445
444 447 446
448 449 450
448 451 449
452 449 451
452 451 453
454 452 453
454 453 455
456 454 455
456 455 457
458 456 457
458 457 459
458 459 460
458 460 461
462 461 460
462 463 461
464 465 466
464 467 465
468 467 464
468 469 467
470 469 468
470 471 469
471 470 472
471 472 473
474 473 472
474 475 473
476 475 474
476 474 477
477 478 476
477 479 478
480 481 482
481 480 483
480 484 483
485 486 487
486 485 488
489 490 491
490 489 492
489 493 492
494 495 496
495 494 497
498 499 500
499 498 501
501 498 502
503 504 505
504 503 506
507 508 509
507 510 508
508 510 511
512 513 514
513 512 515
515 512 516
516 512 517
518 519 520
518 520 521
522 523 524
522 525 523
525 522 526
525 526 527
528 527 526
528 529 527
530 531 532
530 532 533
534 535 536
534 536 537
538 539 540
538 540 541
542 543 544
542 544 545
546 547 548
546 548 549
550 551 552
550 552 553
554 555 556
554 556 557
558 559 560
558 561 559
562 559 561
562 563 559
564 565 566
564 566 567
568 569 570
568 570 571
572 573 574
572 574 575
576 577 578
576 578 579
580 581 582
580 582 583
584 585 586
584 586 587
588 589 590
588 590 591
592 593 594
592 594 595
595 596 592
595 597 596
598 599 600
598 600 601
598 601 602
601 603 602
601 604 603
605 606 607
607 606 608
607 608 609
608 606 610
611 609 608
612 608 610
611 608 613
612 613 608
611 613 614
612 615 613
616 614 613
617 613 615
616 613 618
617 619 613
618 613 620
620 613 619
621 622 623
621 623 624
625 626 627
625 627 628
629 630 631
629 631 632
632 633 629
629 633 634
634 633 635
634 635 636
637 636 635
637 638 636
637 639 638
637 640 639
640 641 639
640 642 641
642 643 641
642 644 643
644 645 643
646 645 644
645 646 647
648 649 650
648 651 649
651 648 652
651 652 653
654 655 656
654 656 657
657 656 658
657 658 659
660 659 658
659 660 661
662 661 660
661 662 663
664 663 662
663 664 665
665 664 666
667 665 666
667 668 665
668 667 669
668 669 670
669 671 670
669 672 671
672 673 671
672 674 673
674 675 673
675 674 676
677 675 676
677 676 678
678 679 677
678 680 679
680 681 679
682 681 680
682 683 681
681 683 684
681 684 685
684 686 685
684 687 686
688 686 687
688 687 689
690 691 692
691 693 692
693 694 692
693 695 694
696 695 693
697 695 696
697 698 695
697 699 698
699 697 700
700 701 699
700 702 701
702 700 703
702 703 704
705 702 704
706 707 708
709 708 707
710 708 709
710 711 708
711 710 712
711 712 713
714 713 712
713 714 715
715 714 716
715 716 717
718 717 716
718 716 719
718 719 720
718 720 721
722 721 720
723 721 722
723 722 724
723 724 725
725 724 726
725 726 727
728 725 727
728 727 729
729 730 728
731 732 733
731 733 734
734 733 735
734 735 736
737 736 735
737 738 736
739 740 741
739 741 742
743 744 745
743 745 746
747 748 749
747 749 750
749 751 750
749 752 751
752 753 751
752 754 753
755 756 757
755 758 756
755 759 758
755 760 759
761 759 760
761 762 759
761 763 762
761 764 763
765 763 764
765 766 763
767 766 765
767 768 766
767 769 768
767 770 769
771 769 770
772 769 771
771 770 773
772 771 774
773 770 775
776 772 774
773 775 776
776 775 772
777 778 779
777 779 780
781 782 783
784 782 781
784 781 785
786 784 785
786 785 787
788 786 787
788 787 789
790 788 789
790 789 791
791 792 790
791 793 792
794 792 793
795 796 797
795 798 796
799 796 798
799 798 800
801 799 800
801 800 802
803 801 802
803 802 804
805 803 804
805 804 806
805 806 807
805 807 808
809 808 807
809 810 808
811 812 813
811 814 812
815 814 811
815 816 814
817 816 815
817 818 816
818 817 819
818 819 820
821 820 819
821 822 820
823 822 821
823 821 824
824 825 823
824 826 825
827 828 829
827 829 830
831 827 830
831 832 827
833 832 831
833 834 832
835 834 833
835 836 834
837 836 835
837 838 836
839 838 837
839 840 838
841 840 839
841 842 840
842 841 843
842 843 844
845 844 843
846 844 845
845 843 847
848 849 850
848 850 851
852 853 854
852 855 853
855 856 853
855 857 856
856 857 858
856 858 859
860 861 862
860 862 863
864 865 866
864 866 867
868 869 870
869 871 870
869 872 871
873 874 875
873 875 876
877 878 879
877 879 880
881 882 883
882 881 884
882 884 885
886 887 888
886 888 889
890 891 892
890 892 893
894 895 896
894 896 897
898 899 900
898 900 901
902 903 904
902 904 905
906 907 908
909 908 907
909 910 908
911 910 909
911 912 910
913 912 911
914 915 916
914 916 917
918 914 917
918 917 919
920 918 919
920 919 921
922 920 921
922 921 923
924 922 923
924 923 925
926 924 925
926 925 927
928 926 927
928 927 929
930 928 929
930 929 931
932 933 934
932 935 933
936 937 938
936 938 939
940 941 942
940 942 943
944 945 946
944 946 947
948 949 950
948 950 951
952 953 954
954 953 955
954 955 956
955 953 957
958 956 955
959 955 957
958 955 960
959 960 955
958 960 961
959 962 960
963 961 960
964 960 962
963 960 965
964 966 960
965 960 967
967 960 966
968 969 970
969 971 970
969 972 971
973 971 972
974 975 976
974 977 975
975 977 978
975 978 979
980 979 978
980 981 979
982 981 980
982 980 983
984 982 983
984 985 982
986 985 984
986 987 985
988 989 990
989 991 990
989 992 991
993 991 992
994 995 996
994 997 995
995 997 998
995 998 999
1000 999 998
1000 998 1001
1000 1001 1002
1000 1002 1003
1004 1003 1002
1004 1002 1005
1005 1006 1004
1005 1007 1006
1008 1009 1010
1008 1010 1011
1011 1012 1008
1011 1013 1012
1012 1013 1014
1012 1014 1015
1016 1015 1014
1016 1017 1015
1017 1016 1018
1017 1018 1019
1019 1018 1020
1019 1020 1021
1021 1020 1022
1021 1022 1023
1024 1025 1026
1026 1025 1027
1026 1027 1028
1027 1025 1029
1030 1028 1027
1031 1027 1029
1030 1027 1032
1031 1032 1027
1030 1032 1033
1031 1034 1032
1035 1033 1032
1036 1032 1034
1035 1032 1037
1036 1038 1032
1032 1039 1037
1032 1038 1039
1040 1041 1042
1040 1042 1043
1044 1043 1042
1044 1045 1043
1044 1046 1045
1044 1047 1046
1047 1048 1046
1047 1049 1048
1049 1050 1048
1049 1051 1050
1051 1052 1050
1051 1053 1052
1054 1052 1053
1054 1053 1055
1056 1057 1058
1059 1058 1057
1059 1057 1060
1060 1061 1059
1060 1062 1061
1062 1063 1061
1062 1064 1063
1064 1065 1063
1064 1066 1065
1066 1067 1065
1066 1068 1067
1067 1068 1069
1070 1071 1072
1071 1070 1073
1071 1073 1074
1075 1071 1074
1075 1074 1076
1075 1076 1077
1075 1077 1078
1079 1078 1077
1079 1077 1080
1081 1079 1080
1081 1080 1082
1081 1082 1083
1081 1083 1084
1085 1084 1083
1085 1083 1086
1085 1086 1087
1085 1087 1088
1088 1087 1089
1088 1089 1090
1091 1090 1089
1091 1089 1092
1093 1091 1092
1093 1092 1094
1095 1093 1094
1095 1094 1096
1097 1095 1096
1097 1098 1095
1099 1098 1097
1099 1097 1100
1099 1100 1101
1099 1101 1102
1102 1101 1103
1102 1103 1104
1105 1104 1103
1105 1103 1106
1105 1106 1107
1105 1107 1108
1108 1107 1109
1110 1108 1109
1108 1110 1111
1112 1113 1114
1112 1114 1115
1114 1116 1115
1117 1118 1119
1118 1120 1119
1117 1121 1118
1122 1118 1121
1121 1117 1123
1124 1120 1118
1122 1124 1118
1125 1120 1124
1126 1121 1123
1122 1121 1126
1126 1123 1127
1126 1127 1128
1126 1128 1129
1122 1126 1129
1130 1129 1128
1129 1130 1131
1122 1129 1131
1132 1122 1131
1131 1130 1133
1133 1132 1131
1134 1132 1133
1135 1132 1134
1125 1124 1136
1137 1136 1124
1125 1136 1138
1139 1138 1136
1137 1139 1136
1137 1140 1139
1137 1141 1140
1142 1124 1122
1142 1122 1132
1137 1124 1142
1142 1132 1137
1143 1132 1135
1137 1132 1143
1143 1141 1137
1143 1135 1144
1141 1143 1144
1145 1146 1147
1148 1147 1146
1145 1147 1149
1148 1150 1147
1151 1145 1149
1151 1150 1148
1151 1149 1152
1151 1152 1150
1153 1154 1155
1156 1155 1154
1153 1157 1154
1156 1154 1158
1159 1157 1153
1159 1156 1158
1159 1160 1157
1159 1158 1160
