byte offset: 0
first index: 0
index count: 5139
topology: trianglelist
format: DXGI_FORMAT_R16_UINT

0 1 2
0 2 3
4 3 2
4 2 5
5 6 4
6 5 7
8 6 7
8 7 9
10 8 9
10 9 11
12 13 14
12 14 15
15 16 12
12 16 17
16 15 18
19 17 16
16 18 20
19 16 21
20 18 22
19 21 23
20 22 24
19 23 25
24 22 26
25 23 27
24 26 28
29 28 26
25 27 30
31 30 27
32 30 31
32 33 30
34 33 32
34 35 33
36 35 34
35 36 37
38 37 36
29 39 28
39 29 40
41 39 40
41 42 39
41 43 42
44 42 43
44 43 45
46 44 45
46 45 47
48 37 38
49 46 47
48 38 50
48 50 51
49 47 52
48 51 53
54 53 51
54 55 53
48 53 56
53 57 56
57 58 56
57 59 58
59 60 58
60 61 58
52 62 49
62 52 63
62 63 64
62 65 49
66 49 65
66 67 49
66 68 67
66 69 68
69 70 68
69 71 70
72 70 71
73 72 71
73 71 74
75 73 74
75 74 76
77 75 76
76 78 77
79 77 78
80 79 78
80 81 79
80 82 81
80 83 82
84 82 83
84 83 85
80 86 83
83 86 87
87 86 88
87 88 89
89 88 90
90 88 91
92 93 94
92 94 95
96 95 94
96 94 97
96 97 98
96 98 99
100 99 98
100 98 101
100 101 102
100 102 103
104 103 102
104 102 105
106 107 108
106 108 109
109 108 110
110 108 111
109 110 112
109 112 113
112 114 113
113 114 115
116 115 114
115 116 117
117 116 118
119 120 121
119 121 122
123 124 125
123 125 126
127 128 129
127 129 130
131 132 133
134 132 131
134 135 132
134 136 135
134 137 136
138 136 137
138 137 139
138 139 140
139 141 140
142 141 139
142 143 141
141 144 140
141 145 144
146 143 142
147 144 145
148 143 146
147 149 144
150 149 147
151 149 150
152 150 147
152 147 143
151 150 153
151 153 154
155 152 143
156 154 153
156 157 154
156 158 157
156 159 158
159 160 158
161 155 143
161 143 162
148 162 143
161 162 163
148 164 162
163 162 165
164 165 162
163 165 166
164 167 165
166 165 168
167 168 165
166 168 169
167 170 168
169 168 171
170 172 168
168 173 171
171 173 174
168 175 173
173 176 174
174 176 177
176 178 177
177 178 179
178 180 179
168 181 175
168 172 181
172 182 181
181 182 183
182 184 183
183 184 185
184 186 185
185 186 187
180 188 179
180 189 188
187 186 190
187 190 191
192 188 189
193 191 190
192 194 188
194 192 195
195 192 196
196 192 197
196 197 198
199 198 197
199 200 198
193 190 201
201 202 193
202 203 193
203 204 193
203 205 204
206 204 205
206 205 207
208 200 199
208 209 200
208 210 209
208 211 210
210 211 212
211 213 212
213 214 212
213 215 214
216 206 207
216 207 217
216 217 218
216 218 219
218 220 219
219 220 221
221 220 222
221 222 223
224 225 226
226 225 227
228 227 225
228 229 227
229 228 230
229 230 231
230 232 231
230 233 232
233 234 232
233 235 234
235 236 234
235 237 236
237 238 236
237 239 238
240 238 239
240 241 238
242 241 240
242 243 241
244 243 242
244 245 243
246 245 244
246 247 245
248 247 246
248 249 247
250 249 248
250 251 249
252 251 250
252 250 253
254 252 253
255 254 253
256 257 258
256 259 257
260 257 259
260 259 261
262 260 261
262 261 263
264 262 263
264 263 265
266 267 268
266 268 269
266 269 270
266 270 271
272 271 270
272 270 273
272 273 274
272 274 275
276 275 274
276 274 277
276 277 278
276 278 279
280 281 282
280 282 283
284 280 283
284 283 285
286 284 285
286 285 287
287 288 286
287 289 288
289 290 288
289 291 290
292 290 291
292 291 293
294 292 293
294 295 292
294 296 295
294 297 296
297 298 296
297 299 298
299 300 298
299 301 300
302 300 301
302 303 300
304 303 302
304 305 303
306 305 304
306 307 305
308 307 306
308 309 307
310 309 308
310 311 309
312 311 310
312 313 311
314 313 312
314 315 313
316 315 314
316 317 315
316 318 317
319 318 316
319 320 318
321 320 319
321 319 322
321 322 323
321 323 324
324 323 325
325 326 324
325 327 326
326 327 328
329 327 325
329 325 330
329 330 331
329 331 332
332 331 333
332 333 334
334 333 335
334 335 336
336 335 337
336 337 338
339 340 341
342 339 341
343 339 342
344 343 342
345 343 344
346 345 344
346 344 347
348 346 347
348 347 349
350 348 349
350 349 351
352 350 351
352 351 353
354 352 353
354 353 355
356 354 355
356 355 357
356 357 358
358 357 359
359 360 358
359 361 360
361 362 360
361 363 362
363 364 362
363 365 364
365 366 364
367 368 369
367 370 368
371 368 370
372 371 370
373 371 372
374 373 372
375 373 374
376 375 374
377 375 376
376 378 377
379 378 376
379 380 378
379 381 380
382 380 381
382 381 383
384 382 383
384 383 385
385 386 384
387 386 385
388 386 387
388 387 389
390 388 389
390 389 391
392 390 391
392 391 393
394 392 393
394 393 395
396 394 395
396 395 397
398 396 397
399 396 398
398 400 399
400 401 399
399 401 402
401 403 402
401 404 403
401 405 404
401 406 405
407 405 406
407 406 408
409 407 408
409 408 410
411 412 413
411 414 412
414 415 412
414 416 415
416 417 415
416 418 417
419 417 418
419 420 417
421 420 419
421 422 420
423 422 421
423 424 422
425 426 427
425 428 426
428 429 426
428 430 429
431 429 430
431 432 429
431 433 432
433 431 434
434 435 433
434 436 435
437 438 439
437 439 440
441 442 443
443 444 441
443 445 444
444 445 446
446 447 444
446 448 447
449 447 448
449 450 447
449 451 450
449 452 451
453 451 452
453 454 451
453 455 454
453 456 455
457 455 456
457 458 455
457 459 458
457 460 459
461 459 460
461 462 459
463 462 461
463 464 462
465 464 463
465 466 464
465 467 466
465 468 467
469 467 468
469 470 467
469 471 470
469 472 471
473 471 472
473 474 471
473 475 474
473 476 475
476 477 475
476 478 477
478 479 477
478 480 479
481 479 480
481 482 479
481 483 482
481 484 483
485 483 484
485 486 483
485 487 486
485 488 487
489 487 488
489 490 487
489 491 490
489 492 491
493 491 492
493 494 491
494 493 495
496 494 495
496 497 494
497 496 498
499 500 501
499 502 500
502 503 500
502 504 503
505 503 504
505 506 503
507 506 505
507 508 506
509 510 511
509 512 510
512 513 510
512 514 513
515 513 514
515 516 513
515 517 516
515 518 517
519 517 518
519 520 517
521 520 519
521 522 520
521 523 522
521 524 523
524 525 523
524 526 525
526 527 525
526 528 527
529 527 528
529 530 527
529 531 530
529 532 531
533 531 532
534 533 532
533 535 531
534 532 536
537 531 535
536 537 534
537 538 531
536 538 537
539 540 541
539 541 542
542 541 543
542 543 544
545 546 547
545 547 548
548 547 549
548 549 550
550 549 551
550 551 552
552 551 553
552 553 554
554 553 555
554 555 556
557 556 555
557 555 558
557 558 559
557 559 560
560 559 561
560 561 562
562 561 563
562 563 564
564 563 565
564 565 566
566 565 567
566 567 568
569 568 567
569 567 570
569 570 571
569 571 572
573 572 571
573 571 574
573 574 575
573 575 576
576 575 577
576 577 578
579 578 577
577 580 579
579 581 578
578 581 582
583 584 585
583 585 586
587 588 589
587 590 588
591 590 587
591 592 590
593 592 591
593 594 592
594 593 595
594 595 596
596 595 597
596 597 598
599 598 597
599 597 600
600 601 599
600 602 601
602 603 601
602 604 603
604 605 603
604 606 605
606 607 605
606 608 607
609 610 611
609 612 610
613 610 612
613 614 610
615 614 613
615 616 614
615 617 616
615 618 617
619 617 618
619 620 617
621 620 619
621 622 620
621 623 622
621 624 623
625 623 624
625 626 623
627 626 625
627 628 626
629 628 627
629 630 628
631 632 633
631 634 632
635 632 634
635 636 632
636 635 637
637 638 636
639 638 637
639 640 638
641 640 639
641 642 640
643 644 645
643 646 644
646 647 644
647 648 644
646 649 647
646 650 649
649 650 651
650 652 651
653 651 652
652 654 653
654 655 653
656 657 658
656 658 659
660 661 662
660 662 663
664 665 666
665 667 666
668 666 667
668 667 669
669 670 668
669 671 670
670 671 672
670 672 673
673 672 674
673 674 675
675 674 676
675 676 677
677 676 678
677 678 679
680 679 678
680 678 681
682 680 681
682 681 683
684 682 683
684 683 685
686 684 685
686 685 687
688 686 687
688 687 689
690 688 689
690 689 691
692 690 691
692 693 690
694 693 692
695 693 694
696 697 698
696 698 699
700 699 698
700 701 699
702 701 700
702 703 701
704 703 702
704 705 703
706 707 708
706 709 707
710 709 706
710 711 709
712 711 710
712 713 711
713 712 714
713 714 715
715 714 716
715 716 717
718 717 716
718 719 717
720 719 718
720 718 721
720 721 722
720 722 723
723 722 724
723 724 725
725 724 726
725 726 727
728 727 726
728 726 729
730 728 729
730 729 731
732 730 731
732 731 733
734 732 733
734 733 735
736 734 735
736 735 737
738 736 737
738 737 739
740 738 739
740 739 741
742 740 741
742 741 743
742 743 744
745 742 744
745 744 746
747 745 746
747 748 745
747 749 748
747 750 749
750 751 749
751 750 752
751 752 753
752 754 753
755 751 753
755 756 751
755 757 756
755 758 757
758 759 757
758 760 759
760 761 759
760 762 761
762 763 761
762 764 763
765 766 767
768 766 765
769 768 765
770 768 769
771 770 769
772 770 771
772 773 770
774 773 772
774 775 773
776 775 774
776 777 775
778 777 776
778 779 777
780 779 778
780 781 779
782 781 780
782 783 781
782 784 783
784 785 783
785 784 786
785 786 787
787 786 788
787 788 789
789 788 790
789 790 791
791 790 792
793 794 795
793 795 796
797 796 795
797 798 796
799 798 797
799 800 798
801 800 799
801 802 800
803 802 801
802 803 804
805 802 804
805 804 806
805 806 807
808 807 806
808 809 807
810 809 808
810 811 809
811 810 812
813 811 812
814 813 812
814 815 813
816 815 814
816 817 815
818 817 816
818 819 817
820 819 818
820 821 819
822 821 820
822 823 821
824 823 822
825 824 822
824 825 826
826 825 827
825 828 827
827 828 829
827 829 830
827 830 831
827 831 832
833 832 831
833 834 832
835 834 833
835 836 834
837 838 839
837 839 840
840 839 841
840 841 842
843 842 841
843 841 844
843 844 845
845 846 843
846 845 847
846 847 848
849 850 851
849 851 852
853 854 855
853 855 856
856 855 857
856 857 858
859 858 857
859 857 860
861 859 860
861 860 862
863 864 865
863 865 866
866 865 867
866 867 868
869 868 867
869 867 870
869 870 871
869 871 872
873 872 871
873 871 874
875 873 874
875 874 876
875 876 877
875 877 878
878 877 879
878 879 880
880 879 881
880 881 882
883 882 881
883 881 884
883 884 885
883 885 886
887 886 885
888 886 887
887 885 889
888 890 886
891 889 885
890 888 891
891 885 892
890 891 892
893 894 895
893 896 894
896 897 894
896 898 897
899 900 901
899 902 900
902 903 900
902 904 903
904 905 903
904 906 905
906 907 905
906 908 907
908 909 907
908 910 909
911 909 910
911 912 909
911 913 912
911 914 913
914 915 913
914 916 915
916 917 915
916 918 917
918 919 917
918 920 919
920 921 919
920 922 921
923 921 922
923 924 921
923 925 924
923 926 925
927 925 926
927 928 925
927 929 928
927 930 929
930 931 929
930 932 931
933 931 932
931 933 934
933 932 935
936 937 938
936 938 939
940 941 942
940 942 943
944 943 942
944 942 945
946 944 945
946 945 947
946 947 948
946 948 949
950 949 948
950 948 951
952 950 951
952 951 953
952 953 954
952 954 955
956 955 954
956 954 957
958 956 957
958 957 959
960 958 959
960 959 961
962 963 964
962 965 963
962 966 965
962 967 966
968 966 967
968 969 966
968 970 969
968 971 970
972 970 971
972 973 970
972 974 973
972 975 974
976 974 975
976 977 974
976 978 977
976 979 978
980 978 979
980 981 978
980 982 981
980 983 982
984 982 983
984 985 982
984 986 985
984 987 986
988 986 987
988 989 986
988 990 989
988 991 990
992 990 991
992 993 990
992 994 993
992 995 994
996 997 998
999 997 996
999 996 1000
1001 999 1000
1001 1002 999
1001 1003 1002
1001 1004 1003
1005 1003 1004
1005 1006 1003
1005 1007 1006
1005 1008 1007
1008 1009 1007
1008 1010 1009
1009 1010 1011
1012 1013 1014
1012 1015 1013
1016 1017 1018
1016 1018 1019
1020 1021 1022
1020 1022 1023
1024 1025 1026
1024 1026 1027
1028 1029 1030
1028 1030 1031
1032 1033 1034
1032 1034 1035
1035 1034 1036
1035 1036 1037
1037 1036 1038
1037 1038 1039
1039 1038 1040
1039 1040 1041
1041 1040 1042
1041 1042 1043
1043 1042 1044
1043 1044 1045
1045 1044 1046
1045 1046 1047
1047 1046 1048
1047 1048 1049
1049 1048 1050
1049 1050 1051
1051 1050 1052
1051 1052 1053
1053 1052 1054
1053 1054 1055
1055 1054 1056
1055 1056 1057
1058 1059 1060
1061 1059 1058
1061 1058 1062
1063 1061 1062
1063 1062 1064
1065 1063 1064
1065 1064 1066
1067 1065 1066
1067 1068 1065
1068 1067 1069
1070 1071 1072
1070 1072 1073
1073 1072 1074
1073 1074 1075
1075 1074 1076
1075 1076 1077
1077 1076 1078
1077 1078 1079
1079 1078 1080
1079 1080 1081
1081 1080 1082
1081 1082 1083
1083 1082 1084
1083 1084 1085
1085 1084 1086
1085 1086 1087
1087 1086 1088
1087 1088 1089
1089 1088 1090
1089 1090 1091
1091 1090 1092
1091 1092 1093
1093 1092 1094
1093 1094 1095
1096 1097 1098
1099 1097 1096
1099 1096 1100
1101 1099 1100
1101 1100 1102
1103 1101 1102
1103 1102 1104
1105 1103 1104
1105 1106 1103
1106 1105 1107
1108 1109 1110
1108 1111 1109
1112 1109 1111
1112 1111 1113
1114 1112 1113
1114 1113 1115
1116 1114 1115
1116 1117 1114
1118 1117 1116
1118 1119 1117
1119 1118 1120
1119 1120 1121
1121 1120 1122
1121 1122 1123
1124 1123 1122
1124 1125 1123
1126 1125 1124
1126 1127 1125
1128 1127 1126
1128 1129 1127
1130 1129 1128
1130 1131 1129
1132 1133 1134
1132 1135 1133
1135 1132 1136
1135 1136 1137
1137 1136 1138
1137 1138 1139
1140 1139 1138
1140 1138 1141
1142 1140 1141
1142 1141 1143
1144 1142 1143
1144 1143 1145
1145 1146 1144
1145 1147 1146
1148 1146 1147
1148 1147 1149
1150 1148 1149
1150 1149 1151
1152 1150 1151
1152 1151 1153
1153 1154 1152
1153 1155 1154
1156 1157 1158
1156 1159 1157
1156 1160 1159
1160 1161 1159
1160 1162 1161
1163 1161 1162
1163 1162 1164
1165 1163 1164
1165 1164 1166
1167 1165 1166
1167 1166 1168
1167 1168 1169
1167 1169 1170
1171 1170 1169
1171 1169 1172
1173 1171 1172
1173 1172 1174
1175 1173 1174
1175 1176 1173
1176 1175 1177
1178 1179 1180
1178 1181 1179
1182 1179 1181
1182 1181 1183
1184 1182 1183
1184 1183 1185
1186 1184 1185
1186 1187 1184
1188 1187 1186
1188 1189 1187
1189 1188 1190
1189 1190 1191
1191 1190 1192
1191 1192 1193
1194 1193 1192
1194 1195 1193
1196 1195 1194
1196 1197 1195
1198 1197 1196
1198 1199 1197
1200 1199 1198
1200 1201 1199
1202 1203 1204
1202 1205 1203
1205 1202 1206
1205 1206 1207
1207 1206 1208
1207 1208 1209
1210 1209 1208
1210 1208 1211
1212 1210 1211
1212 1211 1213
1214 1212 1213
1214 1213 1215
1215 1216 1214
1215 1217 1216
1218 1216 1217
1218 1217 1219
1220 1218 1219
1220 1219 1221
1222 1220 1221
1222 1221 1223
1223 1224 1222
1223 1225 1224
1226 1227 1228
1226 1229 1227
1226 1230 1229
1230 1231 1229
1230 1232 1231
1233 1231 1232
1233 1232 1234
1235 1233 1234
1235 1234 1236
1237 1235 1236
1237 1236 1238
1237 1238 1239
1237 1239 1240
1241 1240 1239
1241 1239 1242
1243 1241 1242
1243 1242 1244
1245 1243 1244
1245 1246 1243
1246 1245 1247
1248 1249 1250
1248 1251 1249
1252 1249 1251
1252 1251 1253
1254 1252 1253
1254 1253 1255
1256 1254 1255
1256 1257 1254
1258 1257 1256
1258 1259 1257
1259 1258 1260
1259 1260 1261
1261 1260 1262
1261 1262 1263
1264 1263 1262
1264 1265 1263
1266 1265 1264
1266 1267 1265
1268 1267 1266
1268 1269 1267
1270 1269 1268
1270 1271 1269
1272 1273 1274
1272 1275 1273
1275 1272 1276
1275 1276 1277
1277 1276 1278
1277 1278 1279
1280 1279 1278
1280 1278 1281
1282 1280 1281
1282 1281 1283
1284 1282 1283
1284 1283 1285
1285 1286 1284
1285 1287 1286
1288 1286 1287
1288 1287 1289
1290 1288 1289
1290 1289 1291
1292 1290 1291
1292 1291 1293
1293 1294 1292
1293 1295 1294
1296 1297 1298
1296 1299 1297
1296 1300 1299
1300 1301 1299
1300 1302 1301
1303 1301 1302
1303 1302 1304
1305 1303 1304
1305 1304 1306
1307 1305 1306
1307 1306 1308
1307 1308 1309
1307 1309 1310
1311 1310 1309
1311 1309 1312
1313 1311 1312
1313 1312 1314
1315 1313 1314
1315 1316 1313
1316 1315 1317
1318 1319 1320
1318 1321 1319
1322 1319 1321
1322 1321 1323
1324 1322 1323
1324 1323 1325
1326 1324 1325
1326 1327 1324
1328 1327 1326
1328 1329 1327
1329 1328 1330
1329 1330 1331
1331 1330 1332
1331 1332 1333
1334 1333 1332
1334 1335 1333
1336 1335 1334
1336 1337 1335
1338 1337 1336
1338 1339 1337
1340 1339 1338
1340 1341 1339
1342 1343 1344
1342 1345 1343
1345 1342 1346
1345 1346 1347
1347 1346 1348
1347 1348 1349
1350 1349 1348
1350 1348 1351
1352 1350 1351
1352 1351 1353
1354 1352 1353
1354 1353 1355
1355 1356 1354
1355 1357 1356
1358 1356 1357
1358 1357 1359
1360 1358 1359
1360 1359 1361
1362 1360 1361
1362 1361 1363
1363 1364 1362
1363 1365 1364
1366 1367 1368
1366 1369 1367
1366 1370 1369
1370 1371 1369
1370 1372 1371
1373 1371 1372
1373 1372 1374
1375 1373 1374
1375 1374 1376
1377 1375 1376
1377 1376 1378
1377 1378 1379
1377 1379 1380
1381 1380 1379
1381 1379 1382
1383 1381 1382
1383 1382 1384
1385 1383 1384
1385 1386 1383
1386 1385 1387
1388 1389 1390
1390 1389 1391
1390 1391 1392
1392 1391 1393
1394 1395 1396
1396 1395 1397
1396 1397 1398
1396 1398 1399
1400 1401 1402
1402 1401 1403
1402 1403 1404
1402 1404 1405
1402 1405 1406
1407 1408 1409
1407 1409 1410
1411 1412 1413
1413 1412 1414
1413 1414 1415
1415 1414 1416
1417 1418 1419
1419 1418 1420
1420 1418 1421
1421 1418 1422
1423 1424 1425
1423 1425 1426
1427 1428 1429
1427 1429 1430
1427 1430 1431
1432 1433 1434
1432 1435 1433
1436 1433 1435
1433 1436 1437
1433 1437 1438
1439 1440 1441
1439 1442 1440
1440 1442 1443
1444 1445 1446
1445 1447 1446
1445 1448 1447
1445 1449 1448
1450 1451 1452
1451 1453 1452
1451 1454 1453
1451 1455 1454
1451 1456 1455
1457 1458 1459
1457 1459 1460
1461 1462 1463
1462 1464 1463
1465 1464 1462
1464 1465 1466
1467 1468 1469
1467 1469 1470
1471 1472 1473
1471 1474 1472
1471 1475 1474
1476 1477 1478
1476 1478 1479
1480 1479 1478
1478 1481 1480
1478 1482 1481
1483 1484 1485
1483 1485 1486
1485 1487 1486
1488 1489 1490
1489 1488 1491
1488 1492 1491
1492 1488 1493
1494 1495 1496
1497 1494 1496
1498 1497 1496
1497 1498 1499
1500 1501 1502
1500 1502 1503
1504 1505 1506
1504 1506 1507
1508 1509 1510
1508 1511 1509
1512 1509 1511
1512 1513 1509
1514 1513 1512
1514 1512 1515
1516 1517 1518
1516 1518 1519
1520 1521 1522
1520 1523 1521
1523 1520 1524
1523 1524 1525
1525 1524 1526
1525 1526 1527
1527 1526 1528
1527 1528 1529
1529 1528 1530
1529 1530 1531
1532 1533 1534
1532 1534 1535
1536 1537 1538
1536 1538 1539
1540 1541 1542
1540 1542 1543
1542 1544 1543
1542 1545 1544
1546 1544 1545
1546 1547 1544
1546 1548 1547
1546 1549 1548
1548 1549 1550
1548 1550 1551
1552 1553 1554
1552 1554 1555
1556 1557 1558
1556 1558 1559
1559 1558 1560
1559 1560 1561
1561 1560 1562
1561 1562 1563
1564 1565 1566
1564 1567 1565
1565 1567 1568
1565 1568 1569
1570 1569 1568
1570 1568 1571
1572 1573 1574
1572 1574 1575
1575 1574 1576
1575 1576 1577
1577 1576 1578
1577 1578 1579
1580 1581 1582
1580 1583 1581
1583 1584 1581
1583 1585 1584
1585 1586 1584
1585 1587 1586
1588 1589 1590
1588 1590 1591
1592 1588 1591
1592 1591 1593
1594 1592 1593
1594 1593 1595
1596 1597 1598
1596 1598 1599
1600 1599 1598
1600 1598 1601
1600 1601 1602
1600 1602 1603
1604 1605 1606
1604 1606 1607
1606 1608 1607
1606 1609 1608
1610 1608 1609
1610 1611 1608
1612 1613 1614
1612 1615 1613
1615 1616 1613
1615 1617 1616
1617 1618 1616
1617 1619 1618
1620 1621 1622
1620 1622 1623
1620 1624 1621
1620 1623 1625
1624 1626 1621
1625 1623 1626
1624 1627 1626
1625 1626 1627
1628 1629 1630
1628 1631 1629
1628 1630 1632
1628 1633 1631
1632 1630 1634
1633 1634 1631
1632 1634 1635
1633 1635 1634
1636 1637 1638
1636 1639 1637
1636 1638 1640
1640 1641 1636
1636 1642 1639
1641 1642 1636
1643 1641 1640
1644 1642 1641
1643 1645 1641
1646 1641 1645
1644 1641 1647
1647 1641 1646
1646 1645 1648
1647 1646 1649
1650 1646 1648
1650 1651 1646
1652 1649 1646
1652 1646 1651
1650 1653 1651
1652 1651 1654
1655 1651 1653
1656 1654 1651
1655 1657 1651
1656 1651 1657
1658 1657 1655
1657 1659 1656
1660 1657 1658
1660 1659 1657
1661 1660 1658
1662 1659 1660
1663 1660 1661
1662 1660 1663
1664 1665 1666
1664 1667 1665
1664 1666 1668
1668 1669 1664
1664 1670 1667
1669 1670 1664
1671 1669 1668
1672 1670 1669
1671 1673 1669
1674 1669 1673
1672 1669 1675
1675 1669 1674
1674 1673 1676
1675 1674 1677
1678 1674 1676
1678 1679 1674
1680 1677 1674
1680 1674 1679
1678 1681 1679
1680 1679 1682
1683 1679 1681
1684 1682 1679
1683 1685 1679
1684 1679 1685
1686 1685 1683
1685 1687 1684
1688 1685 1686
1688 1687 1685
1689 1688 1686
1690 1687 1688
1691 1688 1689
1690 1688 1691
1692 1693 1694
1692 1695 1693
1692 1694 1696
1696 1697 1692
1692 1698 1695
1697 1698 1692
1699 1697 1696
1700 1698 1697
1699 1701 1697
1702 1697 1701
1700 1697 1703
1703 1697 1702
1702 1701 1704
1703 1702 1705
1706 1702 1704
1706 1707 1702
1708 1705 1702
1708 1702 1707
1706 1709 1707
1708 1707 1710
1711 1707 1709
1712 1710 1707
1711 1713 1707
1712 1707 1713
1714 1713 1711
1713 1715 1712
1716 1713 1714
1716 1715 1713
1717 1716 1714
1718 1715 1716
1719 1716 1717
1718 1716 1719
1720 1721 1722
1720 1723 1721
1720 1722 1724
1724 1725 1720
1720 1726 1723
1725 1726 1720
1727 1725 1724
1728 1726 1725
1727 1729 1725
1730 1725 1729
1728 1725 1731
1731 1725 1730
1730 1729 1732
1731 1730 1733
1734 1730 1732
1734 1735 1730
1736 1733 1730
1736 1730 1735
1734 1737 1735
1736 1735 1738
1739 1735 1737
1740 1738 1735
1739 1741 1735
1740 1735 1741
1742 1741 1739
1741 1743 1740
1744 1741 1742
1744 1743 1741
1745 1744 1742
1746 1743 1744
1747 1744 1745
1746 1744 1747
1748 1749 1750
1751 1749 1748
1750 1749 1752
1752 1753 1750
1751 1754 1749
1755 1754 1751
1756 1752 1749
1754 1756 1749
1757 1753 1752
1757 1752 1758
1756 1758 1752
1757 1759 1753
1757 1758 1759
1753 1759 1760
1761 1760 1759
1762 1760 1761
1758 1763 1759
1759 1763 1761
1764 1762 1761
1763 1764 1761
1764 1763 1765
1766 1762 1764
1765 1766 1764
1767 1766 1765
1767 1765 1768
1758 1769 1763
1756 1769 1758
1756 1770 1769
1763 1769 1771
1765 1763 1771
1768 1765 1772
1768 1772 1773
1772 1765 1774
1774 1765 1771
1773 1772 1775
1774 1775 1772
1773 1775 1776
1771 1769 1777
1769 1770 1777
1774 1771 1778
1778 1771 1777
1778 1777 1779
1780 1775 1774
1778 1780 1774
1776 1775 1781
1780 1781 1775
1782 1776 1781
1783 1782 1781
1783 1781 1780
1783 1784 1782
1783 1780 1784
1784 1785 1782
1786 1785 1784
1787 1780 1778
1787 1784 1780
1779 1787 1778
1786 1784 1788
1787 1788 1784
1789 1786 1788
1790 1788 1787
1789 1788 1790
1790 1787 1791
1791 1787 1779
1792 1789 1790
1791 1792 1790
1793 1789 1792
1793 1792 1794
1791 1795 1792
1794 1792 1795
1795 1791 1796
1791 1779 1796
1794 1795 1797
1795 1796 1797
1794 1797 1798
1798 1797 1799
1796 1799 1797
1798 1799 1800
1801 1800 1799
1796 1802 1799
1803 1801 1799
1803 1799 1802
1803 1804 1801
1803 1802 1804
1804 1805 1801
1806 1805 1804
1802 1806 1804
1807 1805 1806
1796 1808 1802
1796 1779 1808
1809 1807 1806
1810 1807 1809
1811 1810 1809
1812 1810 1811
1812 1811 1813
1802 1814 1806
1814 1809 1806
1802 1808 1814
1814 1811 1809
1814 1808 1815
1815 1811 1814
1808 1779 1816
1815 1808 1816
1813 1811 1817
1813 1817 1818
1815 1819 1811
1811 1819 1817
1818 1817 1820
1819 1820 1817
1818 1820 1821
1821 1820 1822
1819 1822 1820
1822 1823 1821
1819 1815 1824
1824 1815 1816
1816 1779 1825
1779 1777 1825
1777 1770 1825
1770 1816 1825
1824 1816 1770
1826 1822 1819
1824 1826 1819
1827 1823 1822
1827 1822 1826
1827 1828 1823
1827 1826 1828
1823 1828 1829
1830 1829 1828
1831 1826 1824
1770 1831 1824
1831 1828 1826
1830 1828 1832
1831 1832 1828
1833 1830 1832
1833 1832 1834
1834 1832 1831
1755 1833 1834
1835 1831 1770
1834 1831 1835
1835 1770 1756
1754 1835 1756
1755 1836 1754
1755 1834 1836
1835 1754 1836
1835 1836 1834
