byte offset: 0
first index: 0
index count: 14670
topology: trianglelist
format: DXGI_FORMAT_R16_UINT

0 1 2
0 2 3
4 5 6
4 6 7
8 9 10
8 10 11
12 13 14
12 14 15
13 16 17
13 17 14
18 19 20
18 20 21
22 23 24
23 25 26
27 28 29
27 29 30
31 32 33
31 33 34
26 1 0
26 0 24
1 26 35
1 35 7
9 8 36
9 36 37
38 39 40
38 40 41
42 43 44
42 44 45
46 47 48
46 48 49
46 50 51
46 51 47
52 53 54
52 54 55
56 57 58
56 58 59
57 60 61
57 61 58
60 62 63
62 64 65
62 65 63
66 67 68
66 68 69
70 71 72
70 72 73
71 74 75
71 75 72
74 76 77
74 77 75
76 78 79
76 79 77
78 80 81
78 81 79
80 82 81
68 43 42
68 42 69
73 72 46
73 46 49
72 75 50
72 50 46
83 84 85
86 87 88
86 88 89
88 87 90
88 90 91
92 93 94
95 96 97
95 97 98
99 100 101
102 103 104
102 104 105
103 106 107
103 107 104
108 109 110
108 110 111
30 29 36
34 33 40
105 104 112
105 112 113
112 104 107
112 107 114
115 116 117
115 117 118
118 117 111
118 111 119
120 121 122
120 122 123
109 120 123
109 123 110
101 100 124
77 125 50
77 79 126
77 126 125
127 128 129
127 129 130
131 132 133
131 133 134
135 136 19
135 19 18
136 135 137
136 137 138
138 139 140
138 140 141
142 143 144
142 144 145
146 147 148
146 148 145
132 149 150
132 150 133
149 151 152
149 152 150
153 154 117
153 117 116
38 155 156
38 156 39
157 158 159
157 159 160
154 108 111
154 111 117
160 161 162
160 162 157
150 152 163
164 165 163
164 163 166
133 150 167
165 168 167
169 41 170
171 169 134
161 172 173
161 173 162
167 171 133
169 171 174
169 174 175
171 167 168
171 168 174
175 176 38
175 38 41
175 41 169
176 175 177
168 177 174
178 173 172
179 180 181
179 181 182
183 184 185
183 185 186
187 188 189
187 189 190
190 189 191
190 191 192
192 191 193
192 193 194
195 196 197
195 197 198
198 197 199
198 199 200
201 185 184
201 184 202
203 204 205
203 205 206
207 208 209
207 209 210
207 211 208
212 213 214
215 216 217
215 217 218
219 220 221
219 221 222
223 224 225
223 225 226
221 220 227
221 227 228
229 227 230
229 230 231
227 229 232
227 232 228
229 233 234
229 234 232
231 235 233
231 233 229
236 237 238
236 238 239
239 238 240
239 240 241
240 238 242
240 242 243
244 245 242
244 242 246
237 246 242
237 242 238
247 244 248
247 248 249
249 248 250
251 199 252
244 246 253
244 253 248
248 253 254
255 253 246
255 246 237
253 255 254
237 236 256
237 256 255
255 256 257
255 257 258
236 235 259
236 259 256
260 261 262
260 262 259
230 263 264
230 264 265
231 230 265
231 265 260
260 265 266
260 266 261
267 264 263
267 263 268
269 270 271
269 271 272
273 274 275
273 275 276
277 278 279
277 279 280
266 265 264
266 264 281
282 283 284
282 284 285
286 287 288
286 288 289
290 291 292
290 292 293
294 290 293
294 293 295
296 297 298
296 298 299
300 245 301
243 242 245
243 245 300
302 303 304
302 304 305
306 302 305
306 305 307
303 302 308
303 308 309
302 306 310
302 310 308
311 312 313
311 313 314
312 315 316
312 316 313
317 318 319
317 319 320
318 317 321
318 321 322
322 323 324
322 324 318
325 326 324
325 324 282
323 283 282
323 282 324
327 328 329
327 329 326
330 331 332
330 332 333
331 330 299
331 299 298
328 334 335
328 335 329
334 336 337
334 337 335
338 337 336
338 336 339
340 341 342
340 342 343
344 345 328
344 328 327
345 346 334
345 334 328
346 347 336
346 336 334
347 348 339
347 339 336
348 349 350
348 350 339
351 352 353
351 353 354
355 356 357
355 357 358
359 360 356
359 356 355
361 362 360
361 360 359
358 357 363
358 363 364
365 366 367
365 367 368
366 369 370
366 370 367
369 371 372
369 372 370
371 373 374
371 374 372
375 376 366
375 366 365
376 377 369
376 369 366
377 378 371
377 371 369
379 380 381
379 381 382
383 384 385
383 385 386
384 387 388
384 388 385
389 388 387
389 387 390
391 392 390
391 390 393
387 384 394
387 394 395
392 396 397
392 397 398
399 400 401
399 401 402
403 404 400
391 405 396
391 396 392
403 400 399
403 399 406
407 408 409
407 409 410
411 412 413
411 413 414
415 416 417
415 417 418
419 420 421
419 421 422
423 424 425
423 425 426
427 428 429
427 429 430
431 432 433
431 433 434
435 420 419
435 419 436
404 401 400
414 437 411
438 429 428
423 439 424
429 438 440
429 440 441
429 441 430
442 443 444
442 444 445
446 447 445
446 445 444
447 446 448
447 448 449
450 451 449
450 449 448
451 450 452
451 452 453
452 374 373
452 373 453
380 383 381
454 455 417
454 417 416
456 453 373
456 373 457
449 458 459
449 459 447
458 460 461
458 461 462
463 464 465
463 465 466
462 461 467
462 467 468
469 463 466
469 466 470
471 472 442
471 442 473
474 445 447
474 447 459
475 476 477
475 477 478
479 474 459
479 459 480
481 482 483
484 485 486
484 486 487
488 489 490
491 489 488
492 493 494
495 473 474
495 474 479
461 460 456
461 456 496
497 498 499
497 499 500
501 498 497
501 497 502
501 502 503
436 419 504
436 504 505
422 506 504
422 504 419
507 508 509
507 509 510
511 512 513
511 513 514
515 516 514
515 514 513
517 518 519
517 519 520
521 522 523
521 523 524
525 526 527
525 527 528
529 530 526
529 526 525
529 531 532
533 534 535
533 535 536
537 536 535
538 536 537
538 537 539
539 540 541
539 541 538
540 542 541
512 511 543
512 543 544
545 546 536
545 536 538
547 548 549
547 549 550
551 552 553
554 555 556
554 556 533
557 558 559
560 523 561
560 561 562
563 564 565
563 565 566
567 568 549
567 549 548
569 570 564
569 564 563
318 324 326
318 326 319
571 286 289
571 289 572
573 8 11
573 11 574
575 576 577
575 577 578
579 30 580
36 8 573
36 573 580
573 574 5
573 5 4
578 577 581
578 581 582
583 579 584
580 573 4
580 4 584
516 515 520
516 520 519
528 527 522
528 522 521
568 567 570
568 570 569
585 586 587
585 587 588
589 590 472
589 472 591
491 488 591
491 591 592
487 486 593
487 593 594
491 592 595
585 588 362
585 362 361
442 472 590
442 590 443
445 474 473
445 473 442
484 475 478
484 478 485
596 471 473
596 473 495
396 399 402
396 402 397
405 406 399
405 399 396
408 413 412
408 412 409
430 441 421
430 421 420
433 432 426
433 426 425
430 420 435
430 435 427
83 86 89
83 89 84
92 95 98
92 98 93
99 102 105
99 105 100
113 124 100
113 100 105
49 48 597
49 597 598
599 56 59
599 59 600
601 70 73
601 73 602
602 73 49
602 49 598
603 604 605
603 605 606
604 607 608
604 608 609
610 607 611
610 611 612
610 613 614
610 614 615
616 617 618
616 618 619
620 621 622
622 605 623
622 623 620
603 611 607
603 607 604
615 608 607
615 607 610
612 624 613
612 613 610
617 625 614
617 614 613
616 626 625
616 625 617
622 621 627
628 629 630
628 630 631
628 632 633
628 633 634
635 632 636
635 636 637
635 638 639
635 639 640
641 638 642
641 642 643
644 641 645
646 645 647
646 647 648
629 649 650
629 650 651
634 649 629
634 629 628
631 636 632
631 632 628
632 635 640
632 640 633
637 642 638
637 638 635
638 641 644
638 644 639
643 647 645
643 645 641
629 651 652
629 652 630
653 654 655
656 654 616
656 616 619
657 658 655
657 655 654
656 657 654
659 660 661
659 661 662
662 663 664
662 664 659
663 665 666
663 666 667
664 663 667
668 669 670
668 670 671
671 670 672
671 672 673
674 675 676
674 676 677
668 671 678
679 680 681
682 683 684
682 684 668
665 682 668
665 668 678
685 686 683
685 683 682
682 665 685
687 688 281
687 281 264
689 690 188
689 188 187
691 692 693
694 695 692
694 692 691
696 697 698
696 698 699
700 701 702
703 704 705
703 705 706
267 268 217
267 217 216
222 223 226
222 226 219
707 693 708
707 708 709
710 691 711
710 711 712
713 191 189
713 189 714
715 716 717
715 717 718
719 715 718
719 718 720
721 722 197
721 197 723
724 88 91
724 91 725
726 727 728
726 728 729
730 89 88
730 88 724
730 731 732
730 732 733
734 735 736
734 736 737
738 739 735
738 735 734
740 737 736
740 736 741
742 743 744
742 744 745
746 747 748
746 748 742
749 746 750
749 750 727
751 752 753
85 84 733
710 714 694
710 694 691
715 754 755
715 755 716
719 723 754
719 754 715
707 711 691
707 691 693
693 692 756
693 756 708
712 757 758
712 758 710
720 759 760
720 760 719
697 761 762
697 762 698
694 188 690
694 690 695
714 710 758
714 758 713
723 719 760
723 760 721
714 189 188
714 188 694
754 196 193
754 193 755
723 197 196
723 196 754
700 702 270
725 729 728
725 728 763
180 179 726
180 726 729
724 764 731
724 731 730
733 84 89
733 89 730
85 733 732
734 737 765
734 765 766
738 734 766
738 766 767
768 769 770
768 770 740
743 742 748
743 748 771
745 750 746
745 746 742
746 749 772
746 772 747
751 753 773
774 727 726
774 726 775
749 776 772
777 778 779
727 774 749
780 781 782
780 782 783
784 785 786
784 786 780
784 787 788
784 788 789
790 791 792
790 792 789
793 794 795
796 797 790
798 797 799
798 799 800
776 801 799
776 799 772
784 780 783
784 783 787
789 792 785
789 785 784
789 788 796
789 796 790
790 797 798
790 798 791
801 802 800
801 800 799
793 795 803
721 804 722
805 760 759
805 759 686
805 804 721
805 721 760
806 807 186
806 186 185
201 808 806
201 806 185
809 810 811
809 811 812
776 774 809
801 776 813
801 813 814
802 801 814
802 814 815
816 817 808
816 808 201
811 818 812
819 820 813
819 813 812
821 814 813
821 813 820
821 815 814
598 597 822
598 822 823
824 599 600
824 600 825
68 67 826
68 826 827
43 68 827
43 827 823
781 780 786
781 786 828
643 829 647
555 830 831
832 833 553
832 553 834
835 836 837
835 837 830
838 829 643
838 643 839
840 833 832
840 832 841
836 842 843
836 843 837
839 844 845
839 845 838
846 847 848
846 848 849
841 850 851
841 851 840
852 843 853
852 853 854
844 855 856
844 856 845
857 534 858
857 858 859
860 861 862
860 862 863
644 645 619
644 619 864
532 865 859
532 859 858
866 867 860
866 860 863
868 639 644
868 644 864
869 870 871
869 871 872
873 874 875
873 875 876
877 878 879
877 879 880
881 882 883
881 883 884
885 886 887
885 887 865
888 889 890
891 869 872
891 872 892
867 866 893
867 893 894
639 868 895
639 895 896
897 885 531
897 531 898
897 899 886
897 886 885
830 837 900
830 900 831
837 843 852
837 852 900
901 902 903
904 835 830
904 830 905
830 555 905
849 848 906
849 906 907
851 850 908
851 908 909
855 910 911
855 911 856
853 843 842
853 842 912
857 859 913
865 887 913
865 913 859
645 646 656
645 656 619
656 914 657
772 799 797
772 797 915
145 148 142
916 148 147
916 147 917
918 919 920
921 915 797
921 797 796
922 923 924
922 924 925
926 927 928
926 928 929
930 931 932
933 934 935
933 935 936
937 938 939
937 939 940
941 942 943
941 943 944
945 946 947
948 949 950
948 950 951
938 937 952
938 952 953
944 954 955
944 955 941
956 957 958
956 958 959
960 961 962
960 962 963
964 965 931
964 931 930
966 967 947
966 947 968
969 970 971
940 939 972
940 972 973
947 930 945
967 964 930
967 930 947
974 975 976
974 976 977
978 979 980
978 980 981
956 959 970
956 970 982
961 960 983
961 983 984
959 958 985
531 885 532
525 986 531
525 531 529
528 987 986
528 986 525
521 988 987
521 987 528
524 989 988
524 988 521
557 559 990
532 991 530
532 530 529
534 533 556
534 556 858
556 831 991
992 530 991
992 991 831
993 526 530
993 530 992
994 527 526
994 526 993
995 522 527
995 527 994
561 523 522
561 522 995
996 462 468
996 468 997
998 999 618
1000 1001 1002
1000 1002 1003
1004 469 470
1004 470 1005
1006 1007 996
1006 996 997
1008 999 624
1008 624 1009
1010 1011 1012
1010 1012 1013
1014 1015 1016
1014 1016 1017
1018 1019 1020
1018 1020 1021
1022 1023 1024
1022 1024 1025
456 457 1026
456 1026 496
467 461 1027
458 462 480
1007 1028 480
1007 480 996
1018 1021 1029
1018 1029 1030
460 451 453
460 453 456
449 451 460
449 460 458
546 554 533
546 533 536
1031 1032 1033
1031 1033 1034
1034 1033 1035
1034 1035 1036
1037 1038 1039
1037 1039 1040
1041 351 354
1041 354 1042
1043 1044 1045
1043 1045 1046
1047 1048 1049
1047 1049 1050
1039 1051 1052
1039 1052 350
1038 1053 1051
1038 1051 1039
626 616 654
626 654 653
1031 1054 1055
1031 1055 1032
1056 1057 1055
1056 1055 1054
364 363 1057
364 1057 1056
1026 457 378
1038 1037 1058
1041 1042 1059
1045 1044 1060
1053 1038 1058
1061 1062 665
1061 665 663
1063 1064 805
1063 805 685
1062 1063 685
1062 685 665
1065 804 805
1065 805 1064
816 1066 1067
816 1067 817
818 1068 819
685 805 686
914 1069 1070
914 1070 1071
1072 657 914
1072 914 1071
1073 658 657
1073 657 1072
663 662 658
214 213 1074
214 1074 1075
1076 1077 1078
1077 1079 1078
697 696 1080
761 697 1080
270 269 700
274 273 1081
1082 1083 1084
701 1085 1086
701 1086 702
690 271 1086
690 1086 695
245 244 247
245 247 301
1048 1047 1087
1088 1089 1090
1088 1090 1091
874 873 1092
874 1092 1093
1094 1095 1096
1094 1096 1097
889 1098 1099
889 1099 1100
898 1101 884
898 884 897
565 1102 1103
565 1103 566
373 371 378
373 378 457
1027 461 496
1001 1000 1104
1001 1104 1105
1004 1005 1106
1004 1106 1107
1108 1109 1007
1108 1007 1006
1009 1110 1111
1009 1111 1008
1109 1112 1028
1109 1028 1007
1010 1013 1105
1010 1105 1104
1106 1014 1017
1106 1017 1107
1019 1018 1109
1019 1109 1108
1110 1023 1022
1110 1022 1111
1018 1030 1112
1018 1112 1109
890 889 1100
890 1100 1113
1114 1115 1116
1117 1118 1119
1094 1097 1120
1098 889 888
379 1121 1122
379 1122 380
383 380 1122
383 1122 1123
384 383 1123
384 1123 394
1124 1125 1126
1124 1126 1127
847 846 1125
847 1125 1124
901 1128 902
903 902 853
903 853 912
907 906 1129
909 908 1130
911 910 1131
902 1128 854
902 854 853
480 462 996
555 831 556
535 534 857
535 857 537
858 556 991
858 991 532
663 658 1073
663 1073 1061
624 618 617
624 617 613
812 818 819
749 774 776
458 480 459
1027 496 1132
508 1133 1134
508 1134 1135
1132 496 1026
1027 1132 1136
554 905 555
552 1137 834
552 834 553
1138 1139 1140
1138 1140 1141
1139 1142 1143
1139 1143 1144
1144 1145 1146
1144 1146 1147
1148 1149 1150
1149 1148 1151
1152 1153 1154
1152 1154 1155
1156 1157 1158
1156 1158 1159
1160 1161 1162
1160 1162 1163
1164 1165 1166
1164 1166 1167
1168 1169 1170
1168 1171 1169
1172 1173 1174
1172 1174 1175
1176 1177 1178
1176 1178 1179
1180 1181 1182
1180 1182 1183
1184 1185 1186
1184 1186 1187
1188 1185 1184
1188 1184 1189
1190 1191 1189
1190 1189 1184
1192 1193 1194
1192 1194 1195
1190 1195 1196
1190 1196 1191
1197 1198 1199
1197 1199 1200
1200 1201 1202
1200 1202 1197
1199 1203 1204
1199 1204 1200
1204 1205 1201
1204 1201 1200
1206 1204 1203
1206 1203 1207
1206 1208 1205
1206 1205 1204
1209 1210 1211
1209 1211 1212
1213 1209 1212
1214 1215 1216
1214 1216 1217
1218 1219 1216
1218 1216 1215
1220 1221 1222
1220 1222 1223
1224 1225 1226
1224 1226 1227
1228 1229 1230
1228 1230 1231
1232 1233 1234
1221 1231 1230
1221 1230 1222
1226 1235 1231
1226 1231 1221
1236 1237 1238
1236 1238 1239
1240 1236 1239
1240 1239 1241
1242 1243 1241
1242 1241 1244
1245 1246 1239
1245 1239 1238
1247 1248 1249
1247 1249 1250
1251 1252 1253
1251 1253 1254
1255 1256 1257
1255 1257 1258
1259 1260 1261
1259 1261 1262
1263 1264 1265
1266 1267 1268
1266 1268 1269
1270 1217 1271
1270 1271 1272
1273 1274 1275
1273 1275 1276
1277 1278 1279
1277 1279 1280
1281 1282 1283
1281 1283 1284
1270 1266 1269
1270 1269 1285
1286 1271 1217
1286 1217 1216
1287 1288 1289
1287 1289 1290
1291 1292 1293
1291 1293 1294
1295 1296 1297
1295 1297 1298
1299 1300 1301
1299 1301 1295
1302 1303 1304
1302 1304 1305
1306 1307 1308
1306 1308 1309
1310 1311 1312
1310 1312 1313
1314 1315 1316
1314 1316 1317
1318 1319 1320
1318 1320 1321
1322 1323 1324
1322 1324 1325
1326 1327 1328
1326 1328 1329
1326 1330 1331
1326 1331 1327
1332 1333 1334
1332 1334 1335
1336 1333 1337
1336 1337 1338
1339 1340 1341
1339 1341 1342
1343 1344 1341
1343 1341 1340
1345 1346 1347
1345 1347 1348
1349 1350 1345
1349 1345 1348
1349 1351 1352
1349 1352 1353
1354 1353 1355
1354 1355 1356
1357 1358 1359
1357 1359 1360
1361 1362 1363
1361 1363 1364
1365 1366 1367
1365 1367 1368
1352 1368 1367
1352 1367 1369
1353 1352 1370
1353 1370 1355
1370 1352 1371
1355 1372 1356
1355 1370 1372
1373 1374 1375
1373 1375 1376
1377 1378 1379
1380 1381 1382
1380 1382 1383
1384 1385 1386
1384 1386 1383
1383 1382 1387
1383 1387 1384
1388 1389 1390
1388 1390 1391
1392 1393 1394
1392 1394 1395
1396 1397 1398
1396 1398 1399
1400 1401 1397
1400 1397 1396
1402 1403 1404
1402 1404 1405
1406 1407 1403
1406 1403 1402
1408 1409 1410
1408 1410 1411
1412 1413 1319
1412 1319 1414
1415 1416 1417
1415 1417 1418
1419 1420 1421
1422 1423 1387
1422 1387 1424
1141 1140 1425
1141 1425 1426
1427 1428 1429
1147 1146 1430
1147 1430 1431
1432 1433 1434
1432 1434 1435
1436 1437 1438
1436 1438 1439
1440 1441 1442
1440 1442 1443
1444 1445 1446
1444 1446 1447
1448 1449 1450
1448 1450 1215
1451 1452 1453
1451 1453 1454
1455 1456 1159
1455 1159 1158
1457 1458 1459
1457 1459 1460
1461 1462 1463
1461 1463 1464
1465 1466 1467
1465 1467 1468
1469 1470 1471
1469 1471 1472
1458 1473 1474
1458 1474 1459
1475 1476 1477
1475 1477 1478
1479 1480 1481
1479 1481 1482
1483 1484 1485
1486 1487 1488
1486 1488 1489
1490 1491 1492
1490 1492 1493
1494 1495 1496
1494 1496 1497
1490 1498 1499
1490 1499 1491
1500 1496 1495
1500 1495 1501
1448 1215 1214
1448 1214 1502
1503 1504 1505
1503 1505 1506
1504 1507 1508
1504 1508 1509
1386 1510 1511
1386 1511 1512
1513 1514 1515
1513 1515 1516
1510 1386 1385
1510 1385 1517
1518 1519 1520
1518 1520 1521
1522 1523 1524
1522 1524 1525
1526 1527 1528
1526 1528 1529
1530 1531 1521
1530 1521 1520
1532 1533 1534
1532 1534 1535
1536 1537 1538
1536 1538 1539
1540 1541 1542
1540 1542 1543
1533 1544 1545
1533 1545 1534
1546 1547 1548
1546 1548 1549
1405 1550 1551
1405 1551 1402
1552 1553 1554
1555 1556 1373
1555 1373 1406
1557 1558 1559
1557 1559 1560
1561 1562 1563
1561 1563 1564
1565 1566 1567
1568 1569 1570
1568 1570 1571
1269 1572 1573
1269 1573 1285
1556 1574 1374
1556 1374 1373
1293 1575 1576
1293 1576 1577
1578 1579 1580
1578 1580 1581
1575 1293 1292
1575 1292 1582
1583 1584 1585
1583 1585 1586
1587 1588 1589
1590 1578 1581
1590 1581 1591
1592 1593 1594
1592 1594 1289
1595 1596 1422
1595 1422 1424
1289 1594 1597
1289 1597 1290
1579 1598 1599
1579 1599 1580
1600 1601 1602
1600 1602 1603
1604 1605 1606
1604 1606 1601
1607 1608 1609
1607 1609 1610
1611 1607 1612
1611 1612 1613
1614 1610 1615
1614 1615 1616
1617 1618 1619
1617 1619 1620
1310 1621 1622
1310 1622 1623
1313 1314 1624
1313 1624 1375
1625 1626 1317
1625 1317 1627
1628 1414 1629
1621 1630 1631
1621 1631 1622
1407 1406 1373
1407 1373 1376
1632 1633 1634
1635 1138 1141
1635 1141 1636
1637 1638 1138
1637 1138 1635
1639 1640 1641
1639 1641 1642
1643 1644 1645
1646 1647 1648
1646 1648 1649
1650 1651 1652
1650 1652 1653
1654 1655 1656
1654 1656 1657
1658 1659 1660
1658 1660 1661
1662 1663 1664
1662 1664 1665
1666 1665 1664
1666 1664 1667
1668 1666 1667
1668 1667 1669
1670 1671 1672
1670 1672 1673
1674 1675 1676
1674 1676 1677
1678 1679 1680
1681 1682 1683
1681 1683 1684
1685 1686 1687
1685 1687 1688
1689 1690 1691
1689 1691 1692
1689 1692 1693
1689 1693 1694
1695 1696 1697
1695 1697 1698
1699 1700 1701
1702 1703 1704
1702 1704 1705
1706 1707 1705
1706 1705 1704
1708 1709 1710
1708 1710 1711
1711 1712 1713
1711 1713 1400
1711 1710 1712
1699 1701 1400
1699 1400 1713
1714 1715 1716
1714 1716 1717
1718 1716 1715
1718 1715 1719
1720 1721 1722
1720 1722 1723
1724 1725 1726
1724 1726 1727
1725 1728 1729
1725 1729 1726
1730 1731 1732
1730 1732 1733
1734 1735 1736
1734 1736 1737
1728 1725 1738
1728 1738 1739
1740 1741 1731
1740 1731 1730
1741 1260 1742
1741 1742 1731
1260 1735 1734
1260 1734 1742
1244 1246 1254
1244 1254 1248
1262 1249 1253
1262 1253 1743
1743 1744 1259
1743 1259 1262
1745 1746 1747
1686 1685 1748
1686 1748 1749
1685 1690 1750
1685 1750 1748
1751 1689 1694
1751 1694 1752
1187 1186 1753
1187 1753 1754
1755 1756 1193
1755 1193 1192
1756 1757 1193
1758 1176 1181
1199 1198 1759
1199 1759 1760
1760 1761 1203
1760 1203 1199
1762 1763 1210
1762 1210 1207
1210 1763 1764
1210 1764 1211
1765 1273 1277
1766 1684 1767
1724 1768 1738
1724 1738 1725
1769 1770 1771
1769 1771 1772
1773 1774 1775
1773 1775 1776
1777 1778 1779
1777 1779 1780
1781 1782 1783
1781 1783 1784
1785 1786 1787
1785 1787 1788
1789 1790 1791
1789 1791 1792
1793 1794 1795
1793 1795 1796
1797 1798 1799
1797 1799 1800
1801 1802 1803
1801 1803 1799
1655 1654 1661
1655 1661 1804
1671 1674 1677
1671 1677 1672
1686 1683 1682
1686 1682 1687
1686 1749 1805
1686 1805 1683
1806 1663 1660
1806 1660 1659
1675 1678 1807
1675 1807 1676
1690 1685 1688
1690 1688 1691
1690 1689 1751
1690 1751 1750
1185 1808 1809
1185 1809 1186
1185 1188 1810
1185 1810 1808
1342 1341 1347
1342 1347 1346
1347 1341 1344
1347 1344 1811
1482 1481 1812
1482 1812 1813
1186 1809 1814
1186 1814 1753
1815 1809 1808
1815 1808 1816
1816 1808 1810
1816 1810 1817
1336 1340 1339
1336 1339 1818
1338 1343 1340
1338 1340 1336
1819 1820 1821
1819 1821 1812
1814 1809 1815
1814 1815 1822
1177 1176 1758
1180 1758 1181
1335 1823 1332
1824 1332 1823
1825 1826 1827
1828 1476 1475
1182 1181 1176
1182 1176 1179
1190 1184 1187
1190 1187 1829
1830 1348 1347
1830 1347 1811
1831 1832 1480
1831 1480 1479
1829 1187 1754
1829 1754 1833
1195 1190 1829
1195 1829 1192
1196 1195 1194
1196 1194 1834
1353 1354 1350
1353 1350 1349
1348 1830 1351
1348 1351 1349
1831 1483 1485
1831 1485 1832
1192 1829 1833
1192 1833 1755
1210 1209 1206
1210 1206 1207
1209 1213 1208
1209 1208 1206
1366 1363 1835
1366 1835 1836
1837 1838 1500
1837 1500 1501
1498 1839 1840
1498 1840 1499
1207 1203 1761
1207 1761 1762
1841 1842 1198
1841 1198 1197
1197 1202 1843
1197 1843 1841
1362 1361 1844
1362 1844 1845
1497 1846 1847
1497 1847 1494
1848 1849 1493
1848 1493 1492
1842 1850 1759
1842 1759 1198
1145 1851 1852
1145 1852 1853
1305 1304 1854
1305 1854 1855
1856 1857 1858
1856 1858 1859
1860 1861 1437
1860 1437 1436
1138 1638 1142
1138 1142 1139
1296 1640 1639
1296 1639 1297
1862 1863 1864
1862 1864 1865
1649 1648 1433
1649 1433 1432
1866 1867 1868
1866 1868 1869
1870 1868 1867
1870 1867 1871
1302 1306 1309
1302 1309 1303
1866 1869 1150
1866 1150 1872
1439 1438 1873
1439 1873 1874
1295 1301 1875
1295 1875 1296
1855 1299 1876
1855 1876 1877
1878 1879 1302
1878 1302 1305
1880 1881 1307
1880 1307 1306
1640 1882 1883
1640 1883 1641
1877 1878 1305
1877 1305 1855
1296 1875 1882
1296 1882 1640
1879 1880 1306
1879 1306 1302
1884 1885 1845
1884 1845 1357
1886 1835 1363
1886 1363 1362
1836 1887 1367
1836 1367 1366
1367 1887 1369
1366 1365 1364
1366 1364 1363
1885 1886 1362
1885 1362 1845
1888 1408 1889
1890 1891 1892
1890 1892 1893
1894 1895 1627
1894 1627 1896
1451 1454 1897
1451 1897 1898
1899 1900 1901
1899 1901 1902
1895 1320 1903
1895 1903 1904
1154 1157 1905
1154 1905 1155
1450 1154 1153
1450 1153 1215
1313 1312 1315
1313 1315 1314
1447 1446 1441
1447 1441 1440
1449 1455 1158
1449 1158 1450
1626 1624 1314
1626 1314 1317
1272 1906 1266
1272 1266 1270
1285 1214 1217
1285 1217 1270
1402 1551 1555
1402 1555 1406
1502 1214 1285
1502 1285 1573
1906 1907 1267
1906 1267 1266
1268 1267 1264
1268 1264 1908
1909 1550 1405
1909 1405 1633
1910 1572 1269
1910 1269 1268
1174 1911 1912
1174 1912 1150
1173 1913 1911
1173 1911 1174
1325 1324 1329
1325 1329 1328
1468 1467 1474
1468 1474 1473
1330 1773 1776
1330 1776 1331
1780 1779 1466
1780 1466 1465
1913 1914 1770
1913 1770 1769
1784 1464 1463
1784 1463 1781
1853 1852 1871
1853 1871 1867
1868 1870 1915
1868 1915 1916
1917 1916 1915
1917 1915 1918
1154 1450 1158
1154 1158 1157
1891 1899 1902
1891 1902 1892
1919 1284 1568
1869 1868 1916
1869 1916 1148
1148 1916 1917
1148 1917 1920
1921 1853 1867
1921 1867 1866
1139 1144 1147
1139 1147 1140
1150 1149 1174
1922 1923 1924
1922 1924 1925
1924 1923 1912
1924 1912 1911
1172 1926 1927
1172 1927 1928
1173 1172 1928
1173 1928 1929
1924 1769 1772
1924 1772 1925
1173 1929 1914
1173 1914 1913
1913 1769 1924
1913 1924 1911
1168 1170 1930
1931 1925 1772
1931 1772 1932
1933 1922 1925
1933 1925 1931
1934 1935 1783
1934 1783 1782
1774 1936 1937
1774 1937 1775
1938 1939 1778
1938 1778 1777
1940 1932 1772
1940 1772 1771
1941 1942 1153
1941 1153 1152
1942 1218 1215
1942 1215 1153
1943 1944 1945
1943 1945 1946
1623 1947 1311
1623 1311 1310
1621 1375 1374
1621 1374 1630
1574 1948 1630
1574 1630 1374
1313 1375 1621
1313 1621 1310
1820 1949 1478
1820 1478 1821
1481 1480 1950
1481 1950 1951
1952 1485 1953
1954 1847 1486
1954 1486 1955
1956 1495 1494
1956 1494 1957
1958 1501 1495
1958 1495 1956
1959 1837 1960
1959 1960 1961
1812 1481 1951
1812 1951 1819
1950 1480 1832
1950 1832 1962
1962 1832 1485
1962 1485 1952
1960 1837 1501
1960 1501 1958
1957 1494 1847
1957 1847 1954
1863 1963 1964
1863 1964 1864
1865 1965 1966
1865 1966 1862
1967 1968 1969
1967 1969 1970
1971 1972 1973
1971 1973 1974
1975 1976 1977
1975 1977 1978
1979 1461 1464
1979 1464 1980
1981 1982 1983
1984 1784 1783
1984 1783 1985
1859 1858 1986
1859 1986 1987
1865 1864 1988
1865 1988 1989
1859 1967 1970
1859 1970 1856
1990 1991 1461
1990 1461 1979
1980 1464 1784
1980 1784 1984
1985 1783 1935
1985 1935 1992
1993 1994 1995
1993 1995 1996
1997 1998 1999
1997 1999 2000
2001 2002 2003
2001 2003 2004
2005 2006 2007
2005 2007 2008
1465 1468 2009
1465 2009 2010
1473 1458 2011
1473 2011 2012
2013 1777 1780
2013 1780 2014
2000 1999 2015
2000 2015 2016
1996 1995 1998
1996 1998 1997
1468 1473 2012
1468 2012 2009
1780 1465 2010
1780 2010 2014
2017 2018 1994
2017 1994 1993
2019 2020 2021
2022 2023 2024
2022 2024 2025
2026 2027 2028
2026 2028 2029
2030 2031 2032
2030 2032 2033
2034 2035 2036
2034 2036 2037
2027 2038 2039
2027 2039 2028
2024 2040 2041
2024 2041 2025
2035 2030 2033
2035 2033 2036
2042 2034 2037
2042 2037 2043
2044 2045 2046
2047 1905 1157
2047 1157 1156
1263 2048 1908
2049 1489 1559
2049 1559 2050
2051 2052 1564
1845 1844 1358
1845 1358 1357
1846 1487 1486
1846 1486 1847
2053 2054 1842
2053 1842 1841
1841 1843 2055
1841 2055 2053
1849 1848 2056
1849 2056 2057
2054 2058 1850
2054 1850 1842
1357 1360 2059
1357 2059 1884
1489 2049 1955
1489 1955 1486
2060 2061 1848
2060 1848 1492
2062 2063 2064
2062 2064 2065
1229 1228 1604
1229 1604 2066
1380 1608 2067
1380 2067 1381
1514 2068 2069
1514 2069 1515
1228 1231 1235
1228 1235 2070
1383 1386 1512
1383 1512 1380
1512 1511 2071
1512 2071 1609
2072 2073 2074
2072 2074 2075
2074 2073 2076
2074 2076 2077
2078 2079 2080
2078 2080 2081
2082 2083 1587
2082 1587 1589
2082 1589 2079
2082 2079 2078
2084 2085 2086
2084 2086 2087
2088 2089 2090
2070 1605 1604
2070 1604 1228
1609 1608 1380
1609 1380 1512
1604 1601 1600
1604 1600 2066
1611 2067 1608
1611 1608 1607
2068 1619 1618
2068 1618 2069
1610 1609 2071
1610 2071 1615
2075 2087 2086
2075 2086 2072
1156 1159 1899
1156 1899 1891
1899 1159 1456
1899 1456 1900
1627 1895 1904
1627 1904 1625
1317 1316 1896
1317 1896 1627
1898 1897 1445
1898 1445 1444
2016 2015 2003
2016 2003 2002
2040 2026 2029
2040 2029 2041
2047 1156 1891
2047 1891 1890
1145 1853 1921
1145 1921 1146
1855 1854 1300
1855 1300 1299
1146 1921 2091
1146 2091 1430
1144 1143 1851
1144 1851 1145
1876 1299 1295
1876 1295 1298
1965 1858 1857
1965 1857 1966
2092 1504 1503
2092 1503 2093
1590 1507 2094
1590 2094 2095
1536 1530 2096
1536 2096 2097
1541 1537 2098
1541 2098 2099
2100 2101 2102
2100 2102 2103
1579 1578 2104
1579 2104 2105
1578 1590 2095
1578 2095 2104
1586 2106 2107
1586 2107 2108
2109 2110 2111
2109 2111 2112
2113 2114 2115
2113 2115 2116
1507 1590 1591
1507 1591 1508
2117 2118 2064
2117 2064 2063
2119 2120 2121
2119 2121 2122
2123 2124 2125
2123 2125 2126
2127 2128 2129
1415 1418 2130
1415 2130 2131
1577 1576 1593
1577 1593 1592
1585 2132 2106
1585 2106 1586
2124 2123 2133
2124 2133 2134
2106 1598 2135
2106 2135 2107
2136 2137 2138
2136 2138 2139
1416 2140 2141
1416 2141 1417
2128 2142 2143
2128 2143 2144
2145 2146 2147
2145 2147 2148
2108 2149 1583
2108 1583 1586
1598 2106 2132
1598 2132 1599
2081 2080 2134
2081 2134 2133
2131 2130 1596
2131 1596 1595
2105 2135 1598
2105 1598 1579
2140 2150 2151
2140 2151 2141
2149 2152 2144
2149 2144 1583
2137 2136 2153
2128 2127 2142
2154 2146 2145
2155 1520 1519
2155 1519 2156
1242 1244 1248
1242 1248 1247
1251 1254 1246
1251 1246 1245
1389 1392 1395
1389 1395 1390
1522 1525 1529
1522 1529 1528
1530 1536 1539
1530 1539 1531
1241 1239 1246
1241 1246 1244
1530 1520 2155
1530 2155 2096
1237 1236 2157
1237 2157 2158
1236 1240 2159
1236 2159 2157
1388 1391 2160
1388 2160 2161
2162 1519 1518
2162 1518 2163
2164 2165 2166
1243 2167 1240
1243 1240 1241
2156 1519 2162
2156 2162 2168
1249 1262 1261
1249 1261 1250
1252 2169 1743
1252 1743 1253
1394 1393 1399
1394 1399 1398
1526 1532 1535
1526 1535 1527
1537 1541 1540
1537 1540 1538
1254 1253 1249
1254 1249 1248
2097 2098 1537
2097 1537 1536
2170 1472 2171
2172 1938 2173
2172 2173 2174
2175 2176 2177
2175 2177 2178
2179 2180 2181
2179 2181 2182
2183 2184 2185
2183 2185 2186
2187 2188 2186
2187 2186 2185
2189 2190 2191
2189 2191 2192
2193 2194 2190
2193 2190 2189
2195 2196 2197
2195 2197 2198
2196 2195 2199
2176 2179 2182
2176 2182 2177
2180 2184 2183
2180 2183 2181
1702 2200 2201
1702 2201 1703
2202 1714 1717
2202 1717 2203
1727 1797 1800
1727 1800 1724
1768 1724 1800
1768 1800 2204
2192 2191 1786
2192 1786 1785
2205 2206 2207
2208 2209 2210
1790 1789 2211
1790 2211 2212
1793 1796 2213
1793 2213 2214
1801 2215 2216
1801 2216 2217
2218 1802 1801
2218 1801 2217
1707 1706 1709
1707 1709 1708
1719 1720 1723
1719 1723 1718
1733 1729 1728
1733 1728 1730
1730 1728 1739
1730 1739 1740
2198 2197 2194
2198 2194 2193
1273 1765 1274
1277 1280 1765
1888 1409 1408
1558 1557 2219
2052 1561 1564
2053 1278 1276
2053 1276 2054
1889 1408 1411
1889 1411 2220
2219 2221 1558
2051 1564 1563
2051 1563 2222
1828 1475 2223
2224 2225 1931
2224 1931 1932
1931 2225 2226
1931 2226 1933
1471 1470 1992
1471 1992 1935
2227 2224 1932
2227 1932 1940
1937 1936 2228
1937 2228 2229
2230 1939 1938
2230 1938 2172
1934 2231 1471
1934 1471 1935
1938 1777 2013
1938 2013 2173
2232 2233 2234
2232 2234 2111
1227 1226 1221
1227 1221 1220
2235 1513 1516
2235 1516 2236
2237 2238 1225
2237 1225 1224
2238 1287 1290
2238 1290 1225
2239 1592 1289
2239 1289 1288
1294 1293 1577
1294 1577 2240
2136 2139 2241
2240 1577 1592
2240 1592 2239
1861 1860 1435
1861 1435 1434
2242 2060 1492
2242 1492 1491
2243 2242 1491
2243 1491 1499
2244 2245 1840
2244 1840 2246
2245 2243 1499
2245 1499 1840
2061 2247 2056
2061 2056 1848
1959 2248 1838
1959 1838 1837
1821 2249 1813
1821 1813 1812
2250 2251 2252
2250 2252 2253
2254 2255 2256
2254 2256 2257
2258 2259 2260
2258 2260 2261
2262 2263 2260
2262 2260 2259
2264 2265 2266
2264 2266 2267
2268 2269 2270
2268 2270 2271
2272 2273 2274
2272 2274 2275
2275 2274 2276
2275 2276 2277
1652 1651 2269
1652 2269 2268
2271 2270 2273
2271 2273 2272
2256 2258 2261
2256 2261 2257
2255 2254 2251
2255 2251 2250
2267 2266 2263
2267 2263 2262
2233 2232 2114
2233 2114 2113
2278 1400 1701
2278 1401 1400
1694 1693 1696
1694 1696 1695
1695 2279 1752
1695 1752 1694
1737 2280 1734
2280 2281 1742
2280 1742 1734
1731 1742 2282
2281 2282 1742
1721 2283 2284
1721 2284 1722
1807 1680 2285
1678 1680 1807
1859 2286 1967
1193 2287 2288
1193 2288 1194
1194 2288 1834
2289 2279 1695
2289 1695 1698
2287 2290 2288
1942 2291 2292
1942 2292 1218
2293 2294 1443
2293 1443 1442
2295 2296 2297
2295 2297 2298
2299 2300 2301
2300 2302 2303
2300 2303 2301
2304 2305 2300
2304 2300 2299
2305 2306 2302
2305 2302 2300
2118 2307 2308
2118 2308 2064
1387 2305 1384
2306 2305 1387
2306 1387 1423
2309 1735 1260
2309 1260 1259
2310 2311 2312
2310 2312 2313
2314 2315 2316
2314 2316 2317
65 64 2315
65 2315 2314
60 63 61
2318 2319 2320
1369 1371 1352
656 646 914
648 1069 914
648 914 646
1137 552 2312
1137 2312 2311
1731 2282 1732
340 327 326
340 326 325
343 344 327
343 327 340
2321 365 368
2321 368 2322
2321 375 365
1225 1290 1597
1225 1597 1226
2323 144 143
2323 143 2324
7 6 2
7 2 1
581 17 16
581 16 582
35 25 583
7 35 584
7 584 4
768 740 741
768 741 2325
740 770 765
740 765 737
0 3 2326
0 2326 2327
12 15 2328
12 2328 2329
2330 2331 22
2330 22 2332
2333 24 0
2333 0 2327
768 2334 2335
768 2335 769
2336 2334 768
2336 768 2325
272 271 690
272 690 689
276 275 688
276 688 687
1082 279 278
1082 278 1083
695 1086 1085
695 1085 692
702 1086 271
702 271 270
215 218 1077
215 1077 1076
1077 218 225
1077 225 1079
699 698 708
699 708 756
698 762 709
698 709 708
1075 1074 706
1075 706 705
483 587 586
483 586 481
490 589 591
490 591 488
471 592 591
471 591 472
493 594 593
493 593 494
596 595 592
596 592 471
606 605 2337
606 2337 627
609 623 605
609 605 604
953 952 976
953 976 975
979 955 954
979 954 980
968 958 957
968 957 966
963 962 949
963 949 948
2338 958 968
2339 782 781
2339 781 2340
823 822 44
823 44 43
824 825 54
824 54 53
602 827 826
602 826 601
598 823 827
598 827 602
2340 781 828
2340 828 2341
2342 292 291
2342 291 2343
309 308 312
309 312 311
308 310 315
308 315 312
2344 674 677
2344 677 2345
294 295 2346
305 304 2347
307 305 2347
681 680 2344
681 2344 2345
2348 2349 2350
2348 2350 2351
2352 2353 2354
2352 2354 2355
2356 2357 2358
2356 2358 990
2359 2360 2361
2359 2361 2362
2363 2359 2362
2363 2362 2364
2356 2352 2355
2356 2355 560
2365 2366 2367
2365 2367 2368
2139 2138 1582
2139 1582 1292
2144 2143 1584
2144 1584 1583
2148 2147 2126
2148 2126 2125
1420 2151 2150
1420 2150 1421
2128 2144 2152
2128 2152 2129
1291 2241 2139
1291 2139 1292
2369 1602 1601
2369 1601 1606
1614 1612 1607
1614 1607 1610
1603 1602 1233
1603 1233 2370
1613 1612 1378
1613 1378 2371
1379 1614 1616
1379 1616 2372
2373 1617 1620
2373 1620 2374
2375 2376 2085
2375 2085 2084
1265 1264 1267
1265 1267 1907
1554 1553 2042
1554 2042 2043
1634 1633 1405
1634 1405 1404
1908 1264 1263
1909 1633 1632
1268 1908 2048
1268 2048 1910
1114 1090 1089
1114 1089 1115
1093 1092 1118
1093 1118 1117
877 1096 1095
877 1095 878
1100 1099 882
1100 882 881
1113 1100 881
1113 881 2377
1091 871 870
1091 870 1088
876 875 894
876 894 893
880 879 896
880 896 895
884 883 899
884 899 897
881 884 1101
881 1101 2377
544 543 2349
544 2349 2348
2356 560 562
2356 562 2357
651 650 2360
651 2360 2359
2363 652 651
2363 651 2359
2366 1103 1102
2366 1102 2367
2355 2354 989
2355 989 524
560 2355 524
560 524 523
30 579 2378
30 2378 27
579 583 2379
579 2379 2378
583 25 2380
583 2380 2379
25 23 2381
25 2381 2380
23 22 2331
23 2331 2381
2382 2332 2333
2383 2384 2385
2384 2386 2387
2384 2387 2385
2387 2386 455
2387 455 454
381 383 386
532 885 865
2388 2389 110
2388 110 123
110 2389 119
110 119 111
182 2390 2391
182 2391 179
2391 2390 2392
2391 2392 2393
91 90 181
91 181 180
116 107 106
116 106 153
114 107 116
114 116 115
96 159 158
96 158 97
725 91 180
725 180 729
724 725 763
724 763 764
195 194 193
195 193 196
241 234 233
241 233 239
239 233 235
239 235 236
260 259 235
260 235 231
256 259 262
256 262 257
757 717 716
757 716 758
716 755 713
716 713 758
755 193 191
755 191 713
2343 288 287
2343 287 2342
320 314 313
320 313 317
313 316 321
313 321 317
675 673 672
675 672 676
2394 2395 122
122 2395 2388
122 2388 123
779 778 2396
2397 2398 2399
2399 2398 2400
2399 2400 2401
2402 2403 2404
2402 2404 2405
2405 2404 2406
2405 2406 2407
2407 2406 2408
2407 2408 2409
923 922 2410
923 2410 2411
917 2412 2413
917 2413 916
2414 2415 918
2416 2417 921
2416 921 796
918 2415 2418
918 2418 2419
942 926 929
942 929 943
934 933 951
934 951 950
2419 2420 919
2419 919 918
2420 127 130
2420 130 919
156 10 9
156 9 39
21 20 576
21 576 575
34 29 28
34 28 31
39 9 37
39 37 40
37 29 34
767 744 743
767 743 738
738 743 771
738 771 739
1039 350 349
1039 349 1040
296 353 352
296 352 297
1046 661 660
1046 660 1043
1036 1035 1050
1036 1050 1049
339 350 1052
339 1052 338
398 389 390
398 390 392
395 393 390
395 390 387
410 415 418
410 418 407
434 500 499
434 499 431
505 504 508
505 508 507
508 504 506
508 506 1133
179 2391 775
179 775 726
811 2421 205
811 205 204
204 2422 818
204 818 811
2422 2423 1068
2422 1068 818
2393 810 775
2393 775 2391
810 809 774
810 774 775
2424 2425 2426
2424 2426 2427
2427 2426 2428
2427 2428 2429
2430 2431 2432
183 186 779
183 779 2396
779 186 807
779 807 777
2433 2401 2402
2433 2402 2434
2435 2436 2437
2435 2437 2438
2439 2399 2401
2439 2401 2433
2434 2402 2405
2434 2405 2440
2405 2407 2441
2405 2441 2442
2441 2407 2409
2441 2409 2443
2403 2402 2401
2403 2401 2400
2397 2399 2439
227 220 263
227 263 230
220 219 268
220 268 263
219 226 217
219 217 268
226 225 218
226 218 217
1079 225 224
199 197 722
2444 1219 2445
2444 2445 2446
1216 1219 2444
1216 2444 1286
1170 1169 2225
1170 2225 2224
1169 1171 2226
1169 2226 2225
1469 1472 2170
2227 1930 1170
2227 1170 2224
2171 1472 1471
2171 1471 2231
2172 2174 2447
2229 2228 2448
2230 2172 2447
2449 1988 1864
2449 1864 1964
1989 2450 1965
1989 1965 1865
1981 2451 1982
1872 2091 1921
1872 1921 1866
1431 1425 1140
1431 1140 1147
2450 1986 1858
2450 1858 1965
1987 2286 1859
2452 1840 1839
1650 1653 2453
2454 1657 2455
1670 1673 2456
1681 1684 1766
1767 1684 1683
1767 1683 1805
1646 2457 2458
1646 2458 1647
1635 1636 1644
1635 1644 2459
2460 1637 1635
2460 1635 2459
1642 1641 2461
1642 2461 2462
1426 2463 1636
1426 1636 1141
2461 1641 1883
2461 1883 2464
1963 2465 2466
1963 2466 1964
2466 2467 2449
2466 2449 1964
1281 1284 1919
1412 1414 1628
1567 1566 2468
1567 2468 2469
1568 1571 1919
1318 1629 1414
1318 1414 1319
1569 1568 1284
1569 1284 1283
2021 2020 2470
2021 2470 2471
2046 2045 2472
2046 2472 2473
1894 1321 1320
1894 1320 1895
2468 1453 1452
2468 1452 2469
1893 1892 1283
1893 1283 1282
1902 1901 1570
1902 1570 1569
1413 1903 1320
1413 1320 1319
1892 1902 1569
1892 1569 1283
2470 2001 2004
2470 2004 2471
2472 2039 2038
2472 2038 2473
1234 1233 1602
1234 1602 2369
1379 1378 1612
1379 1612 1614
2375 2090 2089
2375 2089 2376
2370 1233 1232
2371 1378 1377
1379 2372 1377
2373 2374 2474
1429 1428 2458
1429 2458 2457
2463 1645 1644
2463 1644 1636
2465 1983 1982
2465 1982 2466
1982 2451 2467
1982 2467 2466
2459 1644 1643
2460 2459 1643
2462 2461 2475
2461 2464 2475
1747 1746 2159
1747 2159 2476
2477 2478 1745
2478 1746 1745
2479 2480 2481
2482 2483 2484
2485 2166 2165
2485 2165 2486
2487 2482 2484
2488 2207 2206
2488 2206 2489
2477 2158 2157
2477 2157 2478
2157 2159 1746
2157 1746 2478
2161 2160 2480
2161 2480 2479
2482 2162 2163
2482 2163 2483
2487 2168 2162
2487 2162 2482
2167 2476 2159
2167 2159 1240
2485 2486 1524
2485 1524 1523
2178 2488 2489
2178 2489 2175
1788 1787 2490
1788 2490 2491
1792 1791 2201
1792 2201 2200
2203 1795 1794
2203 1794 2202
1801 1799 1798
1801 1798 2215
1800 1799 1803
1800 1803 2204
2210 2209 2491
2210 2491 2490
2212 2211 2492
2214 2213 2493
2217 2216 2494
2218 2217 2494
2054 1276 1275
2054 1275 2058
2055 1279 1278
2055 1278 2053
1411 1410 2059
1411 2059 1360
1560 1559 1489
1560 1489 1488
2056 1563 1562
2056 1562 2057
2050 1559 1558
2050 1558 2221
1273 1276 1278
1273 1278 1277
2220 1411 1360
2220 1360 1359
2247 2222 1563
2247 1563 2056
1179 1178 1822
1179 1822 1815
1183 1182 1816
1183 1816 1817
1818 1334 1333
1818 1333 1336
1824 1337 1333
1824 1333 1332
1478 1477 2249
1478 2249 1821
1816 1182 1179
1816 1179 1815
1475 1478 1949
1475 1949 2223
2253 2252 1826
2253 1826 1825
2334 753 752
2334 752 2335
2336 773 753
2336 753 2334
2327 2326 2382
2329 2328 2495
2330 2332 2382
2333 2327 2382
2333 2332 22
971 970 959
974 977 2496
978 981 2497
982 970 969
984 983 2498
2352 559 558
2352 558 2353
2356 990 559
2356 559 2352
2351 2350 2499
990 2358 557
2362 2361 2500
2364 2362 2500
2365 2368 2501
1012 1011 2502
1016 1015 2503
1021 1020 2504
1025 1024 2505
1029 1021 2504
42 45 2506
52 55 2507
66 69 2506
69 42 2506
2340 795 794
2340 794 2339
803 795 2340
803 2340 2341
1654 1657 2454
1654 2454 2508
1804 1661 1660
1804 1660 2509
1664 1663 1806
1664 1806 2510
1667 1664 2510
1667 2510 1356
1669 1667 1356
1669 1356 1372
1661 1654 2508
1661 2508 1658
2509 1660 1663
2509 1663 1662
2455 1657 1656
1873 2511 1874
1148 1150 1869
1174 1149 1175
1148 1920 1151
1193 1757 2287
177 175 174
2324 2512 2323
925 924 973
925 973 972
2412 928 927
2412 927 2413
2513 931 2415
936 935 2417
936 2417 2416
2415 931 965
2415 965 2418
81 126 79
128 2514 2515
128 2515 129
776 809 812
776 812 813
2516 2517 2290
2516 2290 2287
2517 2518 2290
282 285 325
325 285 341
325 341 340
38 176 155
254 255 258
248 254 250
249 250 2519
165 167 163
163 152 166
167 150 163
133 171 134
134 169 170
170 41 33
40 33 41
37 34 40
36 29 37
584 579 580
580 30 36
35 583 584
26 25 35
24 23 26
2333 22 24
920 919 2520
2414 918 920
2513 2415 2414
932 931 2513
945 930 932
947 946 968
2338 968 946
985 958 2338
971 959 985
2521 2522 2515
2521 2515 2523
2522 2524 129
2522 129 2515
2524 2525 130
2524 130 129
2525 2520 130
2526 2527 2528
2527 140 139
2527 139 2528
32 2529 170
32 170 33
2529 131 134
2529 134 170
136 138 141
2530 2531 2532
2530 2532 2533
2534 2535 2536
2534 2536 2537
2538 2539 2540
2538 2540 2541
2539 2542 2543
2539 2543 2540
2530 2533 2543
2530 2543 2542
2544 2545 2546
2547 2548 2549
2547 2549 2550
2551 2547 2550
2551 2550 2552
2553 2554 2551
2553 2551 2552
2533 2532 2554
2533 2554 2553
2555 2556 2557
2555 2557 2558
2530 2556 2555
2530 2555 2531
2559 2560 2561
2562 2563 2564
2562 2564 2565
2566 2562 2565
2566 2565 2567
2568 2566 2567
2568 2567 2569
2535 2568 2569
2535 2569 2536
2570 2571 2572
2570 2572 2573
2574 2534 2571
2574 2571 2570
2575 2576 2546
2577 2578 2579
2577 2579 2580
2581 2582 2578
2581 2578 2577
2583 2584 2582
2583 2582 2581
2541 2540 2584
2541 2584 2583
2585 2586 2587
2585 2587 2588
2539 2538 2586
2539 2586 2585
2576 2589 2546
2578 2590 2591
2578 2591 2579
2592 2590 2578
2592 2578 2582
2593 2592 2582
2593 2582 2584
2540 2543 2593
2540 2593 2584
2594 2585 2588
2594 2588 2595
2542 2539 2585
2542 2585 2594
2589 2544 2546
2550 2549 2591
2550 2591 2590
2552 2550 2590
2552 2590 2592
2593 2553 2552
2593 2552 2592
2543 2533 2553
2543 2553 2593
2556 2594 2595
2556 2595 2557
2542 2594 2556
2542 2556 2530
2534 2574 2596
2534 2596 2535
2562 2597 2598
2562 2598 2563
2566 2599 2597
2566 2597 2562
2568 2600 2599
2568 2599 2566
2535 2596 2600
2535 2600 2568
2601 2602 2572
2601 2572 2571
2537 2601 2571
2537 2571 2534
2548 2603 2604
2548 2604 2549
2560 2559 2605
2560 2605 2606
2576 2575 2607
2576 2607 2608
2589 2576 2608
2589 2608 2609
2549 2604 2609
2549 2609 2591
2610 2560 2606
2610 2606 2611
2544 2604 2603
2544 2603 2545
2606 2605 2564
2606 2564 2563
2608 2607 2580
2608 2580 2579
2609 2608 2579
2609 2579 2591
2589 2609 2604
2589 2604 2544
2611 2606 2563
2611 2563 2598
2561 2560 2610
2612 2613 2614
2612 2614 2615
2612 2615 2616
2616 2615 2617
2616 2617 2618
2618 2617 2619
2618 2619 2620
2620 2619 2621
2620 2621 2622
2622 2621 2623
2622 2623 2624
2625 2626 2627
2628 2629 2625
2628 2625 2627
2630 2631 2629
2630 2629 2628
2632 2633 2631
2632 2631 2630
2634 2633 2632
2634 2632 2635
2636 2637 2634
2636 2634 2635
2638 2613 2639
2638 2639 2640
2638 2640 2641
2641 2640 2642
2641 2642 2643
2643 2642 2644
2643 2644 2645
2639 2613 2612
2639 2612 2616
2639 2616 2640
2640 2616 2618
2640 2618 2642
2642 2618 2620
2642 2620 2644
2644 2620 2622
2644 2622 2646
2646 2622 2624
2646 2624 2647
2627 2626 2648
2628 2627 2648
2628 2648 2649
2630 2628 2649
2630 2649 2650
2632 2630 2650
2632 2650 2651
2635 2632 2651
2635 2651 2652
2635 2652 2653
2635 2653 2636
2654 2643 2645
2654 2645 2655
2654 2656 2641
2654 2641 2643
2656 2657 2638
2656 2638 2641
2613 2638 2657
2658 2659 2660
2658 2660 2661
2646 2647 2659
2646 2659 2658
2645 2644 2646
2645 2646 2658
2658 2661 2655
2658 2655 2645
2662 2663 2664
2665 2666 2667
2665 2667 2668
2666 2669 2670
2666 2670 2667
2669 2671 2672
2669 2672 2670
2671 2673 2674
2671 2674 2672
2673 2675 2676
2673 2676 2674
2677 2678 2679
2680 2681 2682
2680 2682 2683
2684 2680 2683
2684 2683 2685
2686 2684 2685
2686 2685 2687
2688 2689 2686
2688 2686 2687
2690 2689 2688
2690 2688 2691
2692 2693 2664
2694 2695 2696
2694 2696 2697
2695 2698 2699
2695 2699 2696
2698 2700 2701
2698 2701 2699
2693 2662 2664
2697 2696 2666
2697 2666 2665
2696 2699 2669
2696 2669 2666
2699 2701 2671
2699 2671 2669
2701 2702 2673
2701 2673 2671
2702 2703 2675
2702 2675 2673
2678 2704 2679
2680 2705 2706
2680 2706 2681
2684 2707 2705
2684 2705 2680
2686 2708 2707
2686 2707 2684
2689 2709 2708
2689 2708 2686
2689 2690 2710
2689 2710 2709
2711 2712 2698
2711 2698 2695
2711 2695 2694
2711 2694 2713
2664 2714 2692
2715 2716 2717
2715 2717 2718
2702 2715 2718
2702 2718 2703
2700 2715 2702
2700 2702 2701
2665 2668 2663
2665 2663 2662
2681 2678 2677
2681 2677 2682
2694 2697 2693
2694 2693 2692
2697 2665 2662
2697 2662 2693
2681 2706 2704
2681 2704 2678
2713 2694 2692
2713 2692 2714
2715 2700 2719
2715 2719 2716
2700 2698 2712
2700 2712 2719
2720 2721 2722
2720 2722 2723
2724 2725 2726
2724 2726 2727
2726 2725 2728
2726 2728 2729
2730 2731 2732
2730 2732 2733
2723 2732 2731
2723 2731 2720
2734 2735 2736
2734 2736 2737
2737 2736 2738
2737 2738 2739
2740 2741 2742
2740 2742 2743
2744 2745 2746
2744 2746 2747
2745 2748 2749
2745 2749 2746
2741 2740 2750
2741 2750 2751
2752 2753 2754
2752 2754 2755
2753 2756 2757
2753 2757 2754
2758 2759 2760
2758 2760 2761
2760 2759 2762
2760 2762 2763
2764 2765 2763
2764 2763 2762
2766 2767 2753
2766 2753 2752
2768 2756 2753
2768 2753 2767
2767 2769 2770
2767 2770 2768
2771 2730 2733
2771 2733 2772
2755 2754 2745
2755 2745 2744
2754 2757 2748
2754 2748 2745
2773 2758 2761
2773 2761 2774
2769 2767 2766
2769 2766 2775
2729 2728 2771
2729 2771 2772
2747 2746 2736
2747 2736 2735
2736 2746 2749
2736 2749 2738
2774 2751 2750
2774 2750 2773
2776 2777 2778
2776 2778 2779
2780 2781 2782
2780 2782 2783
2784 2781 2780
2784 2780 2785
2786 2787 2788
2786 2788 2789
2777 2776 2789
2777 2789 2788
2790 2791 2792
2790 2792 2793
2794 2790 2793
2794 2793 2795
2796 2797 2798
2796 2798 2799
2800 2801 2802
2800 2802 2803
2803 2802 2804
2803 2804 2805
2806 2796 2799
2806 2799 2807
2808 2809 2810
2808 2810 2811
2811 2810 2812
2811 2812 2813
2814 2815 2816
2814 2816 2817
2816 2818 2819
2816 2819 2817
2820 2819 2818
2820 2818 2821
2822 2808 2811
2822 2811 2823
2824 2823 2811
2824 2811 2813
2823 2824 2825
2823 2825 2826
2827 2828 2787
2827 2787 2786
2809 2800 2803
2809 2803 2810
2810 2803 2805
2810 2805 2812
2829 2830 2815
2829 2815 2814
2822 2823 2826
2822 2826 2831
2785 2828 2827
2785 2827 2784
2801 2791 2790
2801 2790 2802
2804 2802 2790
2804 2790 2794
2806 2807 2830
2806 2830 2829
2724 2727 2832
2734 2737 2833
2737 2739 2833
2743 2742 2834
2783 2782 2835
2793 2792 2836
2795 2793 2836
2798 2797 2837
2838 2839 2840
2838 2840 2841
2842 2843 2844
2842 2845 2846
2842 2846 2843
2847 2848 2849
2847 2849 2850
2841 2851 2852
2841 2852 2838
2853 2854 2855
2854 2856 2855
2857 2858 2859
2860 2861 2862
2860 2862 2863
2861 2864 2865
2861 2865 2862
2857 2866 2867
2857 2867 2858
2868 2869 2870
2868 2870 2871
2869 2872 2873
2869 2873 2870
2874 2875 2876
2874 2876 2877
2878 2876 2875
2878 2875 2879
2880 2881 2882
2880 2882 2883
2884 2885 2886
2884 2886 2887
2888 2889 2886
2888 2886 2885
2885 2890 2891
2885 2891 2888
2892 2893 2894
2892 2894 2895
2871 2870 2896
2871 2896 2897
2896 2870 2873
2896 2873 2898
2899 2900 2901
2899 2901 2902
2890 2885 2884
2890 2884 2903
2852 2851 2849
2852 2849 2848
2882 2878 2879
2882 2879 2883
2887 2886 2869
2887 2869 2868
2869 2886 2889
2869 2889 2872
2904 2905 2893
2904 2893 2892
2863 2862 2906
2863 2906 2907
2906 2862 2865
2906 2865 2908
2902 2909 2910
2902 2910 2899
2911 2912 2913
2911 2913 2914
2915 2916 2917
2915 2917 2918
2919 2916 2915
2919 2915 2920
2921 2922 2923
2921 2923 2924
2912 2911 2925
2912 2925 2926
2927 2928 2929
2927 2929 2930
2931 2927 2930
2931 2930 2932
2933 2934 2935
2933 2935 2936
2937 2938 2939
2937 2939 2940
2940 2939 2941
2940 2941 2942
2943 2933 2936
2943 2936 2944
2945 2946 2947
2945 2947 2948
2949 2948 2947
2949 2947 2950
2951 2952 2953
2951 2953 2954
2955 2956 2957
2955 2957 2958
2959 2960 2961
2959 2961 2962
2963 2964 2965
2963 2965 2966
2967 2966 2965
2967 2965 2968
2966 2967 2969
2966 2969 2970
2971 2972 2922
2971 2922 2921
2973 2937 2940
2973 2940 2974
2974 2940 2942
2974 2942 2975
2976 2977 2952
2976 2952 2951
2963 2966 2970
2963 2970 2978
2925 2979 2980
2925 2980 2926
2958 2957 2961
2958 2961 2960
2964 2945 2948
2964 2948 2965
2968 2965 2948
2968 2948 2949
2920 2972 2971
2920 2971 2919
2939 2938 2928
2939 2928 2927
2939 2927 2931
2939 2931 2941
2943 2944 2977
2943 2977 2976
2979 2924 2923
2979 2923 2980
2974 2947 2946
2974 2946 2973
2950 2947 2974
2950 2974 2975
2954 2953 2956
2954 2956 2955
2918 2917 2981
2930 2929 2982
2932 2930 2982
2935 2934 2983
2846 2845 2905
2846 2905 2904
2909 2867 2866
2909 2866 2910
2907 2906 2854
2907 2854 2853
2854 2906 2908
2854 2908 2856
2850 2895 2894
2850 2894 2847
2897 2896 2861
2897 2861 2860
2861 2896 2898
2861 2898 2864
2877 2901 2900
2877 2900 2874
2984 2985 2986
2984 2986 2987
2988 2989 2990
2988 2990 2991
2992 2988 2991
2992 2991 2993
2984 2994 2995
2996 2997 2998
2996 2998 2999
3000 3001 3002
3000 3002 3003
3004 3005 3006
3007 3008 3009
3007 3009 3010
3004 3006 3011
3012 3013 3010
3012 3010 3009
3014 3015 3016
3014 3016 3017
3018 3019 3020
3021 3022 3023
3021 3023 3024
3025 3026 3022
3025 3022 3021
3027 3026 3025
3027 3025 3028
3029 3027 3028
3029 3028 3030
3031 3029 3030
3031 3030 3032
3033 3034 3035
3033 3035 3036
3018 3037 3019
3021 3024 3038
3021 3038 3039
3025 3021 3039
3025 3039 3040
3028 3025 3040
3028 3040 3041
3030 3028 3041
3030 3041 3042
3032 3030 3042
3032 3042 3043
3044 3032 3043
3044 3043 3045
3044 3045 3046
3044 3046 3047
3017 3016 3047
3017 3047 3046
3048 3033 3036
3048 3036 3049
3050 3051 3017
3050 3017 3052
3018 3053 3037
3039 3038 3054
3039 3054 3055
3040 3039 3055
3040 3055 3056
3057 3058 3046
3057 3046 3045
3052 3017 3046
3052 3046 3058
3057 3059 3058
3060 3061 3062
3060 3062 3063
3064 3062 3061
3064 3061 3065
3066 3067 3068
3066 3068 3069
3070 3071 3050
3070 3050 3072
3073 3074 3061
3073 3061 3060
3067 3065 3075
3067 3075 3076
3068 3067 3076
3068 3076 3077
3078 3068 3077
3078 3077 3079
3080 3081 3082
3080 3082 3083
3084 3085 3086
3084 3086 3087
3088 3089 3090
3088 3090 3091
3092 3088 3091
3092 3091 3093
3094 3095 3092
3094 3092 3093
3096 3097 3095
3096 3095 3094
3098 3099 3100
3098 3100 3101
3098 3101 3102
3098 3102 3103
3104 3105 3106
3104 3106 3107
3101 3108 3102
3105 3109 3110
3105 3110 3106
3106 3110 3111
3106 3111 3112
3113 3112 3111
3113 3111 3114
3115 3113 3114
3115 3114 3116
3115 3116 3117
3115 3117 3118
3119 3080 3083
3119 3083 3120
3101 3100 3085
3101 3085 3084
3084 3089 3108
3084 3108 3101
3110 3109 3088
3110 3088 3092
3110 3092 3095
3110 3095 3111
3111 3095 3097
3111 3097 3114
3114 3097 3121
3114 3121 3116
3117 3116 3121
3117 3121 3122
3123 3124 3125
3126 3127 3128
3128 3127 3129
3128 3129 3130
3131 3132 3133
3131 3133 3134
3135 3131 3134
3135 3134 3136
3137 3135 3136
3137 3136 3138
3126 3139 3127
3140 3129 3127
3140 3127 3139
3134 3133 3141
3134 3141 3142
3136 3134 3142
3136 3142 3143
3138 3136 3143
3138 3143 3144
3126 3145 3146
3147 3146 3145
3147 3145 3148
3149 3150 3151
3149 3151 3152
3153 3149 3152
3153 3152 3154
3155 3153 3154
3155 3154 3156
3155 3156 3157
3155 3157 3158
3158 3157 3159
3158 3159 3160
3161 3160 3159
3161 3159 3162
3124 3161 3162
3124 3162 3125
3163 3164 3165
3163 3165 3166
3167 3163 3166
3167 3166 3168
3169 3123 3170
3126 3146 3139
3146 3147 3140
3146 3140 3139
3142 3141 3150
3142 3150 3149
3143 3142 3149
3143 3149 3153
3153 3155 3144
3153 3144 3143
3001 2996 2999
3001 2999 3002
3171 3172 3173
3171 3173 3174
3175 3176 3177
3175 3177 3178
3179 3180 3175
3179 3175 3178
3181 3182 3183
3181 3183 3184
3185 3186 3187
3185 3187 3188
3189 3185 3188
3189 3188 3190
3191 2989 2988
3191 2988 3192
2992 3193 3192
2992 3192 2988
2996 3194 2997
3000 3195 3196
3000 3196 3001
2996 3001 3196
2996 3196 3197
3181 2990 2989
3181 2989 3187
2984 2987 2994
3198 3199 3200
3198 3200 3201
3202 3199 3198
3202 3198 3203
3204 3205 3206
3204 3206 3207
3208 3209 3210
3211 3212 3213
3211 3213 3214
3208 3210 3215
2990 3181 3184
2990 3184 3216
3188 3187 2989
3188 2989 3191
3190 3188 3191
3190 3191 3217
3182 3181 3187
3182 3187 3186
3205 3204 3218
3205 3218 3219
3220 3221 3214
3220 3214 3213
3222 3223 3224
3222 3224 3225
3226 3227 3228
3226 3228 3229
3230 3231 3232
3233 3225 3234
3233 3234 3235
3236 3234 3237
3236 3237 3227
3238 3239 3240
3238 3240 3241
3230 3242 3243
3176 3175 3198
3176 3198 3201
3180 3203 3198
3180 3198 3175
3244 3235 3236
3244 3236 3245
3246 3233 3247
3246 3247 3248
3249 3250 3251
3249 3251 3252
3253 3254 3255
3253 3255 3256
3249 3257 3258
3249 3258 3250
3257 3259 3260
3257 3260 3258
3261 3262 3263
3256 3264 3265
3256 3265 3266
3251 3264 3267
3251 3267 3268
3266 3265 3269
3266 3269 3270
3271 3272 3260
3271 3260 3241
3273 3274 3275
3273 3275 3276
3277 3278 3279
3277 3279 3280
3281 3282 3283
3281 3283 3284
3285 3286 3287
3285 3287 3288
3289 3290 3291
3289 3291 3292
3293 3294 3295
3273 3276 3296
3273 3296 3297
3298 3299 3300
3298 3300 3301
3281 3302 3303
3281 3303 3282
3304 3281 3284
3304 3284 3305
3306 3307 3308
3306 3308 3309
3308 3307 3310
3308 3310 3311
3312 3313 3314
3312 3314 3315
3316 3317 3318
3319 3320 3321
3319 3321 3322
3323 3324 3313
3323 3313 3312
3311 3325 3314
3311 3314 3313
3326 3327 3328
3326 3328 3329
3318 3309 3322
3318 3322 3321
3324 3308 3311
3324 3311 3313
3325 3311 3310
3325 3310 3330
3316 3318 3321
3316 3321 3320
3296 3276 3300
3296 3300 3331
3276 3275 3301
3276 3301 3300
3275 3302 3332
3275 3332 3301
3332 3281 3304
3332 3304 3333
3334 3335 3278
3334 3278 3277
3336 3337 3338
3336 3338 3339
3288 3287 3340
3288 3340 3341
3342 3343 3289
3342 3289 3292
3287 3344 3345
3287 3345 3340
3293 3295 3346
3264 3256 3255
3264 3255 3267
3253 3256 3266
3253 3266 3347
3264 3251 3250
3264 3250 3265
3265 3250 3258
3265 3258 3269
3272 3269 3258
3272 3258 3260
3252 3251 3268
3252 3268 3348
3241 3260 3259
3241 3259 3349
3350 3271 3241
3350 3241 3351
3261 3263 3352
3235 3244 3353
3235 3353 3354
3355 3239 3227
3355 3227 3237
3239 3238 3228
3239 3228 3227
3226 3245 3236
3226 3236 3227
3356 3238 3241
3356 3241 3349
3237 3234 3225
3237 3225 3224
3222 3225 3233
3222 3233 3246
3354 3247 3233
3354 3233 3235
3230 3232 3242
3213 3204 3207
3213 3207 3220
3212 3218 3204
3212 3204 3213
3208 3215 3357
3358 3350 3351
3358 3351 3359
3328 3360 3361
3328 3361 3362
3363 3364 3365
3363 3365 3366
3329 3328 3362
3329 3362 3367
3360 3350 3358
3360 3358 3361
3067 3066 3064
3067 3064 3065
3061 3074 3075
3061 3075 3065
3285 3288 3292
3285 3292 3291
3341 3342 3292
3341 3292 3288
3087 3090 3089
3087 3089 3084
3103 3102 3105
3103 3105 3104
3109 3105 3102
3109 3102 3108
3109 3108 3089
3109 3089 3088
3280 3279 3336
3280 3336 3339
3274 3303 3302
3274 3302 3275
3332 3302 3281
3301 3332 3333
3301 3333 3298
3130 3129 3133
3130 3133 3132
3141 3133 3129
3141 3129 3140
3150 3147 3148
3150 3148 3151
3141 3140 3147
3141 3147 3150
3318 3317 3306
3318 3306 3309
3323 3319 3322
3323 3322 3324
3324 3322 3309
3324 3309 3308
3060 3063 3368
3073 3060 3368
3294 3290 3289
3294 3289 3295
3295 3289 3343
3295 3343 3346
3024 3023 3369
3024 3369 3370
3371 3038 3024
3371 3024 3370
3372 3054 3038
3372 3038 3371
3348 3268 3373
3348 3373 3374
3267 3255 3375
3268 3267 3375
3268 3375 3373
3375 3255 3254
3376 3377 3378
3223 3379 3380
3223 3380 3224
3377 3381 3378
3382 3355 3381
3383 3384 3385
3383 3385 2993
3380 3381 3237
3380 3237 3224
3381 3355 3237
3386 3383 2993
3122 3387 3388
3122 3388 3389
3240 3351 3241
3390 3331 3391
3390 3391 3392
3299 3391 3331
3299 3331 3300
3326 3393 3394
3326 3394 3327
3050 3052 3395
3050 3395 3072
3082 3396 3397
3082 3397 3083
3398 3397 3399
3083 3397 3398
3083 3398 3120
3399 3397 3400
3401 3399 3118
3401 3118 3117
3402 3395 3052
3402 3052 3058
3403 3402 3058
3403 3058 3059
3396 3404 3400
3396 3400 3397
3405 3400 3404
3405 3404 3406
3399 3400 3405
3399 3405 3118
3407 3408 3409
3407 3409 3410
3408 3403 3059
3408 3059 3409
3406 3411 3412
3406 3412 3405
3412 3115 3118
3412 3118 3405
3411 3413 3414
3411 3414 3412
3413 3415 3416
3413 3416 3414
3417 3418 3416
3417 3416 3415
3419 3420 3421
3422 3423 3424
3422 3424 3425
3426 3427 3428
3426 3429 3427
3430 3431 3432
3430 3432 3433
3434 3435 3432
3434 3432 3436
3437 3438 3439
3440 3441 3416
3440 3416 3418
3442 3412 3414
3441 3442 3414
3441 3414 3416
3442 3113 3115
3112 3113 3442
3112 3442 3443
3112 3443 3107
3112 3107 3106
3335 3334 3444
3335 3444 3445
3446 3447 3448
3444 3449 3450
3451 3449 3444
3344 3452 3453
3344 3453 3345
3445 3444 3450
3445 3450 3454
3455 3456 3078
3455 3078 3079
3457 3453 3452
3457 3452 3393
3455 3458 3459
3447 3446 3460
3460 3446 3461
3462 3461 3446
3462 3446 3448
3437 3463 3464
3437 3464 3438
3463 3465 3461
3456 3466 3407
3455 3467 3466
3455 3466 3456
3459 3467 3455
3468 3469 3470
3468 3470 3424
3435 3434 3471
3435 3471 3472
3473 3474 3461
3473 3461 3462
3431 3475 3436
3431 3436 3432
3470 3476 3425
3470 3425 3424
3474 3477 3463
3474 3463 3461
3463 3477 3478
3463 3478 3464
3479 3480 3418
3479 3418 3417
3418 3480 3481
3418 3481 3440
3480 3470 3469
3480 3469 3481
3476 3470 3480
3476 3480 3479
3473 3482 3483
3473 3483 3474
3482 3471 3434
3482 3434 3483
3434 3436 3484
3434 3484 3483
3477 3474 3483
3477 3483 3484
3484 3485 3478
3484 3478 3477
3436 3475 3485
3436 3485 3484
3049 3486 3487
3049 3487 3048
3488 3489 3490
3488 3490 3491
3492 3016 3015
3492 3015 3493
3044 3047 3494
3044 3494 3495
3496 3490 3489
3496 3489 3497
3498 3499 3500
3498 3500 3173
3501 3502 3503
3501 3503 3504
3505 3491 3490
3505 3490 3506
3507 3508 3509
3507 3509 3510
3511 3512 3513
3514 3499 3515
3514 3515 3516
3517 3518 3519
3385 3384 3517
3385 3517 3519
3032 3044 3495
3032 3495 3031
3009 3520 3384
3009 3384 3012
3492 3494 3047
3492 3047 3016
3488 3491 3521
3488 3521 3522
3523 3524 3525
3526 3521 3491
3526 3491 3505
3527 3528 3529
3527 3529 3530
3522 3521 3531
3522 3531 3532
3532 3531 3528
3532 3528 3527
3520 3533 3517
3520 3517 3384
3518 3534 3516
3518 3516 3515
3513 3512 3535
3513 3535 3536
3517 3533 3534
3517 3534 3518
3537 3538 3539
3537 3539 3540
3528 3541 3542
3528 3542 3529
3543 3544 3545
3543 3545 3546
3547 3548 3549
3547 3549 3550
3551 3531 3521
3551 3521 3526
3531 3551 3541
3531 3541 3528
3523 3552 3524
3549 3553 3552
3549 3552 3544
3553 3554 3536
3553 3536 3535
3548 3554 3553
3548 3553 3549
3031 3520 3009
3031 3009 3008
3495 3533 3520
3495 3520 3031
3553 3535 3552
3552 3523 3545
3552 3545 3544
3555 3556 3537
3557 3558 3559
3560 3561 3559
3560 3559 3562
3563 3564 3556
3563 3556 3565
3543 3550 3549
3543 3549 3544
3515 3566 3567
3515 3567 3518
3566 3515 3499
3566 3499 3498
3519 3568 3569
3519 3569 3385
2993 3385 3569
2993 3569 2992
2992 3569 3570
2992 3570 3193
3567 3568 3519
3567 3519 3518
3571 3570 3569
3571 3569 3568
3195 3000 3572
3195 3572 3573
3574 3572 3000
3574 3000 3575
3573 3576 3577
3576 3578 3579
3576 3579 3577
3576 3573 3572
3580 3576 3572
3581 3582 3583
3581 3583 3584
3582 3572 3574
3582 3574 3583
3580 3585 3578
3580 3578 3576
3586 3587 3588
3589 3590 3591
3585 3592 3593
3585 3593 3578
3592 3594 3595
3592 3595 3593
3594 3596 3589
3594 3589 3595
3589 3596 3590
3597 3598 3599
3600 3597 3599
3601 3595 3589
3601 3589 3591
3602 3603 3598
3602 3598 3597
3597 3600 3604
3597 3604 3602
3605 3579 3578
3605 3578 3593
3595 3601 3605
3595 3605 3593
3606 3607 3608
3602 3609 3606
3602 3606 3603
3610 3609 3602
3610 3602 3604
3611 3612 3570
3611 3570 3571
3584 3613 3614
3584 3614 3581
3587 3586 3609
3587 3609 3610
3216 3615 2991
3216 2991 2990
2991 3615 3386
2991 3386 2993
3616 3617 3618
3382 3619 3355
3355 3619 3239
3043 3620 3057
3043 3057 3045
3057 3620 3409
3057 3409 3059
3360 3621 3271
3360 3271 3350
3042 3622 3620
3042 3620 3043
3620 3623 3410
3620 3410 3409
3624 3625 3626
3627 3624 3626
3624 3628 3629
3624 3629 3625
3629 3628 3630
3631 3632 3633
3631 3633 3634
3632 3635 3636
3632 3636 3633
3635 3637 3638
3635 3638 3636
3637 3639 3640
3637 3640 3638
3639 3630 3641
3639 3641 3640
3628 3641 3630
3642 3638 3640
3642 3640 3643
3644 3636 3638
3644 3638 3642
3634 3633 3645
3634 3645 3646
3645 3633 3636
3645 3636 3644
3647 3648 3631
3649 3650 3651
3649 3651 3652
3653 3654 3649
3653 3649 3652
3655 3656 3635
3655 3635 3632
3649 3657 3658
3649 3658 3650
3654 3659 3657
3654 3657 3649
3656 3660 3637
3656 3637 3635
3657 3661 3662
3657 3662 3658
3657 3659 3663
3657 3663 3661
3660 3664 3639
3660 3639 3637
3665 3666 3662
3665 3662 3661
3667 3665 3661
3667 3661 3663
3627 3668 3628
3627 3628 3624
3628 3668 3641
3640 3641 3669
3640 3669 3643
3670 3671 3665
3670 3665 3667
3664 3672 3630
3664 3630 3639
3671 3673 3666
3671 3666 3665
3271 3621 3674
3271 3674 3272
3675 3621 3327
3675 3327 3394
3327 3621 3360
3327 3360 3328
3270 3676 3347
3270 3347 3266
3674 3676 3270
3677 3678 3671
3677 3671 3670
3679 3680 3681
3272 3674 3270
3272 3270 3269
3056 3682 3041
3056 3041 3040
3041 3682 3622
3041 3622 3042
3683 3668 3627
3668 3683 3669
3668 3669 3641
3677 3679 3678
3679 3677 3680
3679 3681 3684
3685 3368 3063
3686 3294 3293
3062 3687 3685
3062 3685 3063
3686 3688 3290
3686 3290 3294
3064 3689 3687
3064 3687 3062
3688 3690 3291
3688 3291 3290
3066 3691 3689
3066 3689 3064
3690 3692 3285
3690 3285 3291
3069 3693 3691
3069 3691 3066
3692 3694 3286
3692 3286 3285
3695 3387 3122
3695 3122 3121
3695 3121 3097
3695 3097 3096
3390 3696 3296
3390 3296 3331
3697 3698 3325
3697 3325 3330
3410 3699 3456
3410 3456 3407
3078 3700 3069
3078 3069 3068
3700 3078 3456
3700 3456 3699
3629 3701 3625
3700 3702 3693
3700 3693 3069
3694 3703 3704
3694 3704 3286
3410 3623 3705
3410 3705 3699
3701 3629 3630
3701 3630 3672
3286 3704 3344
3286 3344 3287
3394 3706 3707
3394 3707 3675
3678 3708 3673
3678 3673 3671
3684 3708 3678
3704 3706 3452
3704 3452 3344
3706 3394 3393
3706 3393 3452
3709 3699 3705
3700 3699 3709
3700 3709 3702
3704 3703 3710
3704 3710 3706
3706 3710 3707
3138 3711 3712
3138 3712 3137
3713 3714 3715
3713 3715 3716
3717 3718 3719
3717 3719 3720
3123 3168 3720
3123 3720 3715
3119 3721 3722
3120 3723 3721
3120 3721 3119
3724 3725 3726
3727 3728 3725
3727 3725 3729
3725 3724 3729
3729 3724 3730
3713 3731 3161
3713 3161 3714
3732 3733 3734
3160 3161 3731
3160 3731 3735
3736 3737 3712
3736 3712 3711
3398 3738 3723
3398 3723 3120
3724 3739 3740
3724 3740 3730
3739 3741 3742
3739 3742 3740
3741 3743 3744
3741 3744 3742
3745 3738 3389
3745 3389 3388
3746 3739 3724
3746 3724 3726
3747 3748 3749
3746 3750 3741
3746 3741 3739
3747 3749 3751
3747 3751 3752
3750 3753 3743
3750 3743 3741
3753 3754 3755
3753 3755 3743
3756 3755 3757
3756 3757 3758
3759 3760 3761
3759 3761 3762
3763 3755 3754
3757 3764 3765
3757 3765 3759
3766 3767 3768
3769 3770 3771
3769 3771 3772
3773 3774 3775
3776 3777 3778
3776 3778 3779
3780 3781 3782
3780 3782 3783
3784 3785 3734
3784 3734 3733
3744 3743 3755
3744 3755 3756
3698 3786 3314
3698 3314 3325
3787 3788 3789
3787 3789 3790
3791 3792 3793
3794 3795 3790
3794 3790 3789
3315 3314 3786
3315 3786 3796
3796 3786 3795
3796 3795 3794
3366 3797 3798
3366 3798 3363
3793 3799 3800
3793 3800 3791
3799 3801 3802
3799 3802 3800
3803 3802 3801
3803 3801 3804
3805 3806 3807
3805 3807 3808
3806 3809 3810
3806 3810 3807
3811 3812 3813
3811 3813 3814
3804 3813 3812
3804 3812 3803
3815 3816 3817
3815 3817 3818
3819 3820 3821
3819 3821 3822
3823 3824 3825
3823 3825 3826
3827 3828 3817
3827 3817 3816
3829 3830 3821
3829 3821 3820
3823 3831 3832
3823 3832 3824
3833 3834 3835
3833 3835 3836
3837 3838 3839
3837 3839 3840
3841 3842 3843
3841 3843 3844
3843 3842 3845
3843 3845 3846
3847 3848 3849
3847 3849 3850
3850 3849 3851
3850 3851 3852
3853 3854 3846
3853 3846 3845
3854 3853 3848
3854 3848 3847
3855 3856 3390
3855 3390 3392
3364 3363 3856
3364 3856 3855
3857 3856 3363
3857 3363 3798
3858 3859 3860
3861 3834 3833
3834 3861 3862
3863 3838 3837
3863 3837 3864
3865 3859 3858
3865 3858 3866
3297 3296 3696
3297 3696 3867
3856 3868 3696
3856 3696 3390
3864 3865 3866
3864 3866 3863
3868 3856 3857
3619 3869 3240
3619 3240 3239
3219 3218 3618
3219 3618 3617
3616 3618 3870
3616 3870 3871
3872 3873 3874
3872 3874 3875
3876 3877 3878
3876 3878 3879
3880 3881 3882
3880 3882 3883
3884 3351 3240
3884 3240 3869
3885 3886 3887
3884 3888 3359
3884 3359 3351
3880 3889 3890
3880 3890 3881
3871 3891 3885
3871 3885 3887
3881 3890 3892
3881 3892 3893
3193 3894 3895
3193 3895 3192
3570 3612 3894
3570 3894 3193
3192 3895 3217
3192 3217 3191
3870 3896 3891
3870 3891 3871
3897 3898 3899
3897 3899 3900
3901 3902 3212
3901 3212 3211
3212 3902 3618
3212 3618 3218
3618 3902 3896
3618 3896 3870
3902 3903 3896
3904 3903 3902
3904 3902 3901
3905 3906 3904
3905 3904 3901
3907 3908 3909
3910 3907 3909
3911 3912 3913
3914 3911 3913
3915 3906 3905
3915 3905 3916
3873 3915 3916
3873 3916 3874
3876 3917 3918
3876 3918 3877
3919 3918 3917
3919 3917 3920
3881 3893 3921
3881 3921 3882
3922 3921 3893
3922 3893 3923
3924 3925 3926
3927 3925 3924
3927 3924 3919
3920 3928 3927
3920 3927 3919
3911 3929 3930
3911 3930 3912
3931 3932 3933
3931 3933 3934
3926 3935 3898
3926 3898 3897
3914 3936 3929
3914 3929 3911
3927 3933 3937
3927 3937 3925
3938 3937 3933
3938 3933 3932
3923 3939 3940
3923 3940 3922
3941 3942 3943
3941 3943 3944
3907 3945 3946
3907 3946 3908
3939 3947 3948
3939 3948 3940
3934 3933 3927
3934 3927 3928
3948 3947 3942
3948 3942 3941
3925 3937 3949
3925 3949 3935
3942 3947 3950
3942 3950 3951
3155 3952 3953
3155 3953 3144
3155 3158 3952
3735 3952 3158
3735 3158 3160
3954 3780 3785
3954 3785 3784
3780 3954 3955
3780 3955 3781
3760 3771 3956
3760 3956 3761
3768 3770 3769
3768 3769 3957
3958 3959 3779
3958 3779 3960
3777 3776 3774
3777 3774 3961
3398 3399 3401
3423 3962 3468
3423 3468 3424
3421 3423 3422
3421 3422 3963
3472 3964 3965
3472 3965 3435
3435 3965 3433
3435 3433 3432
3430 3433 3429
3430 3429 3966
3809 3811 3814
3809 3814 3810
3836 3835 3828
3836 3828 3827
3840 3839 3830
3840 3830 3829
3831 3841 3844
3831 3844 3832
3862 3861 3967
3862 3967 3968
3696 3868 3969
3696 3969 3867
3861 3970 3971
3861 3971 3967
3972 3973 3974
3975 3976 3977
3736 3711 3978
3979 3975 3752
3979 3752 3751
3978 3711 3138
3978 3138 3144
3953 3978 3144
3755 3763 3757
3780 3976 3785
3976 3780 3783
3976 3783 3977
3975 3979 3976
3757 3763 3764
3980 3981 3982
3698 3697 3983
3684 3678 3679
3562 3984 3530
3562 3530 3529
3538 3543 3546
3538 3546 3539
3560 3562 3529
3560 3529 3542
3564 3563 3547
3564 3547 3550
3550 3543 3538
3550 3538 3564
3494 3985 3495
3985 3533 3495
3442 3115 3412
3609 3607 3606
3465 3460 3461
3772 3771 3760
3772 3760 3986
3960 3779 3778
3960 3778 3987
3988 3956 3771
3988 3771 3770
3779 3959 3989
3779 3989 3776
3757 3759 3762
3757 3762 3758
3759 3765 3986
3759 3986 3760
3987 3782 3781
3987 3781 3960
3781 3955 3958
3781 3958 3960
3990 3991 3932
3990 3932 3931
3932 3991 3992
3932 3992 3938
3944 3943 3945
3944 3945 3993
3992 3994 3995
3992 3995 3938
3123 3125 3170
3123 3169 3167
3123 3167 3168
3000 3003 3575
3006 3005 3200
3006 3200 3199
3202 3011 3006
3202 3006 3199
3247 3232 3231
3247 3231 3248
3243 3242 3354
3243 3354 3353
3354 3242 3232
3354 3232 3247
3020 3019 3370
3020 3370 3369
3019 3037 3371
3019 3371 3370
3037 3053 3372
3037 3372 3371
3373 3263 3262
3373 3262 3374
3352 3263 3373
3352 3373 3375
3537 3540 3555
3537 3556 3564
3537 3564 3538
3562 3559 3558
3562 3558 3984
3559 3561 3557
3565 3556 3555
3996 2986 2985
3996 2985 3997
3998 2987 2986
3998 2986 3996
2995 2994 3999
2995 3999 4000
3999 2994 2987
3999 2987 3998
4001 3210 3209
4001 3209 4002
3215 3210 4001
3215 4001 4003
4004 3357 3215
4004 3215 4003
3182 3996 3997
3182 3997 3183
3186 3998 3996
3186 3996 3182
4000 3999 3185
4000 3185 3189
3185 3999 3998
3185 3998 3186
4001 4002 3221
4001 3221 3220
4003 4001 3220
4003 3220 3207
3206 4004 4003
3206 4003 3207
3421 3420 3962
3421 3962 3423
3428 3427 3965
3428 3965 3964
3427 3429 3433
3427 3433 3965
3421 3963 3419
3966 3429 3426
3805 3808 4005
3805 4005 4006
4007 3815 3818
4007 3818 4008
4009 3819 3822
4009 3822 4010
4011 3826 3825
4011 3825 4012
4006 4005 4013
4007 4008 4014
4009 4010 4015
4011 4012 4016
3930 3929 3991
3930 3991 3990
3991 3929 3936
3991 3936 3992
3936 4017 3994
3936 3994 3992
3993 3945 3907
3993 3907 3910
3631 3634 3647
3634 3646 3647
3631 3648 3655
3631 3655 3632
3652 3651 4018
3653 3652 4018
3768 3767 3988
3768 3988 3770
3775 3774 3776
3775 3776 3989
3768 3957 3766
3961 3774 3773
3086 3085 4019
3100 3099 4019
3085 3100 4019
3284 3283 4020
3305 3284 4020
3338 3337 4021
3166 3717 3720
3166 3720 3168
3716 3715 3720
3716 3720 3719
3123 3715 3714
3123 3714 3124
3714 3161 3124
2999 2998 4022
2999 4022 4023
3003 3002 4024
3003 4024 4025
3002 2999 4023
3002 4023 4024
3575 3003 4025
3575 4025 4026
3574 3575 4026
4027 4028 4029
4027 4029 4030
3899 4028 4027
3899 4027 3900
3893 3892 4031
3893 4031 3923
3923 4031 4032
3923 4032 3939
3935 3926 3925
3914 4033 4017
3914 4017 3936
4032 3950 3947
4032 3947 3939
3938 3995 3949
3938 3949 3937
3951 4034 3943
3951 3943 3942
4034 3946 3945
4034 3945 3943
3913 4033 3914
3177 3007 3010
3177 3010 3178
3178 3010 3013
3178 3013 3179
3229 3228 3238
3229 3238 3356
3381 3380 3379
3381 3379 3378
4035 4036 4037
3236 3235 3234
4038 3737 3736
3122 3389 3401
3122 3401 3117
3401 3389 3738
3401 3738 3398
3723 3738 3745
4039 4040 4041
4039 4041 4042
4041 4040 4043
4041 4043 4044
4045 4046 4047
4045 4047 4048
4049 4047 4046
4049 4046 4050
4051 4052 4053
4051 4053 4054
4054 4053 4055
4054 4055 4056
4057 4058 4059
4057 4059 4060
4061 4062 4063
4061 4063 4064
4062 4065 4066
4062 4066 4063
4058 4057 4067
4058 4067 4068
4069 4070 4071
4069 4071 4072
4070 4073 4074
4070 4074 4071
4075 4076 4077
4075 4077 4078
4077 4076 4079
4077 4079 4080
4081 4082 4070
4081 4070 4069
4083 4073 4070
4083 4070 4082
4084 4045 4048
4084 4048 4085
4072 4071 4062
4072 4062 4061
4071 4074 4065
4071 4065 4062
4086 4075 4078
4086 4078 4087
4044 4043 4084
4044 4084 4085
4064 4063 4053
4064 4053 4052
4053 4063 4066
4053 4066 4055
4087 4068 4067
4087 4067 4086
4039 4042 4088
4039 4088 4089
4090 4051 4054
4090 4054 4091
4091 4054 4056
4091 4056 4092
4093 4060 4059
4093 4059 4094
4089 4088 4095
4090 4091 4096
4091 4092 4096
4093 4094 4097
77 50 75
130 2520 919
541 545 538
4098 379 382
4099 2321 2322
2523 4100 2521
2514 2523 2515
2309 1736 1735
4101 4102 4103
2111 4104 2232
2232 4104 4105
2232 4105 2114
4106 4107 4108
4106 4108 4109
1744 2309 1259
3165 4110 3717
3165 3717 3166
3717 4110 4111
3717 4111 3718
4112 3728 3727
3497 4113 3496
4114 4115 3510
4114 3510 3509
4116 4117 3504
4116 3504 3503
