byte offset: 0
first index: 7206
index count: 2394
topology: trianglelist
format: DXGI_FORMAT_R16_UINT

1513 1514 1515
1513 1515 1516
1517 1518 1519
1517 1519 1520
1521 1522 1523
1521 1524 1525
1521 1525 1522
1519 1526 1527
1519 1527 1520
1524 1518 1517
1524 1517 1525
1527 1526 1513
1527 1513 1516
1528 1529 1530
1515 1514 1531
1515 1531 1532
1532 1531 1528
1532 1528 1530
1533 1534 1535
1536 1537 1538
1536 1538 1539
1533 1535 1538
1533 1538 1537
1536 1539 1540
1536 1540 1541
1542 1541 1540
1543 1544 1545
1543 1545 1546
1547 1548 1549
1547 1549 1550
1551 1552 1553
1551 1553 1554
1551 1554 1555
1549 1548 1556
1549 1556 1557
1555 1554 1547
1555 1547 1550
1556 1544 1543
1556 1543 1557
1558 1559 1560
1545 1561 1562
1545 1562 1546
1561 1559 1558
1561 1558 1562
1563 1564 1565
1566 1567 1568
1566 1568 1569
1563 1569 1568
1563 1568 1564
1566 1570 1571
1566 1571 1567
1572 1571 1570
1573 1574 1575
1573 1575 1576
1577 1578 1579
1577 1579 1580
1581 1582 1583
1581 1583 1584
1585 1586 1587
1588 1589 1590
1580 1591 1592
1580 1592 1577
1593 1594 1595
1596 1597 1598
1599 1600 1601
1602 1603 1604
1602 1604 1605
1606 1607 1608
1609 1610 1608
1611 1612 1613
1611 1613 1607
1614 1615 1616
1617 1618 1619
1617 1619 1620
1621 1603 1617
1621 1617 1620
1622 1623 1624
1624 1625 1626
1627 1628 1629
1627 1629 1630
1631 1632 1633
1631 1633 1634
1576 1635 1636
1576 1636 1573
1637 1638 1639
1640 1641 1642
1640 1642 1643
1644 1645 1646
1644 1646 1647
1648 1649 1641
1648 1641 1640
1650 1651 1652
1650 1652 1653
1654 1655 1656
1653 1657 1658
1653 1658 1659
1647 1646 1660
1647 1660 1661
1658 1657 1662
1658 1662 1663
1653 1652 1657
1664 1665 1659
1664 1659 1658
1666 1667 1598
1612 1662 1652
1612 1652 1613
1604 1603 1621
1604 1621 1668
1669 1609 1608
1669 1608 1607
1607 1670 1669
1671 1670 1652
1619 1618 1672
1619 1672 1673
1674 1618 1617
1674 1617 1675
1617 1603 1602
1617 1602 1675
1676 1623 1604
1676 1604 1668
1630 1625 1677
1630 1677 1678
1679 1627 1630
1679 1630 1678
1652 1662 1657
1652 1670 1613
1608 1680 1606
1681 1637 1639
1664 1682 1683
1591 1684 1685
1591 1685 1592
1574 1686 1687
1574 1687 1575
1688 1689 1690
1630 1629 1626
1630 1626 1625
1691 1692 1693
1694 1695 1696
1697 1698 1699
1700 1701 1702
1703 1704 1705
1703 1705 1706
1707 1704 1703
1702 1708 1709
1702 1709 1700
1699 1710 1711
1699 1711 1697
1694 1696 1712
1694 1712 1713
1714 1715 1599
1714 1599 1601
1716 1594 1593
1716 1593 1717
1614 1597 1718
1613 1670 1607
1719 1720 1716
1719 1716 1717
1606 1611 1607
1721 1704 1707
1610 1680 1608
1691 1722 1692
1584 1723 1724
1584 1724 1725
1726 1724 1723
1726 1723 1727
1727 1728 1726
1729 1730 1731
1732 1733 1734
1735 1736 1737
1738 1739 1740
1741 1742 1743
1744 1745 1746
1744 1746 1747
1588 1590 1748
1588 1748 1749
1745 1744 1585
1745 1585 1587
1748 1750 1751
1748 1751 1749
1618 1674 1752
1618 1752 1672
1584 1725 1753
1584 1753 1581
1754 1755 1756
1754 1756 1757
1758 1676 1668
1759 1760 1761
1760 1759 1762
1760 1762 1686
1763 1686 1762
1764 1765 1766
1764 1766 1767
1743 1765 1764
1743 1764 1741
1737 1758 1768
1737 1768 1735
1732 1734 1754
1732 1754 1757
1769 1770 1729
1769 1729 1731
1771 1770 1769
1771 1769 1772
1668 1768 1758
1773 1750 1774
1775 1771 1776
1775 1776 1777
1775 1685 1684
1775 1777 1685
1753 1616 1778
1687 1686 1763
1687 1763 1779
1766 1779 1763
1766 1763 1767
1774 1780 1773
1740 1781 1782
1740 1782 1738
1619 1782 1781
1619 1781 1620
1583 1582 1783
1583 1783 1772
1784 1693 1785
1786 1596 1667
1714 1706 1705
1714 1705 1715
1787 1713 1712
1787 1712 1788
1606 1711 1710
1606 1710 1611
1708 1784 1785
1708 1785 1709
1789 1616 1753
1672 1752 1790
1672 1790 1651
1650 1673 1672
1650 1672 1651
1633 1632 1649
1633 1649 1648
1789 1753 1725
1663 1682 1664
1663 1664 1658
1683 1665 1664
1642 1654 1656
1642 1656 1643
1791 1645 1644
1690 1689 1677
1792 1689 1793
1793 1689 1688
1792 1794 1677
1792 1677 1689
1677 1795 1690
1677 1794 1678
1677 1623 1795
1623 1676 1795
1625 1623 1677
1796 1797 1798
1627 1799 1800
1627 1800 1628
1801 1802 1803
1638 1800 1799
1638 1799 1639
1639 1799 1804
1639 1804 1681
1636 1635 1796
1636 1796 1798
1801 1803 1579
1801 1579 1578
1627 1679 1804
1627 1804 1799
1614 1718 1615
1615 1778 1616
1805 1780 1774
1751 1750 1773
1691 1693 1784
1718 1597 1596
1622 1605 1604
1622 1604 1623
1623 1625 1624
1651 1671 1652
1790 1671 1651
1598 1667 1596
1771 1772 1783
1771 1783 1776
1806 1807 1808
1806 1808 1809
1810 1811 1812
1810 1812 1813
1814 1815 1816
1814 1816 1817
1818 1819 1820
1821 1822 1823
1811 1810 1824
1811 1824 1825
1826 1827 1828
1829 1830 1831
1832 1833 1834
1835 1836 1837
1835 1837 1838
1839 1840 1841
1842 1840 1843
1844 1841 1845
1844 1845 1846
1847 1848 1849
1850 1851 1852
1850 1852 1853
1854 1851 1850
1854 1850 1838
1855 1856 1857
1856 1858 1859
1860 1861 1862
1860 1862 1863
1864 1865 1866
1864 1866 1867
1807 1806 1868
1807 1868 1869
1870 1871 1872
1873 1874 1875
1873 1875 1876
1877 1878 1879
1877 1879 1880
1881 1873 1876
1881 1876 1882
1883 1884 1885
1883 1885 1886
1887 1888 1889
1884 1890 1891
1884 1891 1892
1878 1893 1894
1878 1894 1879
1891 1895 1896
1891 1896 1892
1884 1892 1885
1897 1891 1890
1897 1890 1898
1899 1830 1900
1846 1845 1885
1846 1885 1896
1837 1901 1854
1837 1854 1838
1902 1841 1840
1902 1840 1842
1841 1902 1903
1904 1885 1903
1852 1905 1906
1852 1906 1853
1907 1908 1850
1907 1850 1853
1850 1908 1835
1850 1835 1838
1909 1901 1837
1909 1837 1857
1861 1910 1911
1861 1911 1859
1912 1910 1861
1912 1861 1860
1885 1892 1896
1885 1845 1903
1840 1839 1913
1914 1871 1870
1897 1915 1916
1825 1824 1917
1825 1917 1918
1809 1808 1919
1809 1919 1920
1921 1922 1923
1861 1859 1858
1861 1858 1862
1924 1925 1926
1927 1928 1929
1930 1931 1932
1933 1934 1935
1936 1937 1938
1936 1938 1939
1940 1936 1939
1934 1933 1941
1934 1941 1942
1931 1930 1943
1931 1943 1944
1927 1945 1946
1927 1946 1928
1947 1833 1832
1947 1832 1948
1949 1950 1826
1949 1826 1828
1847 1951 1831
1845 1841 1903
1952 1950 1949
1952 1949 1953
1839 1841 1844
1954 1940 1939
1843 1840 1913
1924 1926 1955
1815 1956 1957
1815 1957 1958
1959 1960 1958
1959 1958 1957
1960 1959 1961
1962 1963 1964
1965 1966 1967
1968 1969 1970
1971 1972 1973
1974 1975 1976
1977 1978 1979
1977 1979 1980
1821 1981 1982
1821 1982 1822
1980 1819 1818
1980 1818 1977
1982 1981 1983
1982 1983 1984
1853 1906 1985
1853 1985 1907
1815 1814 1986
1815 1986 1956
1987 1988 1989
1987 1989 1990
1991 1901 1909
1992 1993 1994
1994 1920 1995
1994 1995 1992
1996 1995 1920
1997 1998 1999
1997 1999 2000
1975 1974 1997
1975 1997 2000
1969 1968 2001
1969 2001 1991
1965 1988 1987
1965 1987 1966
2002 1963 1962
2002 1962 2003
2004 2005 2002
2004 2002 2003
1901 1991 2001
2006 2007 1984
2008 2009 2010
2008 2010 2004
2008 1918 1917
2008 1917 2009
1986 2011 1848
1919 2012 1996
1919 1996 1920
1999 1998 1996
1999 1996 2012
2007 2006 2013
1972 1971 2014
1972 2014 2015
1852 1851 2015
1852 2015 2014
1816 2005 2016
1816 2016 1817
2017 2018 1925
2019 1900 1829
1947 1948 1938
1947 1938 1937
2020 2021 1946
2020 1946 1945
1839 1844 1944
1839 1944 1943
1942 1941 2018
1942 2018 2017
2022 1986 1848
1906 1886 2023
1906 2023 1985
1883 1886 1906
1883 1906 1905
1866 1881 1882
1866 1882 1867
2022 1956 1986
1895 1891 1897
1895 1897 1916
1915 1897 1898
1875 1874 1888
1875 1888 1887
2024 1877 1880
1922 1911 1923
2025 2026 1923
2026 1921 1923
2025 1923 1911
2025 1911 2027
1911 1922 2028
1911 1910 2027
1911 2028 1857
1857 2028 1909
1859 1911 1857
2029 2030 2031
1860 1863 2032
1860 2032 2033
2034 2035 2036
1872 1871 2033
1872 2033 2032
1871 1914 2037
1871 2037 2033
1868 2030 2029
1868 2029 1869
2034 1813 1812
2034 1812 2035
1860 2033 2037
1860 2037 1912
1847 1849 1951
1849 1848 2011
2038 2007 2013
1983 2006 1984
1924 2017 1925
1951 1829 1831
1855 1857 1837
1855 1837 1836
1857 1856 1859
1886 1885 1904
2023 1886 1904
1830 1829 1900
2004 2010 2016
2004 2016 2005
2039 2040 2041
2039 2041 2042
2043 2044 2045
2046 2047 2048
2049 2050 2041
2049 2041 2045
2051 2052 2053
2051 2053 2054
2055 2042 2056
2050 2042 2041
2057 2047 2046
2058 2059 2060
2061 2062 2063
2060 2059 2064
2057 2046 2052
2052 2046 2053
2065 2066 2067
2068 2069 2070
2067 2066 2071
2054 2053 2067
2054 2067 2071
2068 2070 2072
2068 2072 2073
2039 2042 2060
2039 2060 2064
2074 2061 2063
2074 2063 2075
2076 2060 2042
2055 2052 2051
2055 2051 2077
2076 2042 2055
2056 2057 2052
2056 2052 2055
2076 2055 2077
2076 2077 2078
2078 2058 2060
2078 2060 2076
2053 2048 2065
2053 2065 2067
2056 2042 2050
2044 2049 2045
2043 2045 2041
2043 2041 2040
2079 2080 2072
2081 2082 2083
2081 2083 2080
2075 2084 2083
2075 2083 2085
2086 2087 2088
2089 2085 2090
2089 2087 2086
2089 2086 2091
2088 2087 2092
2092 2087 2089
2092 2089 2090
2089 2091 2074
2089 2074 2085
2075 2085 2074
2090 2085 2083
2090 2083 2082
2093 2080 2083
2093 2083 2084
2072 2080 2093
2081 2080 2079
2053 2046 2048
2094 2095 2096
2094 2096 2097
2098 2099 2100
2101 2102 2103
2104 2099 2096
2104 2096 2105
2106 2107 2108
2106 2108 2109
2110 2111 2095
2105 2096 2095
2112 2101 2103
2113 2114 2115
2116 2117 2118
2114 2119 2115
2112 2109 2101
2109 2108 2101
2120 2121 2122
2123 2124 2125
2121 2126 2122
2107 2126 2121
2107 2121 2108
2123 2127 2128
2123 2128 2124
2094 2119 2114
2094 2114 2095
2129 2130 2117
2129 2117 2116
2131 2095 2114
2110 2132 2106
2110 2106 2109
2131 2110 2095
2111 2110 2109
2111 2109 2112
2131 2133 2132
2131 2132 2110
2133 2131 2114
2133 2114 2113
2108 2121 2120
2108 2120 2102
2111 2105 2095
2100 2099 2104
2098 2097 2096
2098 2096 2099
2134 2128 2135
2136 2135 2137
2136 2137 2138
2130 2139 2137
2130 2137 2140
2141 2142 2143
2144 2145 2139
2144 2146 2141
2144 2141 2143
2142 2147 2143
2147 2145 2144
2147 2144 2143
2144 2139 2129
2144 2129 2146
2130 2129 2139
2145 2138 2137
2145 2137 2139
2148 2140 2137
2148 2137 2135
2128 2148 2135
2136 2134 2135
2108 2102 2101
2149 2150 2151
2149 2151 2152
2153 2154 2155
2156 2152 2151
2157 2158 2159
2160 2161 2162
2163 2164 2149
2163 2149 2165
2166 2167 2168
2165 2169 2170
2165 2170 2171
2172 2173 2174
2167 2175 2168
2172 2176 2169
2172 2169 2173
2177 2178 2179
2180 2181 2182
2183 2184 2185
2183 2185 2186
2183 2187 2188
2183 2189 2190
2183 2190 2191
2183 2191 2192
2183 2192 2193
2184 2183 2194
2194 2183 2195
2195 2183 2196
2187 2183 2197
2196 2183 2193
2165 2171 2163
2149 2164 2150
2152 2156 2198
2152 2198 2199
2199 2198 2200
2179 2178 2200
2181 2201 2166
2181 2166 2182
2169 2176 2170
2181 2180 2159
2181 2159 2158
2158 2157 2155
2158 2155 2154
2154 2153 2162
2154 2162 2161
2173 2161 2160
2173 2160 2174
2200 2178 2199
2166 2201 2167
2183 2188 2189
2168 2175 2177
2197 2183 2186
2175 2178 2177
2202 2203 2204
2202 2204 2205
2206 2207 2208
2209 2204 2203
2210 2211 2212
2213 2214 2215
2216 2217 2202
2216 2202 2218
2219 2220 2221
2217 2222 2223
2217 2223 2224
2225 2226 2227
2221 2220 2228
2225 2227 2224
2225 2224 2229
2230 2231 2232
2233 2234 2235
2236 2237 2238
2236 2239 2237
2236 2240 2241
2236 2242 2243
2236 2244 2242
2236 2245 2244
2236 2246 2245
2238 2247 2236
2247 2248 2236
2248 2249 2236
2241 2250 2236
2249 2246 2236
2217 2216 2222
2202 2205 2218
2203 2251 2252
2203 2252 2209
2251 2253 2252
2231 2253 2232
2235 2234 2219
2235 2219 2254
2224 2223 2229
2235 2212 2211
2235 2211 2233
2212 2208 2207
2212 2207 2210
2208 2215 2214
2208 2214 2206
2227 2226 2213
2227 2213 2215
2253 2251 2232
2219 2221 2254
2236 2243 2240
2220 2230 2228
2250 2239 2236
2228 2230 2232
2255 2256 2257
2255 2257 2258
2259 2260 2261
2259 2261 2262
2263 2264 2265
2263 2265 2266
2267 2268 2269
2267 2269 2270
2259 2262 2271
2259 2271 2272
2273 2274 2275
2276 2268 2267
2264 2263 2261
2264 2261 2260
2273 2266 2265
2273 2265 2274
2270 2269 2257
2270 2257 2256
2277 2278 2279
2278 2280 2281
2278 2281 2279
2281 2280 2272
2281 2272 2271
2282 2283 2284
2282 2284 2285
2286 2287 2288
2286 2288 2289
2290 2291 2292
2290 2292 2293
2294 2295 2296
2294 2296 2297
2286 2298 2299
2286 2299 2287
2300 2301 2302
2303 2296 2295
2293 2289 2288
2293 2288 2290
2300 2302 2292
2300 2292 2291
2297 2283 2282
2297 2282 2294
2304 2285 2284
2305 2306 2307
2305 2307 2308
2309 2308 2307
2309 2307 2310
2073 2072 2093
2128 2127 2148
2277 2255 2258
2277 2279 2255
2304 2306 2305
2304 2284 2306
