byte offset: 0
first index: 0
index count: 16026
topology: trianglelist
format: DXGI_FORMAT_R16_UINT

0 1 2
3 0 2
3 2 4
5 0 3
6 7 8
9 10 11
12 13 11
13 14 15
11 15 16
13 15 11
14 17 15
6 17 7
11 10 18
18 19 11
20 7 17
20 17 14
21 7 20
21 20 22
23 6 8
20 24 22
20 25 24
13 26 25
13 25 14
14 25 20
12 26 13
19 12 11
15 17 27
6 9 27
16 15 27
7 21 8
6 27 17
9 16 27
9 11 16
28 29 30
31 32 33
34 33 32
33 34 35
34 36 35
37 38 39
37 32 31
37 31 40
34 32 41
42 36 34
34 41 43
34 43 42
44 45 39
44 39 46
32 37 39
32 39 41
41 39 45
41 45 43
47 48 28
30 49 50
30 50 28
51 52 53
54 55 53
56 40 57
58 47 59
56 37 40
54 60 55
57 38 56
61 62 60
52 54 53
63 64 65
66 67 68
66 68 69
70 52 71
65 72 61
72 65 73
74 75 76
74 76 77
78 79 80
78 80 81
82 83 84
82 84 85
86 71 51
87 65 61
87 61 54
88 89 90
91 76 75
91 75 92
67 93 94
67 94 68
72 59 61
89 95 96
92 79 78
92 78 91
96 97 98
87 99 82
87 82 85
99 87 54
99 54 70
65 87 85
65 85 63
80 96 98
80 98 84
89 96 80
89 80 79
90 89 79
92 75 68
92 68 94
75 74 69
75 69 68
100 101 77
100 77 76
102 100 76
102 76 91
91 78 103
91 103 102
103 78 81
103 81 104
82 105 106
82 106 83
107 105 82
107 82 99
108 107 99
108 99 70
70 71 109
70 109 108
110 109 71
110 71 86
81 80 84
81 84 83
63 85 84
63 84 98
83 106 104
83 104 81
97 63 98
95 97 96
56 38 37
50 111 28
28 111 47
61 60 54
59 62 61
59 47 62
47 111 62
39 38 46
51 71 52
54 52 70
72 112 58
112 72 73
59 72 58
94 90 92
94 88 90
92 90 79
113 114 115
116 114 117
118 119 18
120 121 119
122 123 120
93 124 125
122 126 123
127 128 129
125 130 93
130 131 88
132 67 66
112 133 134
135 136 137
138 139 64
138 64 97
138 95 140
113 115 141
124 93 67
132 124 67
142 112 134
137 134 133
143 144 139
143 139 138
140 145 143
126 146 130
147 148 149
150 151 152
153 154 117
153 117 113
155 119 121
126 156 123
120 123 121
157 158 159
160 148 147
161 159 162
163 148 160
134 136 164
134 164 142
165 166 167
122 129 126
152 151 168
168 151 169
167 170 165
171 163 160
171 160 172
173 162 174
147 175 172
147 172 160
176 177 157
178 177 179
117 114 113
95 131 140
156 130 180
179 177 176
181 168 127
182 152 168
182 168 181
183 174 178
184 185 186
184 186 187
188 189 190
173 183 188
178 136 183
73 133 112
136 134 137
174 177 178
191 154 192
120 181 122
129 122 127
126 129 146
130 146 131
180 130 125
138 140 143
97 95 138
184 190 193
184 193 185
147 149 194
147 194 175
153 113 141
195 196 197
195 197 198
199 200 201
199 201 202
203 204 205
205 206 207
205 207 203
205 196 208
205 208 206
196 195 209
196 209 208
210 211 212
210 212 213
214 213 212
214 212 215
215 216 217
215 217 214
218 217 216
218 216 219
219 220 221
219 221 218
196 205 204
196 204 197
206 202 201
206 201 207
200 199 211
200 211 210
222 223 224
222 224 225
226 224 223
226 223 227
228 229 230
228 230 231
232 233 234
232 234 235
236 237 238
236 238 239
240 241 242
240 242 243
244 238 237
244 237 245
234 222 225
234 225 235
241 230 229
241 229 242
245 240 243
245 243 244
233 232 236
233 236 239
101 100 208
101 208 209
104 199 202
104 202 103
107 108 216
107 216 215
108 109 219
108 219 216
109 110 220
109 220 219
100 102 206
100 206 208
105 212 211
105 211 106
102 103 202
102 202 206
215 212 105
215 105 107
106 211 199
106 199 104
144 143 189
130 156 126
93 130 88
190 246 193
120 118 182
150 152 182
150 182 118
186 159 187
175 194 247
137 133 139
137 139 144
189 143 246
137 144 189
137 189 135
133 73 64
133 64 139
97 64 63
183 135 188
184 173 188
184 188 190
187 161 173
187 173 184
161 162 173
187 159 161
177 158 157
159 158 162
174 158 177
162 158 174
188 135 189
174 183 173
128 127 169
127 168 169
146 129 140
129 128 145
246 143 145
246 145 128
190 189 246
154 191 116
154 116 117
119 118 120
95 89 88
88 131 95
93 88 94
131 146 140
140 129 145
183 136 135
127 122 181
182 181 120
155 12 19
48 47 58
48 29 28
178 179 164
178 164 136
18 10 166
19 119 155
58 112 142
18 119 19
18 166 165
142 248 58
48 249 29
179 250 164
176 251 179
10 252 166
164 250 142
58 248 48
248 249 48
250 248 142
250 179 251
180 253 156
180 4 253
124 4 125
155 26 12
123 253 254
124 5 3
123 254 121
155 254 26
121 254 155
156 253 123
125 4 180
132 5 124
65 64 73
227 255 256
227 256 226
124 3 4
257 258 259
260 258 257
260 261 258
262 260 257
263 264 265
266 267 268
269 267 270
270 271 272
267 273 271
270 267 271
272 271 274
263 265 274
267 275 268
275 267 276
277 272 274
277 274 265
278 279 277
278 277 265
280 264 263
277 279 281
277 281 282
270 282 283
270 272 282
272 277 282
269 270 283
276 267 269
271 284 274
263 284 266
273 284 271
265 264 278
263 274 284
266 284 273
266 273 267
285 286 287
288 289 290
291 290 289
289 292 291
291 292 293
294 295 296
294 297 288
294 288 290
291 298 290
299 291 293
291 299 300
291 300 298
301 302 295
301 295 303
290 298 295
290 295 294
298 300 303
298 303 295
304 285 305
286 285 306
286 306 307
308 309 310
311 309 312
313 314 297
315 316 304
313 297 294
311 312 317
314 313 296
318 317 319
310 309 311
320 321 322
323 324 325
323 325 326
327 328 310
321 318 329
329 330 321
331 332 333
331 333 334
335 336 337
335 337 338
339 340 341
339 341 342
343 308 328
344 311 318
344 318 321
345 346 347
348 349 334
348 334 333
326 325 350
326 350 351
329 318 316
347 352 353
349 348 335
349 335 338
352 354 355
344 340 339
344 339 356
356 327 311
356 311 344
321 320 340
321 340 344
337 341 354
337 354 352
347 338 337
347 337 352
346 338 347
349 350 325
349 325 334
334 325 324
334 324 331
357 333 332
357 332 358
359 348 333
359 333 357
348 359 360
348 360 335
360 361 336
360 336 335
339 342 362
339 362 363
364 356 339
364 339 363
365 327 356
365 356 364
327 365 366
327 366 328
367 343 328
367 328 366
336 342 341
336 341 337
320 354 341
320 341 340
342 336 361
342 361 362
355 354 320
353 352 355
313 294 296
306 285 368
285 304 368
318 311 317
316 318 319
316 319 304
304 319 368
295 302 296
308 310 328
311 327 310
329 315 369
369 330 329
316 315 329
350 349 346
350 346 345
349 338 346
370 371 372
373 374 372
375 275 376
377 376 378
379 377 380
351 381 382
379 380 383
384 385 386
381 351 387
387 345 388
389 323 326
369 390 391
392 393 394
395 355 322
395 322 396
395 397 353
370 398 371
382 326 351
389 326 382
399 390 369
393 391 390
400 395 396
400 396 401
397 400 402
383 387 403
404 405 406
407 408 409
410 370 374
410 374 411
412 378 376
383 380 413
377 378 380
414 415 416
417 404 406
418 419 415
420 417 406
390 399 421
390 421 394
422 423 424
379 383 385
408 425 409
425 426 409
423 422 427
428 429 417
428 417 420
430 431 419
404 417 429
404 429 432
433 414 434
435 436 434
374 370 372
353 397 388
413 437 387
436 433 434
438 384 425
439 438 425
439 425 408
440 435 431
441 442 443
441 443 444
445 446 447
430 445 440
435 440 394
330 369 391
394 393 390
431 435 434
448 449 411
377 379 438
385 384 379
383 403 385
387 388 403
437 381 387
395 400 397
355 395 353
441 444 450
441 450 446
404 432 451
404 451 405
410 398 370
452 453 454
452 454 455
456 457 458
456 458 459
460 461 462
461 460 463
461 463 464
461 464 465
461 465 455
455 465 466
455 466 452
467 468 469
467 469 470
471 472 469
471 469 468
472 471 473
472 473 474
475 476 474
475 474 473
476 475 477
476 477 478
455 454 462
455 462 461
464 463 458
464 458 457
459 467 470
459 470 456
479 480 481
479 481 482
483 484 482
483 482 481
485 486 487
485 487 488
489 490 491
489 491 492
493 494 495
493 495 496
497 498 499
497 499 500
501 502 496
501 496 495
491 490 480
491 480 479
500 499 488
500 488 487
502 501 498
502 498 497
492 494 493
492 493 489
358 466 465
358 465 357
361 360 457
361 457 456
364 472 474
364 474 365
365 474 476
365 476 366
366 476 478
366 478 367
357 465 464
357 464 359
363 362 470
363 470 469
359 464 457
359 457 360
472 364 363
472 363 469
362 361 456
362 456 470
401 447 400
387 383 413
351 345 387
446 450 503
377 439 375
407 375 439
407 439 408
443 442 415
432 504 451
393 401 396
393 396 391
447 503 400
393 392 447
393 447 401
391 396 322
391 322 330
355 320 322
440 445 392
441 446 445
441 445 430
442 441 430
442 430 418
418 430 419
442 418 415
434 414 416
415 419 416
431 434 416
419 431 416
445 447 392
431 430 440
386 426 384
384 426 425
403 397 385
385 402 386
503 402 400
503 386 402
446 503 447
411 374 373
411 373 448
376 377 375
353 345 347
345 353 388
351 350 345
388 397 403
397 402 385
440 392 394
384 438 379
439 377 438
412 276 269
305 315 304
305 285 287
435 394 421
435 421 436
275 424 268
276 412 376
315 399 369
275 276 376
275 422 424
399 315 505
305 287 506
436 421 507
433 436 508
268 424 509
421 399 507
315 305 505
505 305 506
507 399 505
507 508 436
437 413 510
437 510 261
382 381 261
412 269 283
380 511 510
382 260 262
380 378 511
412 283 511
378 412 511
413 380 510
381 437 261
389 382 262
321 330 322
484 483 512
484 512 513
382 261 260
514 515 516
517 518 519
520 521 522
523 524 525
526 527 528
529 530 531
532 533 534
535 536 537
538 539 540
541 542 543
544 545 546
547 548 539
549 550 551
552 553 551
554 524 555
556 557 558
556 558 559
552 560 553
561 562 563
547 539 538
564 565 566
567 568 517
567 517 519
569 570 571
572 573 574
575 576 577
578 579 580
581 582 583
518 517 582
584 585 586
587 588 589
560 581 583
590 591 592
593 594 595
596 597 598
599 600 601
602 603 604
605 606 607
608 609 610
611 612 613
611 613 614
524 615 616
524 616 525
553 549 551
517 583 582
560 583 553
617 618 619
620 621 622
623 624 625
626 627 628
629 630 631
632 633 634
635 636 637
638 639 640
619 641 642
643 644 645
638 640 646
647 648 649
647 649 650
651 652 653
654 655 656
657 658 659
660 661 662
660 662 663
664 665 666
667 668 669
670 667 669
671 638 646
644 643 672
673 657 659
668 674 669
675 673 659
671 646 676
677 678 679
680 681 682
683 684 685
642 641 672
657 643 645
686 687 688
658 657 645
689 690 691
692 693 694
695 696 697
670 686 667
698 699 700
701 702 703
688 687 676
686 688 667
704 705 706
707 708 709
710 711 712
713 714 715
646 688 676
643 642 672
716 717 718
524 523 555
548 547 719
547 554 719
554 720 719
721 722 723
720 554 555
642 617 619
724 725 726
727 728 729
730 731 732
733 734 735
736 737 738
739 740 741
742 743 744
745 746 747
748 749 750
751 752 753
754 755 756
757 758 759
760 761 762
763 764 765
766 767 768
769 770 771
772 773 774
775 776 777
778 779 780
781 782 783
784 785 786
787 780 788
789 790 791
792 790 793
794 795 765
796 797 798
796 798 799
792 793 800
801 802 803
787 778 780
804 805 806
757 807 808
757 808 758
809 810 811
812 813 814
815 816 817
818 819 820
821 822 823
759 823 757
824 825 826
827 828 829
800 822 821
830 831 832
833 834 835
836 837 838
839 840 841
842 843 844
845 846 847
848 849 850
851 852 853
851 853 854
855 856 765
855 765 764
793 790 789
757 823 822
800 793 822
857 858 859
860 861 862
863 864 865
866 867 868
869 870 871
872 873 874
875 876 877
878 879 880
858 881 882
883 884 885
878 886 879
887 888 889
887 889 890
891 892 893
894 895 896
897 898 899
900 901 902
900 902 903
904 905 906
907 908 909
910 908 907
911 886 878
885 912 883
913 898 897
909 908 914
915 898 913
911 916 886
917 918 919
920 921 922
923 924 925
881 912 882
897 884 883
926 927 928
899 884 897
929 930 931
932 933 934
935 936 937
910 907 926
938 939 940
941 942 943
927 916 928
926 907 927
944 945 946
947 948 949
950 951 952
953 954 955
886 916 927
883 912 881
956 957 958
765 795 763
788 959 787
787 959 794
794 959 960
961 962 963
960 795 794
881 858 857
964 965 966
967 968 969
970 971 972
973 974 975
976 977 978
979 980 981
982 983 984
985 986 987
988 989 990
991 992 993
994 995 996
994 996 997
998 999 994
1000 1001 1002
1003 1004 1005
1003 1005 1006
1007 1003 1006
1007 1006 1008
1008 1009 1010
1008 1010 1007
1011 1012 1013
1013 1014 1010
1015 1011 1010
1015 1010 1009
1016 1004 1003
1017 1016 1003
1017 1003 1007
1016 1018 1004
1019 1004 1018
1019 1018 1020
1021 1012 1011
1022 1023 1024
1022 1024 1025
999 995 994
1026 1012 1021
1027 1021 1011
1028 1025 1029
1000 1030 1031
1032 1033 1034
1032 1034 1025
1030 1035 1036
1037 1038 1029
1037 1029 1039
1019 1020 1040
1019 1040 1038
1038 1040 1002
1002 1001 1028
1019 1038 1037
1019 1037 1041
1041 1005 1004
1041 1004 1019
1042 1043 1031
1020 1035 1040
998 994 1044
998 1044 1026
1045 1013 1012
1015 1027 1011
1046 1047 1048
1033 1032 1047
1033 1047 1046
1049 1050 1051
1052 1053 1054
1024 1023 1054
1025 1034 1039
1025 1039 1029
1052 1055 1053
1050 1049 1056
1023 1022 1052
1057 1058 1059
1060 1061 1062
1063 1060 1062
1064 1065 1062
1066 1064 1062
1064 1067 1068
1064 1068 1065
1069 1070 1060
1069 1060 1063
1000 1043 1071
1071 1072 1073
1071 1073 1001
1023 1052 1054
1022 1025 1028
1067 1042 1074
1075 1076 1077
1075 1077 1078
1079 1080 1081
1079 1081 1082
1083 1084 1085
1083 1085 1086
1087 1088 1075
1087 1075 1089
1090 1078 1091
1090 1091 1092
1093 1091 1078
1093 1078 1077
1094 1095 1096
1094 1096 1097
1098 1099 1095
1098 1095 1094
1082 1085 1084
1082 1084 1079
1100 1101 1102
1100 1102 1103
1088 1104 1101
1088 1101 1100
1104 1088 1087
1104 1087 1105
1106 1095 1099
1081 1107 1108
1081 1108 1082
1106 1090 1092
1106 1092 1109
1085 1110 1111
1085 1111 1086
1082 1108 1110
1082 1110 1085
1099 1098 1105
1099 1105 1087
1095 1106 1109
1095 1109 1096
1112 1113 1079
1112 1079 1084
1080 1079 1113
1080 1113 1114
1089 1075 1078
1089 1078 1090
1112 1084 1083
1099 1087 1089
1088 1100 1076
1088 1076 1075
1086 1111 1115
1086 1115 1116
1097 1096 1116
1097 1116 1115
1077 1117 1118
1077 1118 1093
1076 1119 1117
1076 1117 1077
1010 1014 1007
1119 1076 1100
1119 1100 1103
1093 1118 1114
1093 1114 1113
1113 1112 1091
1113 1091 1093
1116 1096 1109
1109 1083 1116
1120 1121 1122
1120 1122 1123
1124 1125 1126
1124 1126 1127
1128 1129 1130
1128 1130 1131
1132 1133 1134
1132 1134 1135
1127 1136 1137
1127 1137 1124
1137 1136 1135
1137 1135 1134
1131 1121 1120
1131 1120 1128
1138 1139 1140
1129 1133 1132
1129 1132 1130
1123 1122 1141
1123 1141 1140
1125 1142 1143
1125 1143 1126
1144 1145 997
1146 1147 1148
1149 1150 1045
1045 1151 1149
1148 1151 1146
1150 1013 1045
1090 1106 1089
1092 1083 1109
1083 1086 1116
1152 1153 1154
1130 1132 1155
1130 1155 1131
1126 1156 1127
1152 1122 1121
1152 1121 1157
1156 1153 1158
1155 1132 1135
1122 1159 1141
1121 1131 1157
1153 1152 1157
1153 1157 1158
1159 1122 1160
1158 1157 1131
1158 1131 1155
1154 1153 1161
1162 1141 1159
1156 1126 1143
1156 1143 1161
1045 1146 1151
1156 1158 1127
1127 1158 1155
1127 1155 1136
1136 1155 1135
1153 1156 1161
1160 1152 1154
1122 1152 1160
1091 1112 1092
1092 1112 1083
1163 1164 1165
1166 1167 1168
1167 1169 1170
1171 1172 1173
1174 1175 1176
1167 1166 1177
1178 1167 1177
1168 1167 1170
1179 1180 1181
1163 1165 1173
1174 1182 1175
1180 1183 1181
1184 1185 1186
1187 1188 1189
1187 1189 1190
1191 1189 1188
1192 1184 1186
1193 1192 1186
1183 1194 1181
1190 1195 1187
1185 1196 1186
1191 1192 1193
1196 1185 1187
1196 1187 1195
1191 1188 1192
1185 1184 1188
1185 1188 1187
1197 1165 1198
1165 1171 1173
1175 1182 1199
1199 1200 1175
1165 1164 1198
1188 1184 1192
1028 1001 1073
1201 1072 1070
1064 1066 1042
1064 1042 1067
1030 1002 1040
1030 1000 1002
1043 1000 1031
1035 1030 1040
1031 1030 1036
1036 1074 1031
1042 1031 1074
1029 1038 1002
1058 1057 1202
1057 1203 1204
1202 1204 1205
1206 1049 1051
1057 1204 1202
1044 1145 1146
1044 1146 1045
1012 1044 1045
1010 1011 1013
1061 1060 1070
1061 1070 1071
1014 1017 1007
1052 1022 1055
1029 1002 1028
1207 1066 1062
1061 1207 1062
1042 1066 1207
1042 1207 1043
1043 1207 1061
1043 1061 1071
1208 1209 1210
1211 1212 1213
1211 1213 1214
1213 1208 1210
1209 1215 1210
1072 1071 1070
1000 1071 1001
1022 1028 1212
1212 1028 1073
1209 1072 1201
1209 1201 1215
1213 1212 1073
1213 1073 1208
1073 1072 1209
1073 1209 1208
1213 1210 1214
1055 1022 1212
1055 1212 1211
1216 1013 1150
1014 1013 1216
1141 1138 1140
1162 1138 1141
1147 1146 1217
1217 1145 1144
994 1145 1044
997 1145 994
1146 1145 1217
1044 1012 1026
1218 1219 1220
1218 1220 1221
1222 1218 1223
1224 1225 1226
1227 1228 1229
1227 1229 1230
1231 1232 1228
1231 1228 1227
1232 1231 1233
1232 1233 1234
1235 1236 1237
1236 1233 1238
1239 1234 1233
1239 1233 1235
1240 1227 1230
1241 1231 1227
1241 1227 1240
1240 1230 1242
1243 1244 1242
1243 1242 1230
1245 1235 1237
1246 1247 1248
1246 1248 1249
1223 1218 1221
1250 1245 1237
1251 1235 1245
1252 1253 1247
1224 1254 1255
1256 1247 1257
1256 1257 1258
1255 1259 1260
1261 1262 1253
1261 1253 1263
1243 1263 1264
1243 1264 1244
1263 1225 1264
1225 1252 1226
1243 1265 1261
1243 1261 1263
1265 1243 1230
1265 1230 1229
1266 1254 1267
1244 1264 1260
1222 1250 1268
1222 1268 1218
1269 1237 1236
1239 1235 1251
1270 1271 1272
1258 1270 1272
1258 1272 1256
1273 1274 1275
1276 1277 1278
1248 1277 1249
1247 1253 1262
1247 1262 1257
1276 1278 1279
1275 1280 1273
1249 1276 1246
1281 1282 1283
1284 1285 1286
1287 1285 1284
1288 1285 1289
1290 1285 1288
1288 1289 1291
1288 1291 1292
1293 1287 1284
1293 1284 1294
1224 1295 1267
1295 1226 1296
1295 1296 1297
1249 1277 1276
1246 1252 1247
1292 1298 1266
1299 1300 1301
1299 1301 1302
1303 1304 1305
1303 1305 1306
1307 1308 1309
1307 1309 1310
1311 1312 1299
1311 1299 1313
1314 1315 1316
1314 1316 1300
1317 1301 1300
1317 1300 1316
1318 1319 1320
1318 1320 1321
1322 1318 1321
1322 1321 1323
1304 1303 1310
1304 1310 1309
1324 1325 1326
1324 1326 1327
1313 1324 1327
1313 1327 1328
1328 1329 1311
1328 1311 1313
1330 1323 1321
1305 1304 1331
1305 1331 1332
1330 1333 1315
1330 1315 1314
1309 1308 1334
1309 1334 1335
1304 1309 1335
1304 1335 1331
1323 1311 1329
1323 1329 1322
1321 1320 1333
1321 1333 1330
1336 1310 1303
1336 1303 1337
1306 1338 1337
1306 1337 1303
1312 1314 1300
1312 1300 1299
1336 1307 1310
1323 1312 1311
1313 1299 1302
1313 1302 1324
1308 1339 1340
1308 1340 1334
1319 1340 1339
1319 1339 1320
1301 1317 1341
1301 1341 1342
1302 1301 1342
1302 1342 1343
1233 1231 1238
1343 1325 1324
1343 1324 1302
1317 1337 1338
1317 1338 1341
1337 1317 1316
1337 1316 1336
1339 1333 1320
1333 1339 1307
1344 1345 1346
1344 1346 1347
1348 1349 1350
1348 1350 1351
1352 1353 1354
1352 1354 1355
1356 1357 1358
1356 1358 1359
1349 1348 1360
1349 1360 1361
1360 1358 1357
1360 1357 1361
1353 1352 1344
1353 1344 1347
1362 1363 1364
1355 1354 1356
1355 1356 1359
1345 1363 1365
1345 1365 1346
1351 1350 1366
1351 1366 1367
1368 1219 1369
1370 1371 1372
1373 1269 1374
1269 1373 1375
1371 1370 1375
1374 1269 1236
1314 1312 1330
1315 1333 1307
1307 1339 1308
1376 1377 1378
1354 1353 1379
1354 1379 1356
1350 1349 1380
1376 1381 1347
1376 1347 1346
1380 1382 1378
1379 1357 1356
1346 1365 1383
1347 1381 1353
1378 1382 1381
1378 1381 1376
1383 1384 1346
1382 1379 1353
1382 1353 1381
1377 1385 1378
1386 1383 1365
1380 1385 1366
1380 1366 1350
1269 1375 1370
1380 1349 1382
1349 1361 1379
1349 1379 1382
1361 1357 1379
1378 1385 1380
1384 1377 1376
1346 1384 1376
1316 1315 1336
1315 1307 1336
1387 1388 1389
1390 1391 1392
1392 1393 1394
1395 1396 1397
1398 1399 1400
1392 1401 1390
1402 1401 1392
1391 1393 1392
1403 1404 1405
1387 1396 1388
1398 1400 1406
1405 1404 1407
1408 1409 1410
1411 1412 1413
1411 1413 1414
1415 1414 1413
1416 1409 1408
1417 1409 1416
1407 1404 1418
1412 1411 1419
1410 1409 1420
1415 1417 1416
1420 1419 1411
1420 1411 1410
1415 1416 1414
1410 1411 1414
1410 1414 1408
1421 1422 1388
1388 1396 1395
1400 1423 1406
1423 1400 1424
1388 1422 1389
1414 1416 1408
1252 1296 1226
1425 1294 1297
1288 1292 1266
1288 1266 1290
1255 1264 1225
1255 1225 1224
1267 1254 1224
1260 1264 1255
1254 1259 1255
1259 1254 1298
1266 1298 1254
1253 1225 1263
1283 1426 1281
1281 1427 1428
1426 1429 1427
1430 1274 1273
1281 1426 1427
1268 1370 1369
1268 1269 1370
1237 1269 1268
1233 1236 1235
1286 1295 1294
1286 1294 1284
1238 1231 1241
1276 1279 1246
1253 1252 1225
1431 1285 1290
1286 1285 1431
1266 1267 1431
1266 1431 1290
1267 1295 1286
1267 1286 1431
1432 1433 1434
1435 1436 1437
1435 1437 1438
1437 1433 1432
1434 1433 1439
1297 1294 1295
1224 1226 1295
1246 1438 1252
1438 1296 1252
1434 1439 1425
1434 1425 1297
1437 1432 1296
1437 1296 1438
1296 1432 1434
1296 1434 1297
1437 1436 1433
1279 1435 1438
1279 1438 1246
1440 1374 1236
1238 1440 1236
1365 1363 1362
1386 1365 1362
1372 1441 1370
1441 1368 1369
1218 1268 1369
1219 1218 1369
1370 1441 1369
1268 1250 1237
1089 1106 1099
1330 1312 1323
1442 1443 1444
1445 1446 1442
1444 1443 1447
1445 1442 1444
1448 1449 1450
1451 1449 1448
1449 1452 1450
1450 1452 1446
1450 1446 1445
1453 1454 1455
1453 1455 1456
1457 1453 1456
1457 1456 1458
1459 1457 1458
1459 1458 1460
1461 1462 1463
1461 1463 1464
1462 1459 1460
1462 1460 1463
1454 1465 1466
1454 1466 1455
1467 1468 1469
1467 1469 1470
1471 1467 1472
1471 1472 1473
1474 1469 1468
1470 1475 1472
1470 1472 1467
1474 1476 1477
1478 1477 1479
1478 1469 1474
1474 1477 1478
1468 1476 1474
1476 1468 1480
1481 1482 1483
1481 1483 1484
1485 1481 1484
1485 1484 1486
1486 1487 1488
1486 1488 1485
1487 1489 1490
1487 1490 1488
1491 1492 1490
1491 1490 1489
1493 1494 1495
1496 1493 1497
1493 1496 1494
1498 1497 1499
1497 1498 1496
1495 1494 1500
1501 1502 1503
1501 1503 1504
1505 1506 1507
1508 1509 1510
1508 1511 1512
1507 1513 1505
1502 1514 1515
1502 1515 1503
1509 1513 1510
1510 1513 1507
1516 1506 1505
1517 1518 1519
1506 1516 1501
1506 1501 1504
1520 1521 1522
1520 1522 1523
1524 1520 1523
1524 1523 1525
1526 1527 1528
1526 1528 1529
1530 1528 1527
1530 1527 1531
1521 1532 1533
1521 1533 1522
1534 1524 1525
1534 1525 1535
1536 1537 1538
1536 1538 1539
1537 1540 1541
1537 1541 1538
1540 1526 1529
1540 1529 1541
1542 1543 1544
1545 1542 1546
1543 1547 1544
1545 1543 1542
1548 1549 1550
1551 1548 1550
1550 1549 1552
1549 1545 1546
1549 1546 1552
1512 1509 1508
1480 1468 1467
1480 1467 1471
1553 1554 1555
1556 1553 1557
1554 1558 1555
1556 1554 1553
1559 1560 1561
1562 1559 1561
1561 1560 1563
1560 1556 1557
1560 1557 1563
1564 1565 1566
1564 1566 1567
1568 1569 1565
1568 1565 1564
1570 1571 1569
1570 1569 1568
1572 1573 1574
1572 1574 1575
1575 1574 1571
1575 1571 1570
1567 1566 1576
1567 1576 1577
1578 1579 1580
1578 1580 1581
1582 1583 1584
1582 1584 1578
1585 1581 1580
1579 1578 1584
1579 1584 1586
1585 1587 1588
1589 1590 1587
1589 1585 1580
1585 1589 1587
1581 1585 1588
1588 1591 1581
1592 1593 1594
1592 1594 1595
1596 1597 1593
1596 1593 1592
1597 1596 1598
1597 1598 1599
1599 1598 1600
1599 1600 1601
1602 1601 1600
1602 1600 1603
1604 1605 1606
1607 1608 1604
1604 1606 1607
1609 1610 1608
1608 1607 1609
1605 1611 1606
1612 1613 1614
1612 1614 1615
1616 1617 1618
1619 1620 1621
1619 1622 1623
1617 1616 1624
1615 1614 1625
1615 1625 1626
1621 1620 1624
1620 1617 1624
1627 1616 1618
1628 1629 1630
1618 1613 1612
1618 1612 1627
1631 1632 1633
1631 1633 1634
1635 1636 1632
1635 1632 1631
1637 1638 1639
1637 1639 1640
1641 1642 1640
1641 1640 1639
1634 1633 1643
1634 1643 1644
1645 1646 1636
1645 1636 1635
1647 1648 1649
1647 1649 1650
1650 1649 1651
1650 1651 1652
1652 1651 1638
1652 1638 1637
1653 1654 1655
1656 1657 1653
1655 1654 1658
1656 1653 1655
1659 1660 1661
1662 1660 1659
1660 1663 1661
1661 1663 1657
1661 1657 1656
1622 1619 1621
1591 1582 1578
1591 1578 1581
1512 1511 1518
1519 1518 1511
1623 1622 1630
1630 1629 1623
1664 1665 1666
1665 1664 1667
1668 1669 1670
1668 1670 1671
1672 1673 1674
1672 1674 1675
1676 1677 1678
1676 1678 1679
1679 1678 1680
1679 1680 1681
1682 1683 1684
1682 1684 1685
1686 1687 1683
1686 1683 1682
1688 1689 1690
1688 1690 1691
1692 1682 1685
1692 1685 1693
1689 1688 1694
1689 1694 1695
1696 1693 1697
1698 1699 1700
1698 1700 1691
1701 1667 1702
1691 1700 1703
1691 1703 1688
1691 1690 1704
1691 1704 1698
1676 1674 1673
1676 1673 1677
1681 1705 1704
1681 1704 1679
1685 1684 1665
1685 1665 1701
1706 1692 1693
1706 1693 1707
1693 1685 1701
1693 1701 1697
1708 1706 1707
1708 1707 1709
1664 1710 1711
1664 1711 1712
1684 1713 1666
1684 1666 1665
1714 1703 1700
1714 1700 1715
1715 1700 1699
1715 1699 1716
1687 1717 1718
1687 1718 1683
1683 1718 1713
1683 1713 1684
1689 1674 1676
1689 1676 1690
1709 1707 1719
1720 1721 1696
1720 1696 1697
1676 1679 1704
1676 1704 1690
1675 1674 1689
1675 1689 1695
1722 1719 1668
1722 1668 1671
1721 1720 1723
1721 1723 1724
1712 1725 1667
1712 1667 1664
1725 1726 1702
1725 1702 1667
1698 1704 1705
1698 1705 1727
1727 1728 1699
1727 1699 1698
1716 1699 1728
1716 1728 1729
1695 1730 1731
1695 1731 1675
1703 1714 1732
1703 1732 1733
1686 1730 1695
1686 1695 1694
1688 1703 1733
1688 1733 1694
1672 1675 1731
1672 1731 1734
1706 1708 1734
1706 1734 1731
1682 1692 1730
1682 1730 1686
1730 1692 1706
1730 1706 1731
1717 1687 1733
1717 1733 1732
1694 1733 1687
1694 1687 1686
1668 1721 1724
1668 1724 1669
1721 1668 1719
1721 1719 1696
1707 1693 1696
1719 1707 1696
1722 1709 1719
1726 1723 1720
1726 1720 1702
1697 1701 1702
1720 1697 1702
1701 1665 1667
1710 1664 1666
1735 1666 1736
1736 1737 1735
1738 1739 1740
1738 1740 1741
1742 1743 1744
1742 1744 1745
1746 1747 1748
1746 1748 1749
1750 1751 1748
1750 1748 1747
1752 1753 1754
1752 1754 1755
1756 1752 1755
1756 1755 1757
1758 1759 1760
1758 1760 1761
1762 1763 1753
1762 1753 1752
1759 1764 1765
1759 1765 1760
1766 1767 1763
1768 1769 1770
1768 1770 1761
1771 1772 1737
1761 1760 1773
1761 1773 1768
1761 1770 1774
1761 1774 1758
1746 1749 1743
1746 1743 1742
1747 1774 1775
1747 1775 1750
1736 1754 1753
1736 1753 1771
1776 1777 1763
1776 1763 1762
1763 1767 1771
1763 1771 1753
1778 1779 1777
1778 1777 1776
1711 1710 1735
1711 1735 1780
1754 1736 1666
1754 1666 1713
1714 1715 1768
1714 1768 1773
1769 1768 1715
1769 1715 1716
1718 1717 1757
1718 1757 1755
1755 1754 1713
1755 1713 1718
1759 1758 1746
1759 1746 1742
1779 1781 1777
1766 1782 1783
1766 1783 1767
1774 1747 1746
1774 1746 1758
1745 1764 1759
1745 1759 1742
1738 1781 1784
1738 1784 1739
1785 1783 1782
1785 1782 1786
1780 1735 1737
1780 1737 1787
1772 1788 1787
1772 1787 1737
1789 1775 1774
1789 1774 1770
1789 1770 1769
1789 1769 1790
1790 1769 1716
1790 1716 1729
1791 1764 1745
1791 1745 1792
1732 1714 1773
1732 1773 1793
1764 1791 1756
1764 1756 1765
1760 1765 1793
1760 1793 1773
1744 1794 1792
1744 1792 1745
1794 1778 1776
1794 1776 1792
1752 1756 1791
1752 1791 1762
1791 1792 1776
1791 1776 1762
1793 1757 1717
1793 1717 1732
1757 1793 1765
1757 1765 1756
1738 1741 1786
1738 1786 1782
1781 1738 1782
1781 1782 1766
1777 1766 1763
1781 1766 1777
1784 1781 1779
1788 1772 1783
1788 1783 1785
1767 1772 1771
1783 1772 1767
1771 1737 1736
1710 1666 1735
1795 1796 1797
1795 1797 1798
1799 1800 1801
1802 1803 1804
1802 1804 1805
1806 1807 1808
1806 1808 1809
1810 1811 1812
1810 1812 1813
1814 1815 1816
1814 1816 1817
1818 1819 1820
1818 1820 1821
1822 1820 1823
1822 1823 1824
1825 1826 1827
1828 1829 1830
1828 1830 1831
1832 1823 1819
1833 1834 1835
1836 1837 1838
1839 1840 1841
1839 1841 1822
1842 1843 1844
1842 1844 1845
1846 1847 1848
1821 1849 1818
1850 1804 1803
1850 1803 1816
1851 1852 1853
1851 1853 1854
1855 1856 1857
1832 1819 1858
1832 1858 1859
1860 1861 1862
1860 1862 1863
1864 1865 1866
1864 1866 1867
1841 1868 1869
1841 1869 1870
1871 1872 1847
1871 1847 1873
1872 1874 1875
1872 1875 1876
1877 1878 1879
1879 1878 1880
1826 1881 1882
1826 1882 1883
1884 1885 1886
1884 1886 1887
1888 1889 1890
1888 1890 1891
1866 1865 1892
1866 1892 1893
1846 1894 1847
1855 1895 1896
1897 1898 1899
1900 1901 1890
1900 1890 1889
1839 1902 1809
1839 1809 1840
1903 1862 1835
1904 1905 1906
1904 1906 1907
1908 1909 1910
1911 1912 1860
1911 1860 1863
1879 1913 1914
1879 1914 1877
1915 1916 1859
1915 1859 1858
1852 1851 1917
1852 1917 1918
1919 1891 1864
1919 1864 1920
1921 1922 1923
1921 1923 1924
1925 1844 1926
1925 1926 1927
1928 1929 1930
1931 1932 1933
1931 1933 1934
1935 1796 1795
1814 1817 1936
1814 1936 1937
1898 1860 1912
1898 1912 1800
1938 1818 1849
1926 1939 1940
1926 1940 1927
1813 1941 1942
1858 1943 1921
1858 1921 1915
1892 1865 1890
1892 1890 1901
1944 1945 1946
1944 1946 1947
1944 1866 1893
1948 1900 1889
1948 1889 1830
1903 1935 1863
1903 1863 1862
1816 1815 1850
1930 1929 1949
1930 1949 1950
1951 1943 1818
1951 1818 1938
1936 1952 1937
1953 1954 1955
1956 1856 1855
1956 1855 1957
1831 1830 1889
1831 1889 1888
1958 1959 1960
1958 1960 1961
1962 1905 1963
1962 1963 1964
1965 1966 1967
1799 1968 1898
1837 1969 1970
1971 1821 1820
1971 1820 1972
1908 1910 1973
1974 1888 1891
1974 1891 1919
1840 1809 1808
1840 1808 1975
1976 1977 1978
1976 1978 1979
1980 1981 1982
1980 1982 1983
1984 1985 1805
1984 1805 1804
1986 1952 1987
1986 1987 1988
1989 1990 1795
1991 1992 1877
1991 1877 1914
1993 1959 1958
1876 1875 1994
1876 1994 1797
1995 1996 1827
1995 1827 1798
1991 1997 1998
1991 1998 1992
1984 1800 1912
1984 1912 1999
1825 2000 1881
1825 1881 1826
1830 1870 1869
1830 1869 1948
1877 1992 2001
1877 2001 1878
2002 1966 1933
2002 1933 1932
1953 1970 1969
1943 1858 1819
1943 1819 1818
1988 1987 2003
1909 1908 2004
1909 2004 2005
2006 1958 1961
2006 1961 2007
1883 1895 1857
1883 1857 1990
1936 1817 2008
1936 2008 2009
2010 2011 2012
2010 2012 1999
1897 1933 1966
1897 1966 1861
1887 1886 2013
1887 2013 2014
2015 2016 2017
2015 2017 2018
1863 1935 1990
1863 1990 1857
1857 1911 1863
2016 2015 2019
2016 2019 2020
2021 2022 2023
1813 1942 2024
1820 1822 2025
1820 2025 1972
1804 1850 1800
1804 1800 1984
1822 1841 1870
1822 1870 2025
1845 1844 1925
1977 1976 2026
1977 2026 1928
1959 1980 1983
1959 1983 1960
2027 1941 2028
1812 2028 1941
1796 1935 1903
1938 1849 2029
1938 2029 2030
2031 1867 1947
2031 1947 1946
1822 1824 1839
1983 2032 2033
1983 2033 1960
2034 2035 1824
2034 1824 1823
1979 2036 2037
1979 2037 2038
1846 2039 2040
1846 2040 1894
1848 1876 1797
1848 1797 1796
1827 1989 1795
1827 1795 1798
1848 1847 1872
1848 1872 1876
1820 1819 1823
2041 1828 1831
2041 1831 2042
1955 1954 1829
1955 1829 1828
2025 1829 1954
1868 1841 1840
1868 1840 1975
1856 1956 2011
1856 2011 2010
2043 1843 1842
1812 2044 1971
1812 1971 2028
1816 1803 2008
1816 2008 1817
1961 1960 2033
2045 1839 1824
1806 1904 2046
1806 2046 1807
1887 2047 2048
1887 2048 1884
1949 2049 1950
1880 1878 2001
1880 2001 2050
2007 1961 2033
2043 2051 2052
2043 2052 1843
2038 2053 1976
2038 1976 1979
1959 1993 2054
1959 2054 1980
2027 2028 1953
2027 1953 1969
1923 2005 2004
1923 2004 1924
2049 2036 1979
2049 1979 1978
2008 2055 2003
2008 2003 2009
2056 2057 2058
2056 2058 2035
2059 1852 1918
2059 1918 2060
1947 1867 1866
1947 1866 1944
2051 2040 2061
2051 2061 2052
1943 1951 1922
1943 1922 1921
1917 1967 1966
1917 1966 2002
1983 1982 2062
1983 2062 2032
1823 1832 2063
1823 2063 2034
1907 2064 2046
2018 2017 1854
2018 1854 1853
1973 1910 1916
1973 1916 1915
1846 1834 2065
1846 2065 2039
1883 1882 1896
1883 1896 1895
1809 1902 1963
1809 1963 1806
2020 2019 2059
2020 2059 2066
2067 2068 2069
2067 2069 2070
2013 1886 1885
2013 1885 2071
1803 1802 2055
1803 2055 2008
1828 2041 2072
1828 2072 1955
2073 1957 1855
1970 1955 2072
1970 2072 2074
2012 1985 1984
2012 1984 1999
2068 2067 1997
2068 1997 1991
2059 2060 1931
2059 1931 2066
1897 1861 1860
1897 1860 1898
1953 1972 1954
2075 2023 1837
1821 2076 2069
1821 2069 1849
1926 2052 2061
1926 2061 1939
2024 1942 2077
2024 2077 2078
2019 2015 2018
2019 2018 1853
1835 1834 1903
1899 1934 1933
1899 1933 1897
1996 1825 1827
1972 2025 1954
2079 2070 2069
2079 2069 2076
1833 1940 2065
1833 2065 1834
1965 2080 2081
1965 2081 1835
1963 1902 2082
1963 2082 1964
1973 1924 2004
1973 2004 1908
1852 2059 2019
1852 2019 1853
1907 2046 1904
2068 2029 1849
2068 1849 2069
2056 2014 2083
2056 2083 2057
1905 1904 1806
1905 1806 1963
2029 2068 1991
2029 1991 1914
2029 1914 1913
2029 1913 2030
1867 2031 1920
1867 1920 1864
2014 2056 2047
2014 2047 1887
2034 2047 2056
2034 2056 2035
2081 2084 1833
2081 1833 1835
1811 2085 2044
1811 2044 1812
1977 1930 1950
1977 1950 1978
1873 1847 1894
1873 1894 2086
2084 1981 1980
2084 1980 2054
2022 1942 1941
1797 1994 1995
1797 1995 1798
1843 2052 1926
1843 1926 1844
2087 2088 1842
2087 1842 1845
1989 1826 1883
1989 1883 1990
1966 1965 1862
1966 1862 1861
2026 1976 2053
2026 2053 2086
1891 1890 1865
1891 1865 1864
1924 1973 1915
1924 1915 1921
1911 1857 1856
1911 1856 2010
2023 2027 1969
1826 1989 1827
1837 1970 2074
1870 1830 1829
1870 1829 2025
1987 1952 1936
1987 1936 2009
2076 1821 1971
2076 1971 2044
1907 1906 2089
1907 2089 2064
2082 1902 1839
2082 1839 2045
1834 1846 1903
1888 1974 2042
1888 2042 1831
2058 2045 1824
2058 1824 2035
2080 1965 1967
2080 1967 2062
2034 2063 2048
2034 2048 2047
2010 1999 1912
2010 1912 1911
1971 1972 1953
1971 1953 2028
2076 2044 2085
2076 2085 2079
1962 2089 1906
2001 1992 1998
2001 1998 2050
2071 2083 2014
2071 2014 2013
1871 2038 2037
2053 1873 2086
1939 2065 1940
2039 2061 2040
1982 2080 2062
2081 1981 2084
2060 1932 1931
2002 1918 1917
1871 1873 2053
1871 2053 2038
1932 2060 1918
1932 1918 2002
1981 2081 2080
1981 2080 1982
1939 2061 2039
1939 2039 2065
1871 2037 1874
1871 1874 1872
1977 1928 1930
2087 1845 1925
2088 2043 1842
1810 1813 2024
1965 1835 1862
1903 1846 1848
1990 1935 1795
1848 1796 1903
2073 1855 1896
2073 2090 1957
1942 2022 2021
1942 2021 2077
2022 1941 2027
1836 2091 1837
2091 2075 1837
2075 2021 2023
2023 2022 2027
1837 2023 1969
1838 1837 2074
1895 1855 1857
1970 1953 1955
1813 1812 1941
1937 1952 1986
2003 1987 2009
1962 1906 1905
1950 2049 1978
1993 1958 2006
1944 1893 1945
1899 1898 1968
1799 1898 1800
1801 1800 1850
1850 1815 1801
2092 2093 2094
2094 2095 2092
2096 2097 2098
2096 2098 2099
2100 2101 2102
2100 2102 2103
2104 2105 2106
2104 2106 2107
2105 2108 2109
2105 2109 2106
2110 2111 2112
2110 2112 2113
2114 2110 2113
2114 2113 2115
2116 2117 2118
2116 2118 2119
2120 2121 2111
2120 2111 2110
2119 2122 2123
2119 2123 2116
2124 2125 2121
2126 2117 2127
2126 2127 2128
2129 2130 2095
2117 2116 2131
2117 2131 2127
2117 2126 2132
2117 2132 2118
2104 2107 2103
2104 2103 2102
2108 2105 2132
2108 2132 2133
2111 2129 2094
2111 2094 2112
2134 2135 2121
2134 2121 2120
2121 2125 2129
2121 2129 2111
2136 2137 2135
2136 2135 2134
2092 2138 2139
2092 2139 2140
2112 2094 2093
2112 2093 2141
2142 2143 2127
2142 2127 2131
2143 2144 2128
2143 2128 2127
2115 2113 2145
2115 2145 2146
2113 2112 2141
2113 2141 2145
2119 2118 2104
2119 2104 2102
2137 2147 2135
2148 2125 2124
2148 2124 2149
2104 2118 2132
2104 2132 2105
2101 2122 2119
2101 2119 2102
2150 2097 2096
2150 2096 2147
2149 2151 2152
2149 2152 2148
2138 2092 2095
2138 2095 2153
2153 2095 2130
2153 2130 2154
2126 2155 2133
2126 2133 2132
2155 2126 2128
2155 2128 2156
2144 2157 2156
2144 2156 2128
2122 2101 2158
2122 2158 2159
2131 2160 2161
2131 2161 2142
2114 2123 2122
2114 2122 2159
2116 2123 2160
2116 2160 2131
2100 2162 2158
2100 2158 2101
2134 2158 2162
2134 2162 2136
2110 2114 2159
2110 2159 2120
2159 2158 2134
2159 2134 2120
2146 2161 2160
2146 2160 2115
2123 2114 2115
2123 2115 2160
2096 2099 2151
2096 2151 2149
2149 2124 2147
2149 2147 2096
2135 2124 2121
2147 2124 2135
2150 2147 2137
2154 2130 2148
2154 2148 2152
2125 2130 2129
2148 2130 2125
2129 2095 2094
2140 2093 2092
2163 2164 2093
2164 2163 2165
2166 2167 2168
2166 2168 2169
2170 2171 2172
2170 2172 2173
2174 2175 2176
2174 2176 2177
2178 2177 2176
2178 2176 2179
2180 2181 2182
2180 2182 2183
2184 2185 2181
2184 2181 2180
2186 2187 2188
2186 2188 2189
2190 2180 2183
2190 2183 2191
2189 2188 2192
2189 2192 2193
2194 2191 2195
2196 2187 2197
2196 2197 2198
2199 2165 2200
2187 2196 2201
2187 2201 2188
2187 2186 2202
2187 2202 2197
2174 2170 2173
2174 2173 2175
2177 2178 2203
2177 2203 2202
2164 2199 2183
2164 2183 2182
2204 2190 2191
2204 2191 2205
2191 2183 2199
2191 2199 2195
2206 2204 2205
2206 2205 2207
2139 2208 2163
2139 2163 2140
2182 2141 2093
2182 2093 2164
2142 2201 2196
2142 2196 2143
2198 2144 2143
2198 2143 2196
2145 2181 2185
2145 2185 2146
2181 2145 2141
2181 2141 2182
2189 2170 2174
2189 2174 2186
2207 2205 2209
2194 2195 2210
2194 2210 2211
2202 2186 2174
2202 2174 2177
2171 2170 2189
2171 2189 2193
2166 2169 2212
2166 2212 2209
2213 2214 2211
2213 2211 2210
2208 2215 2165
2208 2165 2163
2200 2165 2215
2200 2215 2216
2217 2197 2202
2217 2202 2203
2217 2218 2198
2217 2198 2197
2218 2157 2144
2218 2144 2198
2219 2220 2171
2219 2171 2193
2161 2221 2201
2161 2201 2142
2193 2192 2184
2193 2184 2219
2188 2201 2221
2188 2221 2192
2172 2171 2220
2172 2220 2222
2222 2220 2204
2222 2204 2206
2180 2190 2219
2180 2219 2184
2219 2190 2204
2219 2204 2220
2221 2161 2146
2221 2146 2185
2185 2184 2192
2185 2192 2221
2166 2211 2214
2166 2214 2167
2209 2194 2211
2209 2211 2166
2205 2191 2194
2209 2205 2194
2212 2207 2209
2216 2213 2210
2216 2210 2200
2195 2199 2200
2210 2195 2200
2199 2164 2165
2140 2163 2093
2223 2224 2225
2223 2225 2226
2227 2228 2229
2230 2231 2232
2230 2232 2233
2234 2235 2236
2234 2236 2237
2238 2239 2240
2238 2240 2241
2242 2243 2244
2242 2244 2245
2246 2247 2248
2246 2248 2249
2250 2251 2252
2250 2252 2248
2253 2254 2255
2256 2257 2258
2256 2258 2259
2260 2249 2252
2261 2262 2263
2264 2265 2266
2267 2250 2268
2267 2268 2269
2270 2271 2272
2270 2272 2273
2274 2275 2276
2247 2246 2277
2278 2244 2233
2278 2233 2232
2279 2280 2281
2279 2281 2282
2283 2284 2285
2260 2286 2287
2260 2287 2249
2288 2289 2290
2288 2290 2291
2292 2293 2294
2292 2294 2295
2268 2296 2297
2268 2297 2298
2299 2300 2276
2299 2276 2301
2301 2302 2303
2301 2303 2304
2305 2306 2307
2306 2308 2307
2255 2309 2310
2255 2310 2311
2312 2313 2314
2312 2314 2315
2316 2317 2318
2316 2318 2319
2294 2320 2321
2294 2321 2295
2274 2276 2322
2283 2323 2324
2325 2326 2327
2328 2319 2318
2328 2318 2329
2267 2269 2235
2267 2235 2330
2331 2262 2290
2332 2333 2334
2332 2334 2335
2336 2337 2338
2339 2289 2288
2339 2288 2340
2306 2305 2341
2306 2341 2342
2343 2287 2286
2343 2286 2344
2282 2345 2346
2282 2346 2279
2347 2348 2292
2347 2292 2317
2349 2350 2351
2349 2351 2352
2353 2354 2355
2353 2355 2272
2356 2357 2358
2359 2360 2361
2359 2361 2362
2363 2223 2226
2242 2364 2365
2242 2365 2243
2327 2229 2340
2327 2340 2288
2366 2277 2246
2355 2354 2367
2355 2367 2368
2239 2369 2370
2287 2343 2349
2287 2349 2371
2321 2329 2318
2321 2318 2295
2372 2373 2374
2372 2374 2375
2372 2320 2294
2376 2258 2319
2376 2319 2328
2331 2290 2289
2331 2289 2363
2244 2278 2245
2357 2377 2378
2357 2378 2358
2379 2366 2246
2379 2246 2371
2365 2364 2380
2381 2382 2383
2384 2385 2283
2384 2283 2285
2257 2316 2319
2257 2319 2258
2386 2387 2388
2386 2388 2389
2390 2391 2392
2390 2392 2335
2393 2394 2395
2227 2327 2396
2266 2397 2398
2399 2400 2248
2399 2248 2247
2336 2401 2337
2402 2347 2317
2402 2317 2316
2269 2403 2236
2269 2236 2235
2404 2405 2406
2404 2406 2407
2408 2409 2410
2408 2410 2411
2412 2232 2231
2412 2231 2413
2414 2415 2416
2414 2416 2380
2417 2223 2418
2419 2341 2305
2419 2305 2420
2421 2386 2389
2302 2225 2422
2302 2422 2303
2423 2224 2254
2423 2254 2424
2419 2420 2425
2419 2425 2426
2412 2427 2340
2412 2340 2229
2253 2255 2311
2253 2311 2428
2258 2376 2297
2258 2297 2296
2305 2307 2429
2305 2429 2420
2430 2362 2361
2430 2361 2395
2381 2398 2397
2371 2246 2249
2371 2249 2287
2415 2431 2416
2338 2432 2433
2338 2433 2336
2434 2435 2387
2434 2387 2386
2309 2418 2284
2309 2284 2324
2365 2436 2437
2365 2437 2243
2438 2427 2439
2438 2439 2440
2325 2291 2395
2325 2395 2361
2313 2441 2442
2313 2442 2314
2443 2444 2445
2443 2445 2446
2289 2284 2418
2289 2418 2363
2284 2289 2339
2446 2447 2448
2446 2448 2443
2449 2450 2451
2239 2452 2369
2248 2400 2453
2248 2453 2250
2232 2412 2229
2232 2229 2278
2250 2453 2296
2250 2296 2268
2271 2353 2272
2407 2356 2454
2407 2454 2404
2389 2388 2409
2389 2409 2408
2455 2456 2370
2240 2370 2456
2226 2331 2363
2366 2457 2458
2366 2458 2277
2459 2374 2373
2459 2373 2293
2250 2267 2251
2409 2388 2460
2409 2460 2461
2462 2252 2251
2462 2251 2463
2405 2464 2465
2405 2465 2466
2274 2322 2467
2274 2467 2468
2275 2226 2225
2275 2225 2302
2254 2224 2223
2254 2223 2417
2275 2302 2301
2275 2301 2276
2248 2252 2249
2469 2470 2257
2469 2257 2256
2382 2256 2259
2382 2259 2383
2453 2383 2259
2298 2403 2269
2298 2269 2268
2285 2438 2440
2285 2440 2384
2471 2270 2273
2240 2456 2399
2240 2399 2472
2244 2243 2437
2244 2437 2233
2387 2460 2388
2473 2251 2267
2234 2237 2474
2234 2474 2332
2313 2312 2475
2313 2475 2476
2378 2377 2477
2308 2478 2429
2308 2429 2307
2435 2460 2387
2471 2273 2479
2471 2479 2480
2464 2405 2404
2464 2404 2481
2389 2408 2482
2389 2482 2421
2455 2398 2381
2455 2381 2456
2351 2350 2433
2351 2433 2432
2477 2406 2405
2477 2405 2466
2437 2436 2431
2437 2431 2483
2484 2463 2485
2484 2485 2486
2487 2488 2345
2487 2345 2282
2373 2372 2294
2373 2294 2293
2480 2479 2489
2480 2489 2467
2371 2349 2352
2371 2352 2379
2346 2430 2395
2346 2395 2394
2409 2461 2490
2409 2490 2410
2252 2462 2491
2252 2491 2260
2333 2474 2492
2444 2281 2280
2444 2280 2445
2401 2343 2344
2401 2344 2337
2274 2468 2493
2274 2493 2263
2309 2324 2323
2309 2323 2310
2235 2234 2392
2235 2392 2330
2447 2494 2487
2447 2487 2448
2495 2496 2497
2495 2497 2498
2442 2499 2315
2442 2315 2314
2233 2437 2483
2233 2483 2230
2256 2382 2500
2256 2500 2469
2501 2283 2385
2397 2502 2500
2397 2500 2382
2439 2427 2412
2439 2412 2413
2498 2419 2426
2498 2426 2495
2487 2494 2359
2487 2359 2488
2325 2327 2288
2325 2288 2291
2381 2383 2400
2503 2266 2450
2247 2277 2497
2247 2497 2504
2355 2368 2489
2355 2489 2479
2452 2505 2506
2452 2506 2369
2448 2281 2444
2448 2444 2443
2262 2331 2263
2326 2325 2361
2326 2361 2360
2424 2254 2253
2400 2383 2453
2507 2504 2497
2507 2497 2496
2261 2263 2493
2261 2493 2367
2393 2262 2508
2393 2508 2509
2392 2391 2510
2392 2510 2330
2401 2336 2433
2401 2433 2350
2282 2281 2448
2282 2448 2487
2333 2332 2474
2498 2497 2277
2498 2277 2458
2484 2486 2511
2484 2511 2441
2335 2392 2234
2335 2234 2332
2458 2341 2419
2458 2419 2498
2458 2457 2342
2458 2342 2341
2293 2292 2348
2293 2348 2459
2441 2313 2476
2441 2476 2484
2462 2463 2484
2462 2484 2476
2508 2262 2261
2508 2261 2512
2241 2240 2472
2241 2472 2513
2407 2406 2377
2407 2377 2357
2300 2514 2322
2300 2322 2276
2512 2482 2408
2512 2408 2411
2451 2370 2369
2225 2224 2423
2225 2423 2422
2273 2272 2355
2273 2355 2479
2515 2271 2270
2515 2270 2516
2417 2418 2309
2417 2309 2255
2395 2291 2290
2395 2290 2393
2454 2514 2481
2454 2481 2404
2317 2292 2295
2317 2295 2318
2350 2349 2343
2350 2343 2401
2339 2438 2285
2339 2285 2284
2450 2398 2455
2255 2254 2417
2266 2502 2397
2296 2453 2259
2296 2259 2258
2416 2436 2365
2416 2365 2380
2504 2472 2399
2504 2399 2247
2333 2492 2517
2333 2517 2334
2510 2473 2267
2510 2267 2330
2263 2331 2274
2316 2257 2470
2316 2470 2402
2485 2463 2251
2485 2251 2473
2509 2490 2394
2509 2394 2393
2462 2476 2475
2462 2475 2491
2438 2339 2340
2438 2340 2427
2399 2456 2381
2399 2381 2400
2504 2507 2513
2504 2513 2472
2390 2334 2517
2429 2478 2425
2429 2425 2420
2499 2442 2441
2499 2441 2511
2299 2465 2464
2481 2514 2300
2368 2367 2493
2468 2467 2489
2410 2490 2509
2508 2512 2411
2488 2359 2362
2430 2346 2345
2299 2464 2481
2299 2481 2300
2362 2430 2345
2362 2345 2488
2411 2410 2509
2411 2509 2508
2368 2493 2468
2368 2468 2489
2299 2301 2304
2299 2304 2465
2407 2357 2356
2515 2353 2271
2516 2270 2471
2238 2452 2239
2393 2290 2262
2331 2275 2274
2418 2223 2363
2275 2331 2226
2501 2323 2283
2501 2385 2518
2369 2506 2449
2369 2449 2451
2451 2455 2370
2264 2266 2519
2519 2266 2503
2503 2450 2449
2450 2455 2451
2266 2398 2450
2265 2502 2266
2324 2284 2283
2397 2382 2381
2239 2370 2240
2364 2414 2380
2431 2436 2416
2390 2335 2334
2377 2406 2477
2421 2434 2386
2372 2375 2320
2326 2396 2327
2227 2229 2327
2228 2278 2229
2278 2228 2245
2520 2521 2522
2520 2522 2523
2524 2521 2525
2524 2525 2526
2527 2528 2529
2530 2531 2532
2530 2532 2526
2526 2532 2533
2526 2533 2524
2534 2533 2532
2535 2524 2533
2535 2533 2536
2537 2536 2538
2536 2537 2539
2536 2539 2535
2535 2539 2523
2535 2523 2522
2522 2521 2524
2522 2524 2535
2525 2540 2530
2525 2530 2526
2540 2525 2521
2540 2521 2520
2541 2533 2542
2543 2537 2538
2532 2531 2528
2544 2533 2541
2536 2545 2546
2538 2536 2546
2534 2547 2548
2534 2532 2528
2545 2536 2533
2545 2533 2544
2528 2527 2549
2534 2528 2549
2534 2549 2547
2534 2548 2542
2533 2534 2542
2546 2545 2550
2546 2550 2551
2551 2552 2538
2551 2538 2546
2541 2553 2554
2541 2554 2544
2538 2552 2555
2538 2555 2543
2556 2557 2542
2556 2542 2548
2549 2527 2558
2549 2558 2559
2556 2548 2547
2556 2547 2560
2545 2544 2554
2545 2554 2550
2561 2549 2559
2561 2560 2547
2561 2547 2549
2553 2541 2542
2553 2542 2557
2562 2563 2564
2562 2564 2565
2566 2567 2568
2566 2568 2565
2569 2570 2571
2572 2567 2573
2572 2573 2574
2567 2566 2575
2567 2575 2573
2576 2573 2575
2577 2578 2575
2577 2575 2566
2579 2580 2578
2578 2577 2581
2578 2581 2579
2577 2564 2563
2577 2563 2581
2564 2577 2566
2564 2566 2565
2568 2567 2572
2568 2572 2582
2582 2562 2565
2582 2565 2568
2583 2584 2575
2585 2580 2579
2573 2571 2574
2586 2583 2575
2578 2587 2588
2580 2587 2578
2576 2589 2590
2576 2571 2573
2588 2586 2575
2588 2575 2578
2571 2591 2569
2576 2591 2571
2576 2590 2591
2576 2584 2589
2575 2584 2576
2587 2592 2593
2587 2593 2588
2592 2587 2580
2592 2580 2594
2583 2586 2595
2583 2595 2596
2580 2585 2597
2580 2597 2594
2598 2589 2584
2598 2584 2599
2591 2600 2601
2591 2601 2569
2598 2602 2590
2598 2590 2589
2588 2593 2595
2588 2595 2586
2603 2600 2591
2603 2591 2590
2603 2590 2602
2596 2599 2584
2596 2584 2583
2604 2558 2527
2604 2527 2529
2605 2570 2569
2605 2569 2601
2606 2607 2608
2609 2610 2611
2609 2611 2612
2612 2611 2606
2613 2610 2609
2613 2609 2614
2615 2616 2617
2615 2617 2618
2619 2620 2621
2619 2621 2613
2622 2618 2617
2619 2613 2623
2620 2616 2621
2613 2614 2623
2624 2625 2626
2627 2628 2629
2627 2629 2630
2628 2624 2629
2631 2632 2627
2631 2627 2630
2633 2634 2635
2633 2635 2636
2637 2631 2638
2637 2638 2639
2640 2635 2634
2637 2641 2631
2639 2638 2636
2631 2641 2632
2621 2616 2615
2636 2638 2633
2606 2611 2607
2629 2624 2626
2642 2643 2644
2642 2644 2645
2646 2647 2648
2646 2648 2649
2650 2651 2652
2650 2652 2653
2654 2655 2656
2654 2656 2657
2658 2659 2660
2658 2660 2661
2662 2663 2664
2662 2664 2665
2662 2665 2666
2662 2666 2667
2665 2668 2669
2665 2669 2666
2670 2671 2672
2673 2674 2675
2672 2676 2677
2678 2679 2674
2680 2681 2682
2672 2683 2670
2684 2673 2675
2681 2683 2672
2674 2673 2677
2685 2674 2679
2673 2680 2677
2677 2682 2672
2686 2683 2681
2687 2686 2681
2688 2689 2670
2688 2670 2683
2690 2691 2692
2693 2679 2694
2695 2696 2697
2698 2699 2696
2698 2696 2700
2699 2701 2702
2703 2704 2705
2706 2707 2701
2706 2701 2708
2704 2690 2692
2694 2709 2693
2710 2671 2670
2710 2670 2689
2676 2671 2694
2678 2694 2679
2676 2694 2678
2695 2711 2700
2695 2700 2696
2712 2713 2714
2715 2716 2717
2713 2716 2715
2713 2715 2718
2712 2719 2720
2716 2720 2717
2721 2686 2687
2721 2719 2686
2722 2721 2687
2720 2723 2717
2724 2720 2719
2720 2724 2723
2720 2716 2712
2725 2724 2719
2722 2726 2727
2722 2727 2721
2728 2729 2727
2728 2727 2726
2730 2723 2724
2730 2724 2725
2731 2732 2733
2731 2733 2734
2735 2736 2737
2726 2738 2739
2726 2739 2728
2722 2736 2738
2722 2738 2726
2731 2740 2732
2741 2734 2738
2741 2738 2736
2722 2737 2736
2684 2742 2673
2731 2663 2662
2741 2736 2735
2737 2722 2687
2663 2731 2734
2663 2734 2741
2742 2680 2673
2680 2742 2737
2684 2664 2742
2735 2664 2663
2735 2663 2741
2735 2737 2742
2664 2735 2742
2734 2733 2739
2734 2739 2738
2704 2743 2690
2744 2704 2692
2686 2688 2683
2745 2746 2747
2745 2747 2748
2729 2730 2725
2729 2725 2727
2721 2725 2719
2727 2725 2721
2687 2681 2737
2701 2749 2702
2750 2744 2707
2750 2707 2706
2708 2701 2699
2708 2699 2698
2707 2749 2701
2702 2696 2699
2693 2702 2749
2691 2679 2693
2679 2691 2685
2685 2691 2690
2710 2697 2702
2671 2709 2694
2697 2710 2689
2697 2689 2714
2688 2712 2714
2688 2714 2689
2719 2688 2686
2712 2688 2719
2709 2710 2702
2671 2710 2709
2749 2692 2691
2749 2691 2693
2713 2718 2711
2713 2711 2695
2714 2695 2697
2713 2695 2714
2716 2713 2712
2672 2671 2676
2677 2676 2678
2709 2702 2693
2704 2744 2750
2704 2750 2705
2749 2744 2692
2707 2744 2749
2697 2696 2702
2680 2682 2677
2672 2682 2681
2674 2677 2678
2737 2681 2680
2751 2752 2753
2751 2753 2754
2755 2756 2757
2755 2757 2758
2759 2754 2753
2759 2753 2760
2761 2762 2763
2761 2763 2764
2765 2758 2764
2765 2764 2766
2752 2767 2768
2752 2768 2753
2764 2758 2757
2764 2757 2761
2760 2763 2762
2760 2762 2759
2769 2768 2667
2769 2667 2666
2770 2740 2662
2770 2662 2667
2769 2666 2669
2769 2669 2771
2745 2766 2771
2745 2771 2669
2746 2668 2684
2746 2684 2675
2664 2684 2668
2664 2668 2665
2746 2675 2772
2746 2772 2747
2772 2743 2773
2772 2773 2774
2772 2774 2747
2765 2748 2775
2765 2775 2776
2748 2747 2774
2748 2774 2775
2768 2769 2760
2768 2760 2753
2766 2745 2748
2766 2748 2765
2764 2763 2771
2764 2771 2766
2690 2772 2685
2772 2675 2685
2758 2765 2776
2758 2776 2755
2768 2767 2770
2768 2770 2667
2685 2675 2674
2690 2743 2772
2703 2743 2704
2773 2743 2703
2668 2746 2745
2668 2745 2669
2769 2771 2763
2769 2763 2760
2662 2740 2731
2777 2778 2779
2777 2779 2780
2781 2782 2783
2781 2783 2784
2780 2785 2786
2781 2754 2787
2778 2777 2788
2789 2790 2788
2789 2788 2791
2791 2792 2793
2791 2793 2789
2754 2781 2784
2754 2784 2751
2779 2778 2794
2795 2796 2757
2785 2797 2786
2798 2799 2800
2800 2801 2794
2792 2796 2795
2802 2793 2792
2802 2792 2795
2777 2803 2791
2777 2791 2788
2790 2798 2788
2798 2778 2788
2803 2804 2791
2757 2796 2761
2756 2802 2795
2756 2795 2757
2778 2798 2800
2777 2780 2786
2805 2806 2785
2806 2797 2785
2787 2797 2806
2787 2806 2782
2787 2782 2781
2799 2801 2800
2796 2762 2761
2792 2804 2796
2807 2804 2797
2787 2807 2797
2796 2807 2762
2787 2759 2807
2807 2759 2762
2791 2804 2792
2797 2804 2786
2787 2754 2759
2808 2783 2782
2808 2782 2805
2782 2806 2805
2804 2807 2796
2786 2804 2803
2786 2803 2777
2794 2778 2800
2809 2810 2811
2809 2811 2812
2809 2813 2814
2809 2814 2810
2810 2814 2815
2810 2815 2816
2817 2818 2819
2820 2821 2822
2818 2823 2824
2825 2822 2826
2827 2828 2829
2818 2817 2830
2831 2821 2820
2829 2818 2830
2822 2823 2820
2832 2826 2822
2820 2823 2827
2823 2818 2828
2833 2829 2830
2834 2829 2833
2835 2830 2817
2835 2817 2836
2837 2838 2839
2840 2841 2826
2842 2843 2844
2845 2846 2844
2845 2844 2847
2847 2848 2849
2850 2851 2852
2853 2854 2849
2853 2849 2855
2852 2838 2837
2841 2840 2856
2857 2836 2817
2857 2817 2819
2824 2841 2819
2825 2826 2841
2824 2825 2841
2842 2844 2846
2842 2846 2858
2859 2860 2861
2862 2863 2864
2861 2865 2862
2861 2862 2864
2859 2866 2867
2864 2863 2866
2868 2834 2833
2868 2833 2867
2869 2834 2868
2866 2863 2870
2871 2867 2866
2866 2870 2871
2866 2859 2864
2872 2867 2871
2869 2868 2873
2869 2873 2874
2875 2874 2873
2875 2873 2876
2877 2872 2871
2877 2871 2870
2878 2879 2880
2878 2880 2881
2882 2883 2884
2874 2875 2885
2874 2885 2886
2869 2874 2886
2869 2886 2884
2878 2881 2887
2888 2884 2886
2888 2886 2879
2869 2884 2883
2831 2820 2889
2878 2809 2812
2888 2882 2884
2883 2834 2869
2812 2888 2879
2812 2879 2878
2889 2820 2827
2827 2883 2889
2831 2889 2811
2882 2812 2811
2882 2888 2812
2882 2889 2883
2811 2889 2882
2879 2886 2885
2879 2885 2880
2852 2837 2890
2891 2838 2852
2833 2830 2835
2892 2893 2894
2892 2894 2895
2876 2873 2872
2876 2872 2877
2868 2867 2872
2873 2868 2872
2834 2883 2829
2849 2848 2896
2897 2853 2855
2897 2855 2891
2854 2845 2847
2854 2847 2849
2855 2849 2896
2848 2847 2844
2840 2896 2848
2839 2840 2826
2826 2832 2839
2832 2837 2839
2857 2848 2843
2819 2841 2856
2843 2860 2836
2843 2836 2857
2835 2836 2860
2835 2860 2859
2867 2833 2835
2859 2867 2835
2856 2848 2857
2819 2856 2857
2896 2840 2839
2896 2839 2838
2861 2842 2858
2861 2858 2865
2860 2843 2842
2861 2860 2842
2864 2859 2861
2818 2824 2819
2823 2825 2824
2856 2840 2848
2852 2851 2897
2852 2897 2891
2896 2838 2891
2855 2896 2891
2843 2848 2844
2827 2823 2828
2818 2829 2828
2822 2825 2823
2883 2827 2829
2898 2899 2900
2898 2900 2901
2902 2903 2904
2902 2904 2905
2906 2907 2900
2906 2900 2899
2908 2909 2910
2908 2910 2911
2912 2913 2909
2912 2909 2903
2901 2900 2914
2901 2914 2915
2909 2908 2904
2909 2904 2903
2907 2906 2911
2907 2911 2910
2916 2814 2813
2916 2813 2914
2917 2813 2809
2917 2809 2887
2916 2918 2815
2916 2815 2814
2892 2815 2918
2892 2918 2913
2895 2821 2831
2895 2831 2816
2811 2810 2816
2811 2816 2831
2895 2894 2919
2895 2919 2821
2919 2920 2890
2919 2894 2921
2919 2921 2920
2912 2922 2923
2912 2923 2893
2893 2923 2921
2893 2921 2894
2914 2900 2907
2914 2907 2916
2913 2912 2893
2913 2893 2892
2909 2913 2918
2909 2918 2910
2837 2832 2919
2919 2832 2821
2903 2902 2922
2903 2922 2912
2914 2813 2917
2914 2917 2915
2832 2822 2821
2837 2919 2890
2850 2852 2890
2920 2850 2890
2816 2815 2892
2816 2892 2895
2916 2907 2910
2916 2910 2918
2809 2878 2887
2924 2925 2926
2924 2926 2927
2928 2929 2930
2928 2930 2931
2925 2932 2933
2928 2934 2899
2927 2935 2924
2936 2937 2935
2936 2935 2938
2937 2936 2939
2937 2939 2940
2899 2898 2929
2899 2929 2928
2926 2941 2927
2942 2904 2943
2933 2932 2944
2945 2946 2947
2946 2941 2948
2940 2942 2943
2949 2942 2940
2949 2940 2939
2924 2935 2937
2924 2937 2950
2938 2935 2945
2945 2935 2927
2950 2937 2951
2904 2908 2943
2905 2904 2942
2905 2942 2949
2927 2946 2945
2924 2932 2925
2952 2933 2953
2953 2933 2944
2934 2953 2944
2934 2928 2931
2934 2931 2953
2947 2946 2948
2943 2908 2911
2940 2943 2951
2954 2944 2951
2934 2944 2954
2943 2911 2954
2934 2954 2906
2954 2911 2906
2937 2940 2951
2944 2932 2951
2934 2906 2899
2955 2952 2931
2955 2931 2930
2931 2952 2953
2951 2943 2954
2932 2950 2951
2932 2924 2950
2941 2946 2927
2956 2957 2958
2957 2956 2959
2957 2959 2960
2961 2956 2958
2962 2961 2963
2958 2963 2961
2964 2965 2966
2966 2967 2968
2966 2968 2964
2969 2965 2964
2970 2971 2969
2965 2969 2971
2972 2973 2974
2973 2975 2976
2973 2976 2977
2977 2974 2973
2978 2979 2980
2981 2982 2983
2983 2978 2984
2985 2986 2987
2985 2987 2988
2989 2990 2991
2989 2991 2992
2993 2994 2995
2993 2995 2996
2995 2990 2989
2995 2989 2996
2997 2998 2999
2996 2989 3000
2996 3000 3001
3002 3003 3004
3005 3004 3003
3005 3003 3006
3007 2983 3008
2981 3009 3010
3011 3012 3013
3011 3013 3005
3014 2984 2980
2999 2998 3015
3004 3005 3013
2993 2986 2994
3016 2993 2996
3016 2996 3001
3016 2987 2993
2992 3017 3000
2992 3000 2989
2983 3018 3008
3018 3019 3008
3018 3014 3020
3008 2997 3007
3008 3019 2997
3007 2981 2983
2980 3021 3014
3022 3002 3019
3022 3019 3020
2998 3002 3004
3019 3002 2998
3023 2981 3010
2982 2981 3023
2982 3023 3024
2982 3024 3025
2982 3025 2978
3025 2979 2978
2980 2979 2976
2980 2976 2975
2978 2980 2984
3026 3023 3010
3022 3003 3002
2975 3021 2980
3018 2984 3014
2987 2986 2993
3013 3027 3015
3013 3015 3004
3015 2998 3004
3012 3027 3013
3020 3019 3018
3009 2997 2999
2997 3019 2998
2982 2978 2983
3007 3009 2981
3007 2997 3009
2984 3018 2983
3028 3029 3000
3028 3000 3017
2987 3030 3031
2987 3031 2988
3031 3032 3033
3034 3030 3016
3034 3016 3035
2975 3036 3037
3038 3039 3040
3038 3040 3034
3041 2973 2972
3042 3043 3044
3045 3044 3043
3038 3034 3035
3038 3035 3046
3035 3047 3048
3035 3048 3046
3047 3035 3016
3047 3016 3001
3029 3047 3001
3029 3001 3000
3049 3029 3028
3049 3028 3050
3051 3037 3036
3036 2975 2973
3036 3044 3051
3052 3053 3051
3048 3047 3029
3048 3029 3049
3054 3051 3053
3045 3043 3032
3045 3032 3055
3055 3032 3040
3055 3040 3039
3056 3057 3058
3059 3060 3003
3031 3030 3034
3031 3034 3040
3061 3056 3058
3033 3032 3043
3033 3043 3041
2988 3033 3062
3041 2972 3062
3041 3062 3033
3059 3022 3063
3064 3065 3066
3059 3063 3056
3067 3014 3068
3042 3036 2973
3044 3052 3051
3064 3057 3068
3068 3054 3064
2975 3037 3021
3054 3053 3065
3064 3054 3065
3058 3064 3066
3069 3059 3056
3063 3067 3057
3066 3061 3058
3021 3068 3014
3056 3063 3057
3057 3067 3068
3058 3057 3064
3031 3033 2988
3040 3032 3031
3030 2987 3016
3020 3063 3022
3014 3067 3020
3021 3037 3068
3020 3067 3063
3003 3022 3059
3070 3006 3060
3061 3069 3056
3069 3071 3070
3072 3071 3069
3072 3069 3061
3070 3060 3069
3037 3054 3068
3069 3060 3059
3042 2973 3041
3041 3043 3042
3042 3044 3036
3054 3037 3051
3052 3044 3045
3073 3074 3052
3073 3052 3045
3071 3072 3075
3049 3050 3076
3049 3076 3077
3075 3072 3078
3079 3039 3080
3065 3053 3081
3072 3061 3078
3066 3065 3082
3039 3038 3080
3061 3066 3082
3061 3082 3078
3055 3039 3079
3074 3081 3053
3074 3053 3052
3082 3065 3081
3038 3046 3083
3038 3083 3080
3084 3048 3049
3084 3049 3077
3084 3083 3046
3084 3046 3048
3079 3073 3045
3079 3045 3055
3060 3006 3003
3085 3086 3087
3088 3089 3090
3091 3092 3093
3094 3095 3093
3094 3093 3092
3096 3097 3098
3096 3098 3094
3087 3095 3094
3099 3100 3101
3099 3101 3102
3097 3096 3103
3104 3105 3106
3107 3108 3109
3107 3109 3110
3095 3087 3111
3094 3098 3087
3111 3104 3106
3111 3106 3095
3087 3086 3111
3112 3113 3089
3112 3089 3088
3114 3087 3115
3116 3090 3089
3117 3118 3085
3117 3085 3087
3119 3120 3121
3120 3122 3123
3120 3123 3121
3098 3097 3124
3098 3124 3123
3087 3123 3122
3125 3126 3127
3125 3127 3128
3097 3103 3124
3129 3130 3131
3122 3132 3087
3123 3087 3098
3132 3122 3130
3132 3130 3129
3087 3132 3115
3133 3116 3089
3133 3089 3134
3135 3136 3137
3135 3137 3138
3074 3139 3140
3074 3140 3081
3138 3137 3141
3138 3141 3142
3143 3075 3078
3143 3078 3144
3145 3146 3147
3145 3147 3148
3145 3148 3149
3145 3149 3150
3150 3149 3151
3150 3151 3152
3153 3139 3074
3153 3074 3073
3148 3147 3139
3148 3139 3153
3141 3151 3154
3141 3154 3142
3152 3151 3141
3152 3141 3155
3136 3156 3157
3136 3157 3137
3158 3159 3160
3158 3160 3161
3159 3162 3163
3159 3163 3160
3164 3158 3161
3164 3161 3165
3084 3142 3154
3084 3154 3083
3143 3144 3158
3143 3158 3164
3147 3162 3140
3147 3140 3139
3082 3081 3140
3082 3140 3166
3159 3158 3144
3159 3144 3166
3083 3154 3167
3083 3167 3080
3165 3161 3168
3165 3168 3169
3170 3171 3172
3170 3172 3173
3174 3175 3176
3174 3177 3178
3174 3178 3179
3173 3179 3178
3173 3178 3170
3161 3160 3177
3161 3177 3168
3171 3170 3146
3171 3146 3145
3170 3178 3163
3170 3163 3146
3160 3163 3178
3160 3178 3177
3176 3175 3180
3181 3110 3109
3182 3183 3184
3185 3186 3187
3185 3187 3188
3189 3184 3190
3189 3190 3191
3192 3089 3113
3192 3113 3193
3194 3109 3195
3194 3195 3196
3197 3198 3199
3197 3199 3182
3179 3127 3101
3179 3101 3174
3172 3198 3128
3172 3128 3173
3127 3179 3173
3127 3173 3128
3101 3100 3175
3101 3175 3174
3200 3201 3202
3203 3204 3205
3191 3206 3201
3191 3201 3200
3203 3207 3204
3208 3209 3210
3208 3210 3211
3212 3213 3214
3212 3214 3215
3216 3217 3218
3196 3195 3214
3196 3214 3219
3200 3107 3110
3220 3207 3203
3220 3203 3221
3222 3223 3196
3222 3196 3219
3224 3202 3209
3224 3209 3208
3210 3209 3225
3210 3225 3226
3108 3107 3224
3108 3224 3215
3227 3228 3229
3227 3229 3230
3221 3201 3206
3221 3206 3220
3216 3212 3231
3216 3231 3217
3213 3232 3230
3213 3230 3229
3213 3229 3219
3213 3219 3214
3213 3212 3216
3213 3216 3232
3208 3211 3233
3208 3233 3212
3202 3224 3107
3202 3107 3200
3212 3215 3224
3212 3224 3208
3228 3222 3219
3228 3219 3229
3195 3108 3215
3195 3215 3214
3234 3235 3236
3234 3236 3237
3195 3109 3108
3194 3196 3223
3194 3223 3238
3230 3218 3227
3230 3232 3218
3232 3216 3218
3209 3202 3201
3209 3201 3221
3239 3231 3212
3239 3212 3233
3205 3225 3209
3205 3209 3203
3221 3203 3209
3240 3211 3210
3240 3210 3226
3240 3239 3233
3211 3240 3233
3241 3169 3180
3169 3168 3180
3168 3176 3180
3176 3168 3177
3176 3177 3174
3242 3157 3156
3242 3156 3243
3172 3171 3244
3172 3244 3245
3246 3247 3248
3246 3249 3250
3246 3250 3251
3245 3244 3250
3245 3250 3249
3157 3242 3251
3157 3251 3155
3150 3244 3171
3150 3171 3145
3152 3250 3244
3152 3244 3150
3250 3152 3155
3250 3155 3251
3247 3252 3248
3253 3254 3255
3253 3255 3234
3117 3087 3114
3117 3114 3256
3197 3125 3128
3197 3128 3198
3186 3257 3258
3186 3258 3187
3237 3259 3260
3237 3260 3184
3192 3261 3134
3192 3134 3089
3182 3199 3258
3182 3258 3257
3249 3246 3187
3249 3187 3258
3172 3245 3199
3172 3199 3198
3258 3199 3245
3258 3245 3249
3248 3188 3187
3248 3187 3246
3190 3262 3263
3264 3265 3204
3263 3206 3191
3263 3191 3190
3264 3204 3207
3266 3267 3268
3266 3268 3269
3270 3271 3272
3270 3272 3273
3274 3275 3276
3270 3236 3235
3270 3235 3277
3264 3207 3220
3264 3220 3278
3235 3279 3280
3235 3280 3277
3269 3262 3281
3269 3281 3266
3282 3269 3268
3282 3268 3283
3259 3273 3281
3259 3281 3260
3284 3285 3286
3284 3286 3287
3206 3263 3278
3206 3278 3220
3274 3276 3288
3274 3288 3272
3271 3284 3287
3271 3287 3289
3277 3284 3271
3277 3271 3270
3271 3289 3274
3271 3274 3272
3290 3267 3266
3290 3266 3272
3281 3262 3190
3281 3190 3260
3272 3266 3281
3272 3281 3273
3285 3284 3277
3285 3277 3280
3236 3270 3273
3236 3273 3259
3234 3255 3279
3234 3279 3235
3236 3259 3237
3184 3260 3190
3287 3286 3275
3287 3275 3289
3289 3275 3274
3263 3262 3269
3263 3269 3278
3291 3290 3272
3291 3272 3288
3265 3264 3269
3265 3269 3282
3278 3269 3264
3292 3268 3267
3292 3283 3268
3292 3290 3291
3267 3290 3292
3293 3252 3243
3243 3252 3242
3242 3252 3247
3247 3246 3251
3247 3251 3242
3186 3185 3254
3186 3254 3253
3186 3253 3183
3186 3183 3257
3102 3126 3181
3102 3181 3294
3117 3256 3295
3117 3295 3296
3193 3297 3296
3193 3296 3192
3102 3294 3298
3102 3298 3099
3125 3181 3126
3200 3110 3189
3200 3189 3191
3253 3234 3237
3253 3237 3183
3298 3294 3194
3298 3194 3238
3294 3181 3109
3294 3109 3194
3182 3184 3189
3182 3189 3197
3297 3118 3117
3297 3117 3296
3296 3295 3261
3296 3261 3192
3153 3073 3079
3153 3079 3299
3148 3153 3299
3148 3299 3149
3079 3080 3167
3079 3167 3299
3146 3163 3162
3146 3162 3147
3076 3135 3138
3076 3138 3077
3137 3157 3155
3137 3155 3141
3084 3077 3138
3084 3138 3142
3149 3167 3151
3078 3082 3166
3078 3166 3144
3102 3101 3127
3102 3127 3126
3299 3167 3149
3166 3140 3162
3166 3162 3159
3167 3154 3151
3125 3197 3189
3125 3189 3110
3257 3183 3182
3237 3184 3183
3125 3110 3181
3025 3300 3301
3025 3301 2979
2979 3301 3302
2979 3302 2976
3023 3303 3304
3023 3304 3024
3024 3304 3300
3024 3300 3025
3026 3305 3303
2976 3302 2977
3026 3303 3023
3306 3307 3308
3308 3309 3310
3308 3310 3311
3309 3308 3307
3312 3313 3314
3315 3316 3317
3316 3318 3312
3319 3320 3321
3319 3321 3322
3323 3324 3325
3323 3325 3326
3327 3328 3329
3327 3329 3330
3329 3328 3323
3329 3323 3326
3331 3332 3333
3328 3334 3335
3328 3335 3323
3336 3337 3338
3339 3340 3338
3339 3338 3337
3341 3342 3316
3315 3343 3344
3345 3339 3346
3345 3346 3347
3348 3313 3318
3332 3349 3333
3337 3346 3339
3327 3330 3322
3350 3334 3328
3350 3328 3327
3350 3327 3321
3324 3323 3335
3324 3335 3351
3316 3342 3352
3352 3342 3353
3352 3354 3348
3342 3341 3331
3342 3331 3353
3341 3316 3315
3313 3348 3355
3356 3354 3353
3356 3353 3336
3333 3337 3336
3353 3333 3336
3357 3343 3315
3317 3358 3357
3317 3357 3315
3317 3312 3359
3317 3359 3358
3359 3312 3314
3313 3311 3310
3313 3310 3314
3312 3318 3313
3360 3343 3357
3356 3336 3338
3311 3313 3355
3352 3348 3318
3321 3327 3322
3346 3349 3361
3346 3337 3349
3349 3337 3333
3347 3346 3361
3354 3352 3353
3344 3332 3331
3331 3333 3353
3317 3316 3312
3341 3315 3344
3341 3344 3331
3318 3316 3352
3362 3351 3335
3362 3335 3363
3321 3320 3364
3321 3364 3365
3364 3366 3367
3368 3369 3350
3368 3350 3365
3311 3370 3371
3372 3368 3373
3372 3373 3374
3375 3306 3308
3376 3377 3378
3379 3378 3377
3372 3380 3369
3372 3369 3368
3369 3380 3381
3369 3381 3382
3382 3334 3350
3382 3350 3369
3363 3335 3334
3363 3334 3382
3383 3384 3362
3383 3362 3363
3385 3371 3370
3371 3308 3311
3371 3385 3377
3386 3385 3387
3381 3383 3363
3381 3363 3382
3388 3387 3385
3379 3389 3367
3379 3367 3378
3389 3374 3373
3389 3373 3367
3390 3391 3392
3393 3338 3394
3364 3373 3368
3364 3368 3365
3395 3391 3390
3366 3375 3378
3366 3378 3367
3320 3396 3366
3375 3366 3396
3375 3396 3306
3393 3397 3356
3398 3399 3400
3393 3390 3397
3401 3402 3348
3376 3308 3371
3377 3385 3386
3398 3402 3392
3402 3398 3388
3311 3355 3370
3388 3400 3387
3398 3400 3388
3391 3399 3398
3403 3390 3393
3397 3392 3401
3399 3391 3395
3355 3348 3402
3390 3392 3397
3392 3402 3401
3391 3398 3392
3364 3320 3366
3373 3364 3367
3365 3350 3321
3354 3356 3397
3348 3354 3401
3355 3402 3370
3354 3397 3401
3338 3393 3356
3404 3394 3340
3395 3390 3403
3403 3404 3405
3406 3403 3405
3406 3395 3403
3404 3403 3394
3370 3402 3388
3403 3393 3394
3376 3375 3308
3375 3376 3378
3376 3371 3377
3388 3385 3370
3386 3379 3377
3407 3379 3386
3407 3386 3408
3405 3409 3406
3383 3410 3411
3383 3411 3384
3409 3412 3406
3413 3414 3374
3400 3415 3387
3406 3412 3395
3399 3416 3400
3374 3414 3372
3395 3412 3416
3395 3416 3399
3389 3413 3374
3408 3386 3387
3408 3387 3415
3416 3415 3400
3372 3414 3417
3372 3417 3380
3418 3410 3383
3418 3383 3381
3418 3381 3380
3418 3380 3417
3413 3389 3379
3413 3379 3407
3394 3338 3340
3419 3420 3421
3422 3423 3424
3425 3426 3427
3428 3427 3426
3428 3426 3429
3430 3428 3431
3430 3431 3432
3420 3428 3429
3433 3434 3435
3433 3435 3436
3432 3437 3430
3438 3439 3440
3441 3442 3443
3441 3443 3444
3429 3445 3420
3428 3420 3431
3445 3429 3439
3445 3439 3438
3420 3445 3421
3446 3422 3424
3446 3424 3447
3448 3449 3420
3450 3424 3423
3451 3420 3419
3451 3419 3452
3453 3454 3455
3455 3454 3456
3455 3456 3457
3431 3456 3458
3431 3458 3432
3420 3457 3456
3459 3460 3461
3459 3461 3462
3432 3458 3437
3463 3464 3465
3457 3420 3466
3456 3431 3420
3466 3463 3465
3466 3465 3457
3420 3449 3466
3467 3468 3424
3467 3424 3450
3469 3470 3471
3469 3471 3472
3473 3474 3408
3473 3408 3415
3470 3475 3476
3470 3476 3471
3412 3409 3477
3412 3477 3478
3479 3480 3481
3479 3481 3482
3479 3483 3484
3479 3484 3480
3483 3485 3486
3483 3486 3484
3487 3407 3408
3487 3408 3474
3480 3487 3474
3480 3474 3481
3476 3475 3488
3476 3488 3486
3485 3489 3476
3485 3476 3486
3472 3471 3490
3472 3490 3491
3492 3493 3494
3492 3494 3495
3495 3494 3496
3495 3496 3497
3498 3499 3493
3498 3493 3492
3418 3417 3488
3418 3488 3475
3477 3498 3492
3477 3492 3478
3481 3474 3473
3481 3473 3497
3416 3500 3473
3416 3473 3415
3495 3500 3478
3495 3478 3492
3417 3414 3501
3417 3501 3488
3499 3502 3503
3499 3503 3493
3504 3505 3506
3504 3506 3507
3508 3509 3510
3508 3511 3512
3508 3512 3513
3505 3504 3512
3505 3512 3511
3493 3503 3513
3493 3513 3494
3507 3479 3482
3507 3482 3504
3504 3482 3496
3504 3496 3512
3494 3513 3512
3494 3512 3496
3509 3514 3510
3515 3443 3442
3516 3517 3518
3519 3520 3521
3519 3521 3522
3523 3524 3525
3523 3525 3517
3526 3527 3447
3526 3447 3424
3528 3529 3530
3528 3530 3443
3531 3516 3532
3531 3532 3533
3511 3508 3435
3511 3435 3461
3506 3505 3460
3506 3460 3533
3461 3460 3505
3461 3505 3511
3435 3508 3510
3435 3510 3436
3534 3535 3536
3537 3538 3539
3524 3534 3536
3524 3536 3540
3537 3539 3541
3542 3543 3544
3542 3544 3545
3546 3547 3548
3546 3548 3549
3550 3551 3552
3529 3553 3548
3529 3548 3530
3534 3442 3441
3554 3555 3537
3554 3537 3541
3556 3553 3529
3556 3529 3557
3558 3542 3545
3558 3545 3535
3544 3559 3560
3544 3560 3545
3444 3547 3558
3444 3558 3441
3561 3562 3563
3561 3563 3564
3555 3554 3540
3555 3540 3536
3550 3552 3565
3550 3565 3546
3549 3563 3562
3549 3562 3566
3549 3548 3553
3549 3553 3563
3549 3566 3550
3549 3550 3546
3542 3546 3567
3542 3567 3543
3535 3534 3441
3535 3441 3558
3546 3542 3558
3546 3558 3547
3564 3563 3553
3564 3553 3556
3530 3548 3547
3530 3547 3444
3568 3569 3570
3568 3570 3571
3530 3444 3443
3528 3572 3557
3528 3557 3529
3562 3561 3551
3562 3551 3566
3566 3551 3550
3545 3555 3536
3545 3536 3535
3573 3567 3546
3573 3546 3565
3538 3537 3545
3538 3545 3560
3555 3545 3537
3574 3544 3543
3574 3559 3544
3574 3567 3573
3543 3567 3574
3575 3514 3502
3502 3514 3503
3503 3514 3509
3509 3508 3513
3509 3513 3503
3576 3577 3491
3576 3491 3490
3506 3578 3579
3506 3579 3507
3580 3581 3582
3580 3583 3584
3580 3584 3585
3578 3585 3584
3578 3584 3579
3490 3489 3583
3490 3583 3576
3483 3479 3507
3483 3507 3579
3485 3483 3579
3485 3579 3584
3584 3583 3489
3584 3489 3485
3582 3581 3586
3587 3568 3588
3587 3588 3589
3451 3590 3448
3451 3448 3420
3531 3533 3460
3531 3460 3459
3522 3521 3591
3522 3591 3592
3569 3517 3593
3569 3593 3594
3526 3424 3468
3526 3468 3595
3516 3592 3591
3516 3591 3532
3585 3591 3521
3585 3521 3580
3506 3533 3532
3506 3532 3578
3591 3585 3578
3591 3578 3532
3581 3580 3521
3581 3521 3520
3525 3596 3597
3598 3539 3599
3596 3525 3524
3596 3524 3540
3598 3541 3539
3600 3601 3602
3600 3602 3603
3604 3605 3606
3604 3606 3607
3608 3609 3610
3604 3611 3571
3604 3571 3570
3598 3612 3554
3598 3554 3541
3571 3611 3613
3571 3613 3614
3601 3600 3615
3601 3615 3597
3616 3617 3602
3616 3602 3601
3594 3593 3615
3594 3615 3605
3618 3619 3620
3618 3620 3621
3540 3554 3612
3540 3612 3596
3608 3606 3622
3608 3622 3609
3607 3623 3619
3607 3619 3618
3611 3604 3607
3611 3607 3618
3607 3606 3608
3607 3608 3623
3624 3606 3600
3624 3600 3603
3615 3593 3525
3615 3525 3597
3606 3605 3615
3606 3615 3600
3621 3613 3611
3621 3611 3618
3570 3594 3605
3570 3605 3604
3568 3571 3614
3568 3614 3588
3570 3569 3594
3517 3525 3593
3619 3610 3620
3619 3623 3610
3623 3608 3610
3596 3612 3601
3596 3601 3597
3625 3622 3606
3625 3606 3624
3599 3616 3601
3599 3601 3598
3612 3598 3601
3626 3603 3602
3626 3602 3617
3626 3625 3624
3603 3626 3624
3627 3577 3586
3577 3576 3586
3576 3582 3586
3582 3576 3583
3582 3583 3580
3522 3587 3589
3522 3589 3519
3522 3592 3518
3522 3518 3587
3434 3628 3515
3434 3515 3462
3451 3629 3630
3451 3630 3590
3527 3526 3629
3527 3629 3631
3434 3433 3632
3434 3632 3628
3459 3462 3515
3534 3524 3523
3534 3523 3442
3587 3518 3569
3587 3569 3568
3632 3572 3528
3632 3528 3628
3628 3528 3443
3628 3443 3515
3516 3531 3523
3516 3523 3517
3631 3629 3451
3631 3451 3452
3629 3526 3595
3629 3595 3630
3487 3633 3413
3487 3413 3407
3480 3484 3633
3480 3633 3487
3501 3414 3413
3501 3413 3633
3482 3481 3497
3482 3497 3496
3411 3410 3470
3411 3470 3469
3471 3476 3489
3471 3489 3490
3418 3475 3470
3418 3470 3410
3484 3486 3501
3412 3478 3500
3412 3500 3416
3434 3462 3461
3434 3461 3435
3633 3484 3501
3500 3495 3497
3500 3497 3473
3501 3486 3488
3459 3442 3523
3459 3523 3531
3592 3516 3518
3569 3518 3517
3459 3515 3442
3359 3314 3634
3359 3634 3635
3314 3310 3636
3314 3636 3634
3357 3358 3637
3357 3637 3638
3358 3359 3635
3358 3635 3637
3360 3638 3639
3310 3309 3636
3360 3357 3638
3640 3641 3642
3640 3642 3643
3644 3645 3646
3642 3641 3647
3642 3647 3648
3649 3644 3650
3649 3650 3651
3651 3650 3652
3651 3652 3653
3653 3652 3648
3653 3648 3647
3647 3654 3655
3647 3655 3653
3640 3656 3657
3640 3657 3641
3658 3651 3653
3658 3653 3655
3659 3645 3649
3659 3649 3660
3649 3651 3658
3649 3658 3660
3654 3647 3641
3654 3641 3657
3661 3662 3663
3646 3662 3661
3663 3664 3665
3665 3666 3667
3665 3667 3668
3669 3670 3668
3669 3668 3667
3671 3664 3662
3671 3662 3672
3673 3666 3664
3673 3664 3671
3674 3669 3667
3674 3667 3675
3662 3645 3659
3662 3659 3672
3676 3669 3674
3666 3673 3675
3666 3675 3667
3649 3645 3644
3645 3662 3646
3677 3654 3657
3678 3675 3673
3679 3658 3655
3680 3671 3672
3681 3659 3660
3677 3679 3655
3654 3677 3655
3680 3678 3673
3671 3680 3673
3681 3680 3672
3659 3681 3672
3679 3681 3660
3658 3679 3660
3682 3677 3657
3656 3682 3657
3683 3684 3674
3675 3678 3674
3670 3669 3676
3662 3664 3663
3664 3666 3665
3684 3676 3674
3678 3683 3674
3685 3686 3687
3685 3687 3688
3689 3690 3691
3687 3692 3693
3687 3693 3688
3694 3695 3696
3694 3696 3689
3695 3697 3698
3695 3698 3696
3697 3693 3692
3697 3692 3698
3693 3697 3699
3693 3699 3700
3685 3688 3701
3685 3701 3702
3703 3699 3697
3703 3697 3695
3704 3705 3694
3704 3694 3691
3694 3705 3703
3694 3703 3695
3700 3701 3688
3700 3688 3693
3706 3707 3708
3690 3706 3708
3707 3709 3710
3709 3711 3712
3709 3712 3713
3714 3712 3711
3714 3711 3715
3716 3717 3708
3716 3708 3710
3718 3716 3710
3718 3710 3713
3719 3720 3712
3719 3712 3714
3708 3717 3704
3708 3704 3691
3721 3719 3714
3713 3712 3720
3713 3720 3718
3694 3689 3691
3691 3690 3708
3722 3701 3700
3723 3718 3720
3724 3699 3703
3725 3717 3716
3726 3705 3704
3722 3699 3724
3700 3699 3722
3725 3718 3723
3716 3718 3725
3726 3717 3725
3704 3717 3726
3724 3705 3726
3703 3705 3724
3727 3701 3722
3702 3701 3727
3728 3719 3729
3720 3719 3723
3715 3721 3714
3708 3707 3710
3710 3709 3713
3729 3719 3721
3723 3719 3728
3730 3731 3732
3730 3732 3733
3734 3735 3736
3737 3738 3739
3737 3739 3740
3741 3742 3743
3741 3743 3744
3744 3745 3746
3744 3746 3741
3747 3748 3749
3743 3750 3751
3752 3737 3740
3752 3740 3753
3754 3755 3756
3754 3756 3757
3757 3756 3746
3757 3746 3745
3758 3759 3760
3758 3760 3761
3762 3763 3752
3762 3752 3753
3755 3754 3758
3755 3758 3761
3764 3742 3765
3750 3764 3734
3766 3741 3746
3741 3766 3765
3741 3765 3742
3731 3730 3734
3731 3734 3767
3736 3735 3768
3769 3770 3735
3769 3735 3771
3772 3769 3771
3772 3771 3773
3742 3764 3750
3730 3771 3735
3730 3735 3734
3774 3775 3776
3777 3778 3779
3777 3779 3780
3781 3778 3777
3781 3777 3782
3777 3760 3783
3777 3783 3782
3782 3784 3785
3786 3779 3787
3777 3780 3761
3777 3761 3760
3780 3786 3788
3761 3788 3789
3783 3760 3759
3783 3759 3762
3756 3790 3746
3791 3790 3756
3791 3756 3755
3780 3779 3786
3780 3788 3761
3761 3789 3755
3789 3791 3755
3762 3753 3792
3763 3762 3759
3773 3771 3730
3773 3730 3733
3740 3793 3753
3785 3781 3782
3793 3739 3776
3794 3795 3769
3794 3769 3772
3795 3796 3770
3795 3770 3769
3775 3797 3770
3775 3770 3796
3747 3736 3768
3734 3736 3750
3784 3783 3798
3799 3800 3801
3801 3795 3799
3795 3794 3799
3795 3801 3802
3795 3802 3796
3796 3802 3803
3796 3803 3775
3792 3804 3805
3792 3805 3798
3775 3803 3806
3775 3806 3776
3807 3808 3809
3784 3810 3808
3784 3808 3785
3776 3806 3811
3776 3811 3793
3798 3805 3810
3798 3810 3784
3793 3811 3804
3793 3804 3792
3785 3808 3807
3812 3813 3814
3812 3814 3815
3751 3813 3812
3751 3812 3816
3737 3817 3818
3737 3818 3738
3819 3820 3744
3819 3744 3743
3745 3744 3820
3745 3820 3821
3818 3815 3814
3818 3814 3738
3751 3816 3819
3751 3819 3743
3822 3823 3763
3822 3763 3759
3822 3759 3758
3822 3758 3824
3817 3737 3752
3817 3752 3825
3757 3826 3827
3757 3827 3754
3821 3826 3757
3821 3757 3745
3825 3752 3763
3825 3763 3823
3758 3754 3827
3758 3827 3824
3798 3762 3792
3738 3814 3749
3738 3749 3739
3748 3774 3749
3782 3783 3784
3734 3764 3767
3807 3781 3785
3753 3793 3792
3814 3747 3749
3813 3747 3814
3751 3736 3813
3735 3770 3797
3735 3797 3768
3750 3736 3751
3742 3750 3743
3813 3736 3747
3739 3774 3776
3775 3774 3797
3749 3774 3739
3740 3739 3793
3783 3762 3798
3797 3774 3748
3768 3748 3747
3797 3748 3768
3828 3829 3830
3828 3830 3831
3832 3833 3834
3835 3836 3837
3835 3837 3838
3839 3840 3841
3839 3841 3842
3840 3839 3843
3840 3843 3844
3845 3846 3847
3841 3848 3849
3850 3851 3836
3850 3836 3835
3852 3853 3854
3852 3854 3855
3853 3844 3843
3853 3843 3854
3856 3857 3858
3856 3858 3859
3860 3851 3850
3860 3850 3861
3855 3857 3856
3855 3856 3852
3862 3863 3842
3849 3832 3862
3864 3843 3839
3839 3842 3863
3839 3863 3864
3831 3865 3832
3831 3832 3828
3833 3866 3834
3867 3868 3834
3867 3834 3869
3870 3871 3868
3870 3868 3867
3842 3849 3862
3828 3832 3834
3828 3834 3868
3872 3873 3874
3875 3876 3877
3875 3877 3878
3879 3880 3875
3879 3875 3878
3875 3880 3881
3875 3881 3858
3880 3882 3883
3884 3885 3877
3875 3858 3857
3875 3857 3876
3876 3886 3884
3857 3887 3886
3881 3860 3859
3881 3859 3858
3854 3843 3888
3889 3855 3854
3889 3854 3888
3876 3884 3877
3876 3857 3886
3857 3855 3887
3887 3855 3889
3860 3890 3851
3861 3859 3860
3871 3829 3828
3871 3828 3868
3836 3851 3891
3882 3880 3879
3891 3873 3837
3892 3870 3867
3892 3867 3893
3893 3867 3869
3893 3869 3894
3874 3894 3869
3874 3869 3895
3845 3866 3833
3832 3849 3833
3883 3896 3881
3897 3898 3899
3899 3893 3897
3899 3892 3893
3893 3894 3900
3893 3900 3897
3894 3874 3901
3894 3901 3900
3890 3896 3902
3890 3902 3903
3874 3873 3904
3874 3904 3901
3905 3906 3907
3883 3882 3907
3883 3907 3908
3873 3891 3909
3873 3909 3904
3896 3883 3908
3896 3908 3902
3891 3890 3903
3891 3903 3909
3882 3905 3907
3910 3911 3912
3910 3912 3913
3848 3914 3910
3848 3910 3913
3835 3838 3915
3835 3915 3916
3917 3841 3840
3917 3840 3918
3844 3919 3918
3844 3918 3840
3915 3838 3912
3915 3912 3911
3848 3841 3917
3848 3917 3914
3920 3859 3861
3920 3861 3921
3920 3922 3856
3920 3856 3859
3916 3923 3850
3916 3850 3835
3853 3852 3924
3853 3924 3925
3919 3844 3853
3919 3853 3925
3923 3921 3861
3923 3861 3850
3856 3922 3924
3856 3924 3852
3896 3890 3860
3838 3837 3846
3838 3846 3912
3847 3846 3872
3880 3883 3881
3832 3865 3862
3905 3882 3879
3851 3890 3891
3912 3846 3845
3913 3912 3845
3848 3913 3833
3834 3866 3895
3834 3895 3869
3849 3848 3833
3842 3841 3849
3913 3845 3833
3837 3873 3872
3874 3895 3872
3846 3837 3872
3836 3891 3837
3881 3896 3860
3895 3847 3872
3866 3845 3847
3895 3866 3847
3926 3927 3928
3926 3928 3929
3930 3931 3932
3932 3933 3934
3932 3934 3930
3933 3935 3934
3936 3937 3938
3936 3938 3939
3940 3941 3942
3940 3942 3943
3943 3939 3938
3943 3938 3940
3944 3945 3946
3944 3946 3947
3948 3949 3950
3948 3950 3951
3952 3953 3954
3955 3956 3957
3958 3959 3960
3958 3960 3961
3935 3962 3934
3930 3963 3931
3952 3954 3964
3965 3957 3956
3966 3931 3963
3967 3968 3969
3967 3969 3970
3971 3972 3973
3971 3973 3974
3962 3935 3975
3976 3929 3928
3976 3928 3977
3978 3979 3966
3979 3978 3980
3979 3980 3981
3981 3980 3975
3982 3983 3984
3982 3984 3985
3986 3987 3988
3986 3988 3989
3987 3986 3984
3987 3984 3983
3990 3991 3992
3990 3992 3993
3994 3995 3950
3994 3950 3949
3960 3996 3961
3959 3965 3956
3952 3955 3997
3952 3997 3953
3965 3959 3958
3975 3980 3962
3978 3966 3963
3960 3964 3996
3955 3957 3997
3996 3964 3954
